1074518754
202206694
224285242
278145569
278124059
21269970
15808765
5558312
1080870981877534720
43910797
21157904
117501995
193794406
109071031
249787913
171598736
1017500185356853248
19726613
15324851
13218102
811313565760163844
968650362
1048784496
600463589
1074480192
11651202
1058520120
247334603
2856787757
476256944
1071402577
72198806
432895323
10615232
1346873610875654147
946549322
2352629311
1099199839
1318728336923787264
92186819
382791093
983348251972816896
7270292
233737858
172858784
1324926274888888320
816683274076614656
1068481578
22044727
225921757
242836537
88784440
19318314
22831059
234374703
21406834
1336344005588738052
18695134
29201047
18632666
18061669
150078976
293131808
521747968
1351236267707654145
216881337
236511574
18915145
486694111
1096059529
1078693601356509184
818554054309715969
2955485182
15745368
29442313
2962923040
1262099252
17494010
131546062
217543151
109287731
21111098
1080844782
941000686275387392
76456274
2891210047
515822213
296361085
2964174789
221162525
1345739193721487362
18137749
7429102
1352287997853622273
970207298
242555999
264219447
250188760
234128524
2916086925
76452765
3018670151
2964287128
1078355119920562176
402719755
1080515866255593472
816284664658874368
1330278736554582016
1080865917377097728
2929491549
818975124460335106
1086316494450032640
1037341536592310272
816131319033950208
1089334250
816833925456789505
239949176
1531521632
1345788865911656454
950783972
815241612154417152
2962868158
1344260196227555334
816652616625168388
26051676
249410485
1176522535531360257
15954997
817050219007328258
1342989756611907584
558769636
2964877294
1343620645452595200
1344389506963808264
4304448314
19926675
237299871
823552974253342721
1456381091598700556
1243902714
20467163
2862577383
234812598
817138492614524928
1028854804087492613
15751083
1002630999052865536
1092979962
432676344
22545491
1344325638983987201
816157667882373120
1222257180
1457745193197780993
1341091420439015424
199325935
2973870195
18030431
1352760304271241218
776664410
1081350574589833221
1083472286089396224
1880674038
231510077
1344007696555663360
237750442
816719802328715264
1484252226646421505
193732179
462143773
2293131060
240812994
163570705
1072158357237174272
1039879658400112640
188019606
1357017361568694274
162069635
23124635
1274852794206388225
78445977
22523087
815985039485837312
245451804
85396297
1080222360643485698
233693291
1080894931311431682
816030424778543104
1080191866509901826
210926192
931614483050414080
1080516116395499522
742735530287304704
789244177
993153006
567508925
252249233
28599820
140519774
995193054
1080485692298444800
798973032362606600
2968007206
235312723
137794015
37094727
2970279814
153944899
1343968646050283522
39249305
240393970
815952318487298048
1366523868253458437
2914515430
1075517806551154689
249348006
817076257770835968
854715071116849157
90639372
1343258042704527362
1345135363761852416
806583915012046854
1344375287484723205
1004891731
816303263586914304
235190657
1075904377221722113
1080509366
16256269
1077121945
1343664721384398849
1078741899572240384
818948638890217473
815966620300480514
2966570782
88806753
1344349650447433729
1082427779583541248
1262531473057423361
1080587263132733442
234822928
1343679195034103808
22055226
1080891667308298240
2371339658
1343627416120532992
819744763020775425
1054381765224210432
818536152588238849
1345536897838436353
1029094268542099457
240760644
815310506596691968
161743731
2951574214
29766367
156333623
1080477288955826176
1344356576786866176
234057152
28602948
2976606250
1081243468327018496
1908143071
1080851152151953410
960962340
1345787285179162624
237763317
1082086081238102018
1067818539179024386
1344416719260016641
242926427
2975091705
33576489
843636970538618880
2953974395
31611298
1340783304304410625
811986281177772032
389840566
1052896620797460481
22012091
935033864
1071102246
233949261
63650107
80612021
1341903465610686464
1276232539510919168
1345103905869455361
815733290955112448
467823431
211530910
1074782372594413569
168502762
24745957
827279765287559171
1345883634046279681
18166778
976969338
1082311988926124036
581141508
2966765501
232992031
1136060761422405633
935368364
1339931490
3317799825
816298918468259841
1045110018
1058917562
1078771848882593793
1344677401465397249
112740986
219429281
1081240074946252801
814179031956488192
1058717720
816012124505931780
3686482216
1069124515
984456621417000960
584012853
18909919
404132211
50452197
15394954
1345850704800468993
2863006655
818472418620608512
248735463
1079061579973439488
1345147845926670337
996094929733652481
1382395679700439041
1080277407867772930
1072134139560620033
3044993235
267938462
1444015610
2914163523
1055730738
242772524
1849261916
1080292515939565568
310310133
1343597700542038017
1080898026418384897
1344750588026900481
258900199
1072467470
1345825008887721986
1337115670161608712
975200486
814103950404239360
38254095
1082380458976051202
19739126
26424123
1344032292432437248
50152441
516880804
816181091673448448
242426145
27676828
240427862
385429543
22812754
1334164871420796928
1051127714
1080574793630527505
1276209702322438148
1345807954604412929
1081318716573470720
1343656635907125250
2696643955
2964526557
1339006078688825344
1337452596093587462
22669526
1064595993222615040
1346205046036377601
1060370282
1173978070535024642
796183515998068736
40302336
161411080
442824717
1078749802765139968
1347318288850825217
2930635215
1343578440977494018
3122099613
880480631108644864
23600262
808416682972770304
272482466
1079104563280527364
1082334352711790593
1344481217685692416
299883942
31801993
2861616083
796736612554117120
1067748650485497862
74508260
1155335864
15764644
1082369392229400576
20552026
18773159
1135486501
1341120751399809026
1061310112013434882
14984637
2724095695
1206227149
1081222837459996672
25086658
1080584229510172678
155669457
56864092
3026622545
806906355214852096
4205133682
2970462034
1058345042
17976923
550401754
33977070
1081312310059253763
1344751420139040783
1348683154815655940
834069080
1082790600292925440
479872233
1089859058
305620929
305216911
828977216595849216
13491312
926446070812602371
1325928411689349120
346509049
312134473
364415553
1209417007
1067541214671577093
24195214
29501253
1071840474
20545793
1080462532815532032
229197216
234797704
168673083
161791703
24735461
381152398
30216513
1080569698536878081
76132891
18696134
1078401427347857408
58928690
296245061
1623308912
41417564
818713465653051392
1078771401497161728
1344845201479663621
24913074
1404519992582942724
1080885078425784320
1075830599007510535
1343740146630451200
2962813893
1075205691621720064
1083125649609506816
1076161611033968640
1072008757
1343646545955213312
816705409486618624
942156122
1037321378
1075040139351597056
756285384
82453460
18967498
303861808
1267841066335682562
1079770852302958592
122174004
1079769536730140672
84119348
236279233
1276403757224546304
1079802482640019456
1080573351914061825
51228911
1080539438508400642
124224165
1128514404
1339633259349745670
1260172386
1074129612
164369297
1051446626
237862972
1065995022
833673914
1140648348
36686040
2968451607
1058051748
281540744
1410590874
518644221
2852998461
1017819745880543238
1069636653353000962
1345461797361504259
1077446982
234014087
254082173
15356407
234469322
384913290
2750127259
