1534234522232946688
1533941294996901894
1533941288160088064
1533908194048843777
1533849684900552704
1533301909104254978
1533183055296225280
1533117373724729344
1532827462412800000
1532514046498439182
1532513934468579335
1532498043005595648
1532458531353509918
1532428080697987084
1532422931455741952
1532407663602147328
1532398641524228096
1532395909656498177
1532394667425288192
1532036500484788225
1531999255304359946
1531999114900258817
1531987765163868165
1531987694079078400
1531987560775528453
1531987358014480392
1531740671538782209
1531740556673658880
1531740451388149760
1531725199577518080
1531710635955957760
1531685176270544898
1531646703773925376
1531627052599808002
1531273221080657920
1530550961915105280
1529865444873719809
1529565468301959171
1529233230771146752
1528841195727687680
1528063320045101056
1527745727652278273
1527665259913351171
1527460658668883995
1527424119230414861
1526949482327289856
1526647742449213443
1526568722227404800
1526566206081077248
1526556367628140547
1526320521087959041
1526299403077750794
1526194254892085250
1525908119188123649
1525114183842406400
1524861343043620864
1524860442706952193
1524849182628102150
1524794279742394368
1524746656134139905
1524513177534357504
1524461587616210944
1524402196451758080
1524206154703847425
1524188789085716488
1524026411316654080
1523293641858375680
1522603846404562945
1522327525464150019
1522286226623143937
1522224222550036483
1521891905096740867
1521851639992307737
1521638485203034112
1521270560965242880
1521240362001575943
1521134413836398594
1520770516537290752
1520440843710046209
1520179119048245249
1520151436763570176
1520124006124326913
1520045199652708355
1519434210737483776
1519088180774985728
1518966378102886400
1518741395632132102
1518694838740213761
1518631296603467782
1518330689334112256
1517573953329451013
1517493925681971201
1517171803671650307
1517161736809238535
1517144937497735170
1516912343690756097
1516874343292186624
1516845796289040385
1516431677177962512
1516406417829289984
1515686264715964419
1515074345084887044
1515065322281308165
1514974827181879299
1514756388035080208
1514705301005611011
1514680312235761675
1514306170890035200
1513999752018415618
1513610587745492999
1513570573930037250
1513162132413726721
1512875242183557125
1512189474066685955
1512156491511472133
1512150013610242053
1512101896718147590
1512052569123737601
1511830357137494018
1511802534452776960
1511783548801355777
1511758264396095491
1511687516637773831
1511687478842908679
1511482816982237191
1511363099756011522
1511361036976275465
1511059779929530373
1510717272742154245
1510038047227879427
1509964311401271302
1509942675478298629
1509931465123020801
1509639143323750402
1509622217293848580
1509525671005106178
1509272251002200069
1509253276537176064
1509231296614178821
1509189203933814785
1508824888513122305
1508792438961459200
1508476507710115843
1507417341671399428
1507385569256554500
1507024992608870400
1507008585179357207
1506722620615626761
1506402592120844291
1506371889802977286
1506356937075613704
1505937101610749955
1505903320153698309
1504932908015906822
1504915168551215109
1504891377833893891
1504854290837512198
1504572528118882307
1504554882270998531
1504530216668090373
1504202128633569292
1504171298037055492
1504146483406274562
1504102453834362880
1503751216236539905
1503496756742475790
1503385654905950213
1503108113569923072
1502044221007613955
1502044219866767373
1502044218646220801
1502044217484488708
1502044216343646212
1502044215081062405
1502044213944455168
1502044212530925568
1502044211373395976
1502044209150414851
1502010198101266441
1501926751542382592
1501763404708597760
1501687523415781376
1501668654685077508
1501627480528064513
1501606723827736581
1501354431257980931
1501330747273232390
1500992695065473025
1500965264283901956
1500949148119486468
1500897278416101381
1499868422041128964
1499826259219689482
1499754379062267906
1499179071682580482
1499152442516295686
1499106094907633669
1499106093561171968
1499106091984207872
1499106090470068226
1499034259759194116
1498867577786978306
1498778521245790213
1498759063320117249
1498476476395622402
1498412495568089105
1498342734238789633
1498324307306504198
1497618210006261761
1497309396392718337
1497226792700162051
1497023505480785929
1497023504356904962
1497023503043899399
1497023501915598855
1497023500778983434
1497023499608723457
1497023498392412160
1497023497184415749
1497023496039411724
1497023494671982592
1496633543908282369
1496605062264721419
1496568837814239235
1495805263579779073
1495080236182081542
1494753272305008641
1494726800747937796
1494456051495747586
1494408431708647424
1494348047492567045
1494343477743788040
1494343442754899975
1494318831766056969
1494318796445782016
1494318590270611459
1494318418174136321
1494318031987740674
1494068451656220678
1494016100962643970
1494016063188701185
1494005401808953344
1493660872681701377
1492279348459708416
1492210104028045322
1491880960333340677
1491859986489778181
1491858514867851275
1491849030984507397
1491848841657733121
1491787426821390342
