1534567430214885376
1534520521034964992
1532495056397127707
1532356411488882690
1532091637748334594
1531687693813415940
1531259883902885889
1530271007575101442
1529154925044936705
1529137659095961601
1529092284335153152
1527760465232814080
1527685689621504011
1527290260614414336
1527277471946936321
1526929705299062786
1526658292147183618
1526571768386883585
1524835380415057920
1524835223363538946
1524796898904879105
1524014014342254595
1522575386995044352
1522314941033766920
1521957903850262532
1521618361897132032
1521567250079174660
1521557920793702400
1519386320510099458
1517576921340682242
1517556908001054720
1517508584719986689
1517508519875989506
1509635107849711620
1509635106209771521
1509551633184833545
1509544337729855494
1509498183470231554
1508857200260833287
1508579762654130182
1508555285711015943
1508482641183621131
1506785393492078596
1506347546398105609
1506314395848167434
1506283573745266698
1505935333317304321
1504572771967320079
1504571354976301056
1504470125457465350
1504084529266532359
1503799786629218306
1503430760044376077
1502392203003453445
1502390540159143945
1502329419813244929
1501933371617730568
1501572244845346817
1501564746092498951
1501275162968313860
1501229350112296963
1500933232166113285
1500893629770047488
1499801467326279682
1499783852436463622
1499394490615934982
1499136019450535937
1499080654058889216
1499060445218541572
1499008757963100169
1498856366517149696
1498855509323038721
1498854497937936384
1498843682128154625
1498743259258146816
1498423269963309068
1498331330421137410
1497309660323405825
1496914403580690436
1496637765286608896
1496192713716383744
1495880700096040969
1494695193026732037
1494431642991136772
1494414838466068487
1494386456055451659
1494355692660133894
1494037638671740928
1493717492992253956
1493392085784961033
1492205225070977034
1491826887596904460
