1534622031299346434
1534618217401950208
1534601697464655873
1534592814595678209
1534575407449661442
1534547132325281792
1534546712013979650
1534524082422677504
1534520577695825921
1534225129965764609
1534190727076397056
1534168346513620992
1533884957298511872
1533833015994068992
1533797889218121728
1533434699565223936
1533298605594902529
1533144381645012992
1533143304992395265
1532806068618813441
1532792128702668800
1532790721564000256
1532755098371334145
1532736743862112259
1532722112993034240
1532436565200457729
1532403605860405255
1532402453416656899
1532368417981972481
1532082002106646530
1532011247654383616
1531986109000998913
1531762756495544325
1531727346092359686
1531636298812989442
1531626729445502976
1531374434421981189
1531281867747602434
1530897351421968386
1530578976170713088
1530556987808833538
1530250749539758081
1530229843643834368
1530193115079909378
1529927018372030464
1529871392803520513
1529823363941560321
1529815460056813570
1529523489295720448
1529511789129605120
1529503142890680320
1529503128634138625
1529482951087497217
1529475812038168577
1529243655466373126
1529186080397877249
1529146476479369218
1529139366873948160
1529123435145723906
1529048337143447553
1529046891090042882
1528771226285613057
1528729524854210562
1528397482161582081
1528359577066123267
1528340293279485953
1528340291614285824
1528340290003734530
1528340287994703872
1528340286497243136
1528337781101056000
1528077089030774784
1527760469255241729
1527738870187565057
1527702993243619330
1527690398512160769
1527668747129044992
1527667630252994566
1527665202136850432
1527638617010720768
1527481739236483088
1527401257152954368
1527384531128307718
1527362325128175616
1527340269905248256
1527339105499041806
1527333885159559168
1527292825007665152
1527290423307145221
1527037708941541376
1527013217322553345
1526978164483936257
1526946573770440706
1526919600536944645
1526649408422563841
1526630829081886720
1526624633981648898
1526598980632707073
1526569188445265920
1526556700333027331
1526369472642154497
1526367110489952256
1526367037328605192
1526346351809859588
1526307135193325568
1526303271954042881
1526301579103674370
1526298326492143629
1526288401003159555
1526281262318624776
1526252092003954688
1526236642792640512
1526226464860930049
1526188332203532288
1525964696406327296
1525929172174094336
1525881235842670593
1525815844890198016
1525609901472591873
1525530993226141696
1525249913453522946
1525198912839110656
1525163641577910275
1525160961182679045
1525157077513027587
1525139870196281344
1525138651436441602
1525114167463759874
1525108057528836098
1524831546590605313
1524831545290280967
1524821322567647232
1524821025023737856
1524794116382629890
1524767650894823425
1524755122798092288
1524753428483817474
1524742331861250048
1524739033301241856
1524492130076475394
1524485587893428228
1524442253862883333
1524419238705905665
1524413845963481090
1524390096639873024
1524183364625969152
1524153337964335105
1524133678691106817
1524133178251915265
1524109218831294464
1524094265571352579
1524036470591340544
1523692224860459009
1523652934013456384
1523379496585666560
1523377885720969216
1523291868053663745
1522927080656281600
1522674489187840002
1522589064045776898
1522313325761150979
1522303564999180293
1522277773280264192
1522272090476490754
1522258134638764035
1522255365068447749
1522231406818209792
1522230549020094464
1522201987932377088
1522006871158235136
1521898010820685824
1521886847269490689
1521845923759988736
1521604711476047873
1521597576482590722
1521566989826904068
1521556951896891394
1521490015477542919
1521195071881818113
1521183619494125568
1521155736532828160
1521155711337701377
1521155621474689025
1521111601482543106
1520745100854415361
1520520149291442177
1520520145810214913
1520516315936657408
1520402161217286145
1520118679572258816
1520088651497148416
1520032504304082947
1519853814987341824
1519837056322744326
1519786522857332751
1519736787765235712
1519732724264841217
1519732223963971585
1519711169770053632
1519678669987495937
1519673971993624576
1519424846572269568
1519420745692192768
1519419897893249025
1519412605407924224
1519396844740222977
1519380424660865024
1519377509674008576
1519335404801036291
1519335138022334464
1519315718914850816
1519305549917179905
1519068398340251651
1519026013891608582
1519006103706738689
1519006038149799937
1519003927357923328
1518964581179314176
1518676713441570818
1518619559024115712
1518616353858543619
1518577777901027330
1518242903985995778
1518215661113249792
1518027460042006532
1517941592149143555
1517914033386622976
1517595750443761664
1517567685328056320
1517560327369629696
1517543233781383170
1517509781203869702
1517237978594267138
1517221173859344386
1517191867284213760
1517191134564528130
1517191032693272583
1517185696401965057
1517157364574658560
1517139774028451848
1516879426415480833
1516839354290819075
1516811681439092736
1516776756446965760
1516432046377340936
1516404654980190209
1516201789388906496
1516167118731063303
1516113378745495561
1516084790981763081
1516040348279226372
1515677049952030720
1515676642487816194
1515447496889315331
1515389835862851588
1515108498325090306
1515080373889339400
1514965745574236163
1514674134260854785
1514656996821454848
1514634793287307264
1514607129595850755
1514598936400605188
1514327252120526853
1514327250610659339
1514289278800568325
1514286747861008387
1514277593402552322
1514268212652908549
1514262962013417478
1514256762349760527
1514235433831522304
1513981649226248204
1513939767553105928
1513939364455370755
1513938872526381056
1513934393974403082
1513890638416289797
1513875449511911442
1513646837412024325
1513557864513785858
1513538959334326281
1513507040085397511
1513243061102522371
1513241422744465412
1513124108791341056
1512826989178150915
1512767354387800067
1512500975357120512
1512468874616258567
1512449930417348611
1512426128274771972
1512424915659542531
1512165726408384515
1512135094168924168
1512133768919846917
1512102603181727751
1512062626553110532
1512060487130824708
1511782570467508225
1511777794887454722
1511758126416113670
1511737384366493701
1511709816238055424
1511694061052301312
1511692218846822404
1511676569303105539
1511479239069081605
1511458675755470860
1511403033292386322
1511361851199827968
1511347194858725380
1511346011515629571
1511335463902232579
1511335396281663493
1511334172916424711
1511099264113553417
1511098963373572098
1511091219778224132
1511091218574454789
1511083548953956358
1511080881481519114
1511050603073622018
1511022170633379845
1511011133137858569
1510967785970704390
1510747340579262465
1510739237460660233
1510608286034403334
1510402679331344389
1510358580372938754
1510276593989656581
1509979207715205127
1509916026326163473
1509912196087701507
1509890921994850308
1509888187778441223
1509886549722382337
1509630014597349376
1509626765584613380
1509625630542995465
1509609325178003458
1509609322971811844
1509590214083239939
1509590024114823168
1509556211083096072
1509548485372264454
1509548477730205700
1509540043886579715
1509531283013074945
1509519167543779335
1509338689138315272
1509338566509449216
1509338517364785157
1509277335614337026
1509272328970067972
1509272192411914240
1509264117365981190
1509230947060920321
1509230311045013504
1509230251683065858
1509227526366896131
1509227405910712322
1509225927514988555
1509189789408444419
1509171348714795023
1509171246763761670
1509170345005264899
1509157878522859521
1508915050496593926
1508894654254792712
1508869440213073922
1508860881911922695
1508813495902556160
1508562365884813325
1508546528780197889
1508496451135021065
1508490638840500231
1508481624278765576
1508434542566203400
1508225871894794250
1508063388869537792
1507909559591051267
1507858928943738880
1507786646128893961
1507722320235876352
1507425759719211038
1507405521845899275
1507405520591859719
1507405519375507462
1507380858663182341
1507360960490655746
1507349338825048066
1507348401406554112
1507106714511978498
1507088479494225936
1507086274469011460
1507083349944320006
1507078262110965765
1507056876298592256
1507041424252059652
1507030697994764294
1506985477013966849
1506983630291230722
1506798075549003781
1506697434432524293
1506697397484851203
1506691418164768782
1506683400152924165
1506681851590721546
1506678664406130688
1506675618125168649
1506672929383276544
1506648590512447494
1506639581655011345
1506617136558583812
1506584524796448768
1506447106306977797
1506443774163140610
1506434599928348675
1506433777421139976
1506433672135782412
1506433184518520840
1506391059764494339
1506370888001888256
1506363705881243648
1506357969872642066
1506327300228452358
1506326992228167691
1506296901947346945
1506293037651091457
1506265724892942338
1506265518600298501
1506028312510009354
1506016868934762497
1506014953093795844
1506006101459886086
1505988093379284992
1505986999177687048
1505986975999873031
1505986757686349836
1505986616703307777
1505969087054233607
1505953136934064131
1505939022136451076
1505916858700083207
1505890784280776704
1505731823049101313
1505514537323315204
1505249968059297796
1504999587555196933
1504892006534893574
1504876591641509900
1504868412954185745
1504837256321933312
1504833284160860164
1504832547972431873
1504820464992018443
1504512716106518533
1504507938450415616
1504506342328963080
1504505866195812359
1504467489589284873
1504450641703362566
1504449890251907077
1504440420566286344
1504230936723996674
1504230914691416069
1504221384439959553
1504215483033296900
1504195828956766214
1504182495163654155
1504154417389617160
1504118490692788230
1504110329730678796
1503820818681319430
1503819177957769230
1503810370619727873
1503810369055346690
1503784375011450880
1503770342380261378
1503738835326410760
1503727297379065856
1503457718157279232
1503418205477679104
1503379863591432192
1503149177731264518
1503013188404748289
1502991528830152710
1502774741538676740
1502680565929152516
1502411462106566661
1502358268244631561
1502318060203651077
1502317009387851776
1502295031864086528
1502293758301597698
1502285752264237062
1502118548881260553
1502090438588649497
1502061223143256072
1502036555082477579
1502009241544056834
1502003864022749187
1502003862512750595
1502003860474413057
1501990034530086923
1501955918543699973
1501941519560761344
1501941498065031171
1501933450839789576
1501919444339240961
1501721240406573058
1501690102149697537
1501672484902514688
1501672477516251150
1501672469752651786
1501595398800125954
1501576568874934283
1501303613410451459
1501235508806103050
1501205894868180995
1501205220415746060
1501201374972891137
1501013050488406017
1500944588135096323
1500859449476534272
1500844399705694208
1500463628352376832
1500171287221706761
1500167339211378692
1500166365096861699
1500166237300699142
1500160199922892801
1500159687412838400
1499921082517794818
1499913201386987527
1499913192381763587
1499851606015287298
1499797719736590339
1499781610924818440
1499765011912265736
1499763539220828162
1499763428063420426
1499758356902428673
1499751185460387840
1499504795895451656
1499492914313011202
1499457372674269194
1499432151770615816
1499408523037450246
1499183107609612293
1499146414101876745
1499108250800869376
1499091343263649797
1499090216342245385
1499085429739511817
1499085325922181126
1499073242375626752
1499059172918366208
1499048332756406285
1499037722396274691
1499029065713471490
1498867632673640448
1498860746549178377
1498854233688399873
1498852491068387333
1498851880738426883
1498850215180349454
1498847556398456833
1498847361208102919
1498847041954406403
1498846266914136071
1498839263173033989
1498762714965028868
1498743532076642315
1498682629314514950
1498672257253658639
1498433897050292227
1498389372005236736
1498375574401736707
1498362417067266057
1498362415372713993
1498362413124669440
1498339185333260290
1498092882678493185
1498019108981555203
1497964262114967566
1497957725514477570
1497915242067734534
1497757700167512068
1497732457810087936
1497590536261279747
1497586693284712450
1497586356939284484
1497586146720849922
1497574727375896581
1497548471347339267
1497333694977224704
1497332876215525390
1497300902268571652
1497279055435075593
1497253661625528328
1497229877862449155
1497221268160004099
1497037513462251521
1497036845988950037
1497034907427684352
1497033569545465859
1497005612923637761
1496959317936943105
1496910029282328583
1496904083017510917
1496899525696442368
1496872360963866625
1496726553279049732
1496608269992968198
1496605515761299459
1496604154533396483
1496603971858874368
1496593819059511300
1496585568423227404
1496546834566811655
1496545811328647171
1496544532812423175
1496532053805998083
1496514310297858052
1496490489788485634
1496209423617900554
1496173076278558728
1496171133191794689
1496162259613237254
1496133175365492755
1495951914672050178
1495908604951543810
1495822777508581380
1495785431639764992
1495395727052349444
1495072095683768326
1495066475824095236
1495021493272596481
1495019764581818369
1494785760020602883
1494785758552539143
1494785756983963651
1494785755578777601
1494785754278633476
1494785752911253513
1494785751506112518
1494754948348878848
1494754351453143042
1494732332997165066
1494732293235265545
1494724579276869633
1494710446603091970
1494688475018313740
1494436016182153218
1494419070992715786
1494408919296450571
1494385372150775812
1494345300584054786
1494320529989201924
1494311079324930054
1494118550600044545
1494100474831716353
1494092676316151817
1494077678965694464
1494048268564807683
1494039464221544452
1494035286959038471
1494024537486376961
1494023212216246277
1493998394183983104
1493980916162641928
1493962439666409472
1493721870574632960
1493695153755807747
1493661789648826371
1493641809607729155
1493641310112210945
1493617739411431430
1493609179248005123
1493608785927094279
1493598555709267969
1493369049308442626
1493342767094841347
1493311577478606849
1493273920895688708
1493261772891041794
1493223958803410944
1493058623408381957
1493037104464637959
1492988627038748677
1492856143223443456
1492849235271766018
1492574768733765639
1492540975918596096
1492233935690022916
1492221774624346113
1492201822223806468
1492166620957102086
1492148868015964162
1492138622807588872
1491887906935513091
1491870064269840392
1491855516141858822
1491847274472914946
1491843233877528577
1491820180057563136
1491817930715189257
1491815810255495168
1491775395418546180
