1534684792289169409
1534660153987018757
1534621849908387849
1534606806437310464
1534263101050302464
1534202868013617154
1533911961603284993
1533867036711047169
1533833987822702592
1532820784607023117
1532788836597653504
1532401499518775297
1532395741427159042
1532195248868302849
1532120497424683008
1532063423759953922
1531757934430019586
1531708727077765120
1531445785375678464
1531344029396439044
1530345123913007104
1529944111951888394
1529883891967860736
1529828013302497280
1529558222989889537
1529488035376680960
1529218536060571648
1529159267898499076
1529123826856075265
1528848964354719745
1528748544198426631
1527359738727436311
1527333006398341127
1527079164242710535
1527021784436035590
1526976410828652546
1526678992824172545
1526668354970320897
1526621898926436352
1526606265333473281
1526595057356349440
1526283480249901056
1525852494856744960
1525229766982393859
1524884684060123150
1524884630385614854
1524834627315191816
1524777823793184769
1524777822077722626
1524777816335720449
1524513645501296640
1524493267840159744
1524460552159997956
1524449681958490115
1524409962318946304
1524389092863188992
1523721526830583809
1523433471946887171
1523055972834447361
1523005077732044800
1523004437027262464
1522620148758294529
1522271900516458501
1522221978333110273
1521965112688586756
1521872047281999872
1521628290498412545
1521572526505271302
1521555707933380608
1521513414648111106
1521182377858543617
1521157839791796224
1520405032306450432
1520161372486746114
1519816746395475968
1519786223597989893
1519748224239689731
1519678315858214912
1519449376313200641
1519419540748255232
1519374030243266560
1519111969239928842
1518981509721608192
1518724467140222976
1518677600792629249
1518626697624625152
1518624049290780675
1517666343386071048
1517552057980534785
1517526201048444928
1517181364562538496
1517154218871648258
1516853534427385865
1516841605411618816
1516809550720081932
1516485004796342272
1516412624438759437
1516126266646319105
1515726897388347396
1515450067985088522
1515423205464416256
1515092259536093187
1515060117217157120
1515052638911483906
1514719179559124999
1514667020842897411
1514616919222939662
1514613473950404619
1514397802759081988
1514290833931096065
1513961212119293952
1513923621743476738
1513637644864958464
1513592154152648715
1512914459957866506
1512541298456203266
1512505590576209926
1512197145696296960
1512169197790507018
1512164904786178052
1512118744574836736
1512101622968684546
1511823141605191682
1511790555377905667
1511771065713934344
1511761092212629513
1511493253509562374
1511431850903883787
1511411830882766858
1511360852422766593
1511345928258703369
1511058688374718473
1511026473762754563
1511007266920701954
1510701910101221380
1510071621893111809
1510003141571272706
1509986115956129792
1509972006686674944
1509913078443483136
1509689157798481923
1509654794306265090
1509589399113191431
1509556659466743816
1509535303094177794
1509291851593011209
1509252186169131017
1509233047257985034
1509199648837275664
1509185846246793231
1508962473751334913
1508950499713851397
1508917124600901645
1508881299834126338
1508864036380815361
1508827949650399242
1508805507565465618
1508500796018774019
1508467828017541122
1508206191360589830
1507436636480671748
1507405474760736771
1507110568217432067
1507055887353008134
1507031150321143815
1506731672657666048
1506686389148176395
1506666567072948236
1506421860594065408
1506408732309213186
1506371089525575684
1506333779702525955
1506056666957193216
1506043782768345088
1506011190945890305
1505942778563510273
1505192873360347136
1504928564315148295
1504911252501540865
1504911250265882638
1504911248441421827
1504911245681508364
1504911243567583242
1504911242120601602
1504596375845150733
1504558760261566471
1504533897614401536
1504508627595497480
1504244691059023876
1504217925326102530
1504212889594433543
1504156957015478279
1504112813140475904
1503836108576202754
1503803678792327174
1503484228046045188
1503463781636231173
1503395068618682377
1502422179048300552
1502383940946042881
1502310099569815563
1502084069571665924
1501992659451318276
1501992653608656907
1501992647187124231
1501992639868063754
1501992633840844804
1501992627792711697
1501992622310756358
1501992616254226450
1501992609304219657
1501992604023627777
1501992596398297096
1501939720758067210
1501771839353372673
1501763507016151040
1501621926028001291
1501564220801957894
1501339545140350983
1501306228420583426
1501239359680528385
1500988241113235461
1500955342859030535
1500928304123154434
1500908788135731208
1499864646483853314
1499834300816105474
1499834290804338688
1499831419761213455
1499810769428488199
1499523311654645763
1499444166085984259
1499181614420611086
1499146883649912835
1499113045494280192
1498860979840557060
1498859247454625796
1498857704873512960
1498856723070787585
1498855744921382913
1498853538386124807
1498850633239171072
1498848569129938945
1498847293168140290
1498846570439192583
1498846021056667649
1498845171382984706
1498841582300282880
1498790742222942214
1498790459430379526
1498672262081359875
1498468674197499907
1498424920212230145
1498369857527717899
1498342193702088706
1497313114190061570
1497293673154977793
1497255751341035522
1496956219810062342
1496907438171246593
1496720191023157255
1496596508799651842
1496549835582980103
1496528572009361414
1496270137594454016
1496176027608965129
1495374745411407880
1495195873948618752
1494834259537940489
1494738534502215680
1494718681775067151
1494466924897574915
1494439196341248010
1494365146768187393
1494365145354670080
1494129202840363010
1494036295986855941
1494011267509587972
1493764306596466688
1493751843490570240
1493724756167774213
1493620177975619588
1493387027454255105
1493311855560900613
1493264079993061381
1493034276484493315
1492917853141540871
1492665142609330182
1492300748356558849
1492205018866499592
1491931076822024214
1491914105753640961
1491860548299935759
1491833670952488965
1491582338546999297
1491560998666477569
1491560670235660295
1491540984148250626
