1534218944264949761
1534218942767632387
1533860429042163714
1532480685721673736
1532385545363537922
1532123041307705345
1531996303751782400
1531982792409718786
1531666979215507462
1531301915757359104
1530671357645795328
1530297073446395904
1529476989014376449
1529124480873897991
1528849089516998657
1527749118671593473
1527371122953465875
1527333361865220122
1527300179757441025
1527037496667815940
1526984291548286977
1526650687144206336
1526605121781747713
1525559069733490690
1525479797068947457
1525206351479287809
1525198643321618434
1525176517084516352
1525158611617464327
1525087929953050624
1524858639189786631
1524813929393934339
1524518615726362626
1524439830104621057
1524081767908532224
1524044281517953027
1523732027966726145
1523316275539234818
1523043725659852812
1522651638967721986
1522629766993559554
1522603343163633668
1522586547249455109
1522319643452620800
1522302518688104449
1522224759022526465
1521921765437493248
1521508663021780997
1521216937468076038
1521188618412474369
1520528363533783040
1520507068138020864
1520387499176124419
1520123112024641540
1519416935900975104
1519397994784768002
1519375254182936578
1519359512813219843
1519000897736613888
1518660896314302467
1518369042318479361
1517915134546616321
1517560160943804416
1517245534133788673
1517245529561964544
1517196653475868672
1517174631391711235
1516891959125757952
1516878929868607491
1516878909899522050
1516858002757795843
1516817100668559369
1516512899157696515
1516458470270291980
1516424610253885441
1516057392492036096
1515661350311284741
1515120698976579584
1515072476799193097
1514948686987542533
1514728304724619267
1514728302480695298
1514691502970216448
1514647349758504961
1514353029511843847
1514294867811307521
1514026035888726017
1514026026115940360
1513972059877126150
1513912353485733897
1513624273751056390
1512565470691573761
1512500706565136388
1512180925831995395
1512167404872384514
1512161055459483658
1512123770114297868
1512076110040764432
1511828197335355395
1511458946472677377
1511417982509101071
1511030422863548418
1510285088587751429
1509931316309069825
1509589450019454978
1509271926711193611
1509236967787175944
1509214667348099083
1509199393811054604
1508922078128390150
1508847666075250710
1508828258875416585
1508552361593212935
1508545602728124417
1508447484011503626
1507500526472241157
1507102297909833738
1507013993348534279
1506735675508510722
1506735674115952647
1506370917303308294
1506357989451649033
1506350178181210116
1506333083020242945
1506292442265489416
1506234324684836866
1505998142218584066
1505029177539534849
1505016525543157762
1504905107338629130
1504576486812045322
1504572232483364866
1504565862287691781
1504540114248245254
1504532496892973057
1504511564879171585
1504488015439179788
1504158452758859779
1503770299841630210
1503426472945623044
1502367553213063171
1502313539586899984
1502045401356161024
1502018831853699079
1501947978495324175
1501753202315780099
1501649199930163203
1501608014767431684
1501277441762988035
1501267036856467457
1501267034423930886
1500953249632948226
1499882382094176265
1499867124130537474
1499817171714777092
1499453912830685197
1499104632211230721
1499043638080421895
1498997846166720512
1498788472080973825
1498771620902711297
1498761814758375430
1498758096491065345
1498741093332099074
1498664432708247560
1498396707473793035
1498286230290714629
1498131927739641862
1497587424674779138
1497331403410882566
1497312606012461056
1497222130978668553
1496935766852661248
1496920344212475908
1496909014856351748
1496885730588737538
1496563260052721668
1496254306605019138
1495745118829117442
1494791201203101696
1494682127094398986
1494424153453211648
1494418257029312512
1494396720423350279
1494048102445113353
1493963824382324742
1493952215052075009
1493641848795062272
1493641844349145102
1493639475506958339
1493278424785461248
1492248766442881029
1492198929395560451
1491913523957542912
1491902204176965634
1491865205399330819
1491824480993394689
1491824479441494021
1491820840207458311
1491805451997962250
