1534683790261501955
1534630559049302016
1534575137890217985
1534502819784425477
1534294467125059585
1534237938577510401
1534200391151271937
1534138081405812737
1533913597574795264
1533864368781271041
1533799345572700164
1533512597001097219
1533438859538833409
1533192245373022208
1533138545896001539
1532859917731766274
1532835378687877120
1532796006873673730
1532711186382340096
1532448037955682315
1532395687912083458
1532320282114940929
1532119684841095169
1532048723873779719
1531962765832769537
1531782017238581249
1531742226979627011
1531647540478853121
1531620235631009792
1531402668224258053
1531326915717615617
1531301692679110658
1531255489534771200
1531045792877883392
1531029309980389376
1530918960597766144
1530722187832868867
1530601082946306048
1530317843820163073
1530253823272427520
1530216813639962627
1529999590925254656
1529895256191381526
1529537761002328068
1529216477227794433
1529168260020817922
1529124410438864897
1529065929782480897
1528823111012982784
1528785517915029505
1528749522712682497
1528707386541842435
1528540923696644096
1528473089079709696
1528423819840471043
1528136432811921409
1527773507022725121
1527721882824458240
1527684593905815553
1527639571126702081
1527389932473528320
1527365743574396929
1527320365307170818
1527253463901605890
1527037753761771522
1526976669902426112
1526892787777433603
1526661318857596929
1526620855626780672
1526601700861255685
1526522504235438080
1526308468734451713
1526270590491013120
1526227435469131780
1526166918041899008
1525944981004886016
1525871081067790340
1525656106781052930
1525563004196114436
1525308708368142337
1525223344722829312
1525165710946750464
1525071843102707713
1524880753686986753
1524833155831693312
1524779446598770691
1524718303624798213
1524474479589662720
1524434503401361409
1524351692208230402
1524188537523945473
1524135627704385538
1524081917544566784
1523982753221521408
1523812106457518088
1523739945613271041
1523696422515666944
1523630030596632576
1523491197968285696
1523386155206643719
1523317111166160898
1523113608766697472
1522936438492442624
1522698053358084097
1522629859318636545
1522547156191744002
1522365808445374465
1522292438810955777
1522231144481280000
1522170573136216065
1522020541170913287
1521927068744916996
1521880444895207424
1521813608623226880
1521642305660325888
1521574803236429828
1521467426642313221
1521323437318447107
1521277135230586881
1521240331534192641
1521161385652203520
1521090179590762496
1520867835505004548
1520830868985679878
1520794084645949440
1520771835754954753
1520503978315988992
1520450805219876864
1520138687832641536
1520117076488331265
1520053691604160512
1520011925274439680
1519730956894154753
1519638512773050368
1519371622003748865
1519302593184505856
1519044395072466947
1519005590894358532
1518938271761510404
1518750701861675016
1518685144407756802
1518651422484705281
1518297851348111362
1518266956369043456
1518251985463558144
1517967318596395009
1517679380646051840
1517605649898774534
1517561575489609728
1517496266908999680
1517271633878257664
1517208034543644679
1517134666532327424
1516877315518648321
1516827084974399488
1516761924674981896
1516563172702011396
1516507668197908489
1516391718865756171
1516246642155995141
1516157412599906306
1516131109649670158
1516051416770564097
1515858659590422531
1515144507548909572
1515060169331326976
1515025040290553863
1514764486724489217
1514701208270868485
1514656173441617928
1514588790446346252
1514349304562995205
1514288807830507523
1514219596575821831
1514001899732848642
1513934099676897285
1513859639510814725
1513695071098581001
1513645976489279492
1513563274884919303
1513496921721257991
1513287722387001359
1513254308040658950
1513230692955602950
1512755457324113920
1512569119370932230
1512512257342717965
1512474785812525061
1512391900799676417
1512207192920842243
1512153331573141511
1512100817804972033
1512039905521766407
1511754435848032261
1511719395151732736
1511675336601255943
1511464051422998532
1511424749607563266
1511386853932511245
1511313898829455371
1511154244283469828
1511083630919135241
1511022146465710080
1510952924494577674
1510721081644130304
1510686257646604289
1510269845618757633
1510027088643907591
1509961302617247756
1509924448660557825
1509865290997415936
1509606177226870791
1509580117131079690
1509564044381929484
1509516756959653888
1509286772173381635
1509223943378460672
1509150485328142343
1508917818422702093
1508886455506059268
1508769998248058886
1508601452301799424
1508555390065135617
1508524992828526599
1508485724705890321
1508412805661216783
1508202274560131077
1508170812842520588
1507893188769497096
1507709469106618371
1507467545917497346
1507423382308073476
1507402000782266377
1507326097171656704
1507136219918090244
1507056122271870977
1507025503747813386
1506973447380946946
1506712327399387146
1506680558952366081
1506430146894520320
1506381724325920780
1506353346147500035
1506298897496432652
1506255598807048200
1506042135174393865
1506017383537913862
1505880974965579783
1505712811082661889
1505678664259850249
1505581976253837320
1505224428967403529
1504906388186800144
1504880549906821124
1504831709199613956
1504553909351817219
1504426669557403649
1504235651532795908
1504183985047576577
1504148925552418824
1504115929302671365
1504073979304239104
1503905594603970565
1503844853771214850
1503776889881595905
1503707257426558976
1503706677148803072
1503435504494288897
1503389600693239810
1503339239634780164
1503142997357219845
1503048041674256388
1502847157837217795
1502803152533348358
1502374453472337929
1502352267541987331
1502282764443394050
1502042819539709952
1502011307561734149
1501985180298395648
1501909031899869187
1501664347277385738
1501634524022820871
1501557857933742087
1501309158439538688
1501259540498579459
1501239609728061450
1501008617117523984
1500952112334843912
1500923070676094982
1500886337578283019
1500866264687853569
1500824565664124934
1500608042517377025
1500508053610930183
1500235745860194307
1500150041058627589
1499852836997369857
1499811656569872389
1499799553435967495
1499737306365890564
1499540916817829891
1499463760444076040
1499217764233400329
1499118726964289542
1499093770146656256
1498803075183779847
1498716932199038983
1498682863415406592
1498658145232695301
1498415475868512265
1498367213702688768
1498330649299668993
1498283986724048903
1498117217564639239
1498013775961620482
1497653898932375559
1497584492080476164
1497305431718379537
1497262307080036354
1496969194059014149
1496930715216265222
1496879374431252482
1496700742723424259
1496613800371535874
1496564696157143043
1496480260426244100
1496243729061003270
1496201689669554185
1496130711484608512
1496112393012793344
1495887864491655173
1495861762272419841
1495760359860363267
1495510043705417737
1495479062302765065
1495225354067357696
1495178327757312000
1495061778459512834
1494830848381759489
1494762264104251398
1494700593188937735
1494683058213113859
1494650640471146504
1494431643775516681
1494374056661037058
1494308568593534983
1494105503533871105
1494050416656592906
1494014001210089473
1493982352967618560
1493938840293289984
1493746887249256454
1493699183219556357
1493624347247919104
1493575421425762306
1493365744033312768
1493360982365716487
1493224605045215232
1493027964442787841
1492921168462069760
1492697910701613057
1492644167306067972
1492564886743830532
1492534485849673729
1492252020128034821
1492190852852207619
1492129265776742400
1491860548652253186
1491839137787400194
1491765274726604802
