1534603913298599940
1534603130918342657
1534255475130347522
1534254158315937793
1534251900698255360
1534229182049394689
1534229044874600450
1534228974938775553
1534228925831839745
1534219097189277696
1534203701811879936
1534198362077024258
1534196233094537219
1534156717751156738
1533829990957170690
1533829134396317697
1533827623092203522
1533153123270807554
1533152860246003712
1533152803551592449
1533133526006222850
1532708858229145601
1532696087080931328
1532695581201776642
1532695456337342465
1532478465580097558
1532421255814684673
1532382984409579527
1532382865224261634
1532382645354745856
1532142491566317568
1532111730863751177
1532104762971328516
1532094353111498758
1532080895959744512
1532075115935985664
1532074965087834113
1532065296152170496
1532063754690564096
1532062062180179969
1532059304706326529
1532050766684467202
1532049416726712323
1532049344404275200
1531656958050197504
1531275486415925248
1530244162993504256
1529271184801644546
1529239157528313857
1529239081141559296
1529238847455911936
1529105853994909704
1529103364058906626
1527785347689619461
1527730274041200641
1527374900628860947
1527356431271284756
1527356429434494981
1526955508053188609
1526955506916544515
1526944741178458112
1526944694881615874
1526940570945564675
1526641172348813319
1526627804527435778
1526627803076116482
1526328438830809091
1526328436888846340
1526304366063386624
1526267289015828483
1526231648546725890
1525208008694841344
1525142432521781248
1525132239339667457
1525131913215762435
1525113118791282688
1525105699407249413
1524844171047096335
1524822296069816320
1524765117426147330
1524456417519972353
1524401302217838594
1524389022482771968
1524386480101154816
1524385061507895296
1524185307205230593
1524104262380310528
1524030110659190784
1523735512519159808
1523680176332484609
1522591975689621515
1522591555118374914
1522234102006665217
1521950504796004356
1521873197192388610
1521510612060319746
1521508631878975495
1521248671261773824
1521211036078067713
1520875676815040512
1520112548305158144
1520062311356157952
1520062191042543616
1520052704474804225
1519777246680162306
1519772583461330947
1519728071275954181
1519713910701580288
1519712986100912136
1519712379285774343
1519673417947037697
1519416971565142017
1519394226169122824
1519368226072846338
1519308702410498048
1519013828591329280
1518982295809630208
1518975366349664256
1518975356526641154
1518941125213671424
1518628963307999232
1517517843893563396
1517165939887906816
1516811181478096904
1516516114003603463
1516409596704956421
1515683836549545991
1514640972805771266
1514640965730025477
1514338965377196059
1513963405618601993
1513858624644427779
1513612627158745089
1513603924766433287
1512492993089085444
1512474645135568902
1512447332557676546
1512430270993080325
1512429717600845830
1512169457623445505
1512147826628780037
1512139830540574722
1512103063124860934
1511810233068400656
1511810230316847106
1511773474729209859
1511737160503803906
1511737159002304513
1511717320552505348
1511408398402785282
1511394862326861825
1511388958181179396
1511384936577703945
1511384062820241412
1511378040969994243
1511364994264403980
1511084957128527872
1509974208054546436
1509964192123699205
1509964190051622915
1509926419547267083
1509925720889376771
1509631316731510800
1509597971599396874
1509597969779245056
1509389224264482817
1509389222490300418
1509389220707713026
1509202798960947205
1509170643190882312
1509130656978243585
1508898186127187979
1508860814664650757
1508515436983373833
1508452957838266373
1507433572482834433
1507427931739631622
1507424895201853483
1507424684090208257
1507348726469308433
1507007904057942020
1506994691614687235
1506691178581958662
1506649037449138177
1506637863911399432
1506636292817362946
1506270636381020161
1506261890246356996
1505961524157980678
1505624814744133637
1505005731887685633
1505005730641887239
1505005728955777028
1504909444857085954
1504843136891297794
1504555051557212166
1504537404920807427
1504527630766333962
1504499355465789443
1504482427376320529
1504144778614779912
1504107613725859846
1504107201513861122
1504087005432537095
1503825521628655629
1503799330716672013
1503772484591661062
1503761717834260481
1503419783789916162
1502370625465335814
1501942138770051077
1501940611162664963
1501923084818911237
1501596154261393408
1501575667347042307
1501370588362858497
1501369959443800067
1501366846477545472
1501263124422438913
1501216095243485187
1500925880113188869
1500860963825852420
1500841925871550470
1499828427502858242
1499476010584137728
1499476009166557185
1499476007547461639
1499466668023627777
1499459133019504646
1499391720382943234
1499391718847823873
1499138319527165954
1499138317547356165
1499065866494873618
1499051163899019266
1498855867923501059
1498854629836218382
1498852583456264192
1498850904824500228
1498848995963248645
1498846967195213828
1498845318103851008
1498833136406384643
1498801339966623744
1498758623278870546
1498757982338879490
1498757623025393666
1498743264391974928
1498734284978503687
1498731500438802439
1498719894652784643
1498703926044069892
1498693168711282693
1498675914141573122
1498664670164656133
1498412431772692491
1498410988529410048
1498400687687876615
1498371192448823299
1498371191094059009
1497406268159533059
1497358803205070849
1497217632797343778
1496930219218767885
1496903044130385923
1496875719502491648
1496875636631166987
1496546676164730887
1496515625027620864
1496149414037106690
1495746333298286594
1494683511319633921
1494050955935027207
1493999381464367107
1493634462185402373
1493630059164454912
1493347571829518347
1492624730163232773
1492624728804237312
1492242369391046661
1492231945442504713
1491784314941370369
1491760476975517697
