1534643448204124160
1534606692398383106
1534550251750694912
1534211616316719106
1534183615151611907
1533861463009394690
1533815279234465794
1533815276587859971
1532394148765913093
1532071429209878529
1532050543752843265
1532014324201402373
1532014321525436416
1531303095363330050
1529890480787533827
1529890475464970241
1529890474458288128
1529890473552359437
1529890472335921153
1529836374660198401
1529500001256165377
1529449587211128836
1528768369658298368
1527006819951992833
1526636620505563137
1526617474816430087
1526554216201846788
1526314741878112256
1526227213389025281
1526227211686117376
1525178766510678019
1525125818631987203
1525114290067349508
1524784595576582144
1524486739355742208
1524486554567286786
1524422123602812928
1524404345797857280
1524120020267249665
1524087619524644864
1524063135107358721
1524041345714819072
1523761716320157698
1523761707889221632
1523718874923139073
1523698425560133633
1523443364091219971
1523331569951416321
1522605730796294145
1522292475674648581
1522272592471728133
1522267345615532033
1522265533894254596
1522264614385430529
1522263141471641601
1522261786652782597
1522260298027126785
1521913438410350592
1521628287730176001
1521595054191689730
1521591073100939268
1521546596084858880
1521518741728763908
1521334597128183808
1521325717925023748
1521325716712923138
1521325715551133697
1521325714406092800
1521325713156157441
1521161120077209600
1521161118365978624
1519762459216732162
1519344108082450432
1518666234836963333
1517549418748203008
1517512974797348865
1517184529445883905
1517170141313871873
1517170139447365635
1517157674676367362
1515702381824126980
1515036321688920066
1514697924537724939
1514339030934118414
1513905732349046786
1513609537152077826
1512518971265896451
1512481169388023808
1512130547564302340
1512104545324879885
1511767080525340676
1511764452101824513
1511709753738678275
1511709752744726534
1511709751368990726
1511070631625957378
1511006721988337665
1510985902100733961
1510426006636670980
1509956192013070338
1509930484662427649
1509595839043411977
1509568241559130114
1509547591746441222
1509541833969393667
1509541832908320771
1509257298438500355
1509232978261598221
1508893772020649989
1508862990812164106
1508862989033779200
1508547779953635330
1508515647864647681
1507082055850545159
1506707584396443653
1506646849066881025
1506352500714184715
1506311379510308872
1506001264919949314
1505965610735480832
1504835586552643610
1504561490610769922
1504503152044826631
1504459916135878656
1504147447995584527
1504087376259334154
1503774421869289476
1503741706835005452
1502335262197747717
1501991476179390467
1501991474111688704
1501631314193231883
1501265418379530241
1501239419893956609
1501220711616102410
1500932269619531777
1500932268101181444
1499415748732719109
1499407781912322053
1499389713270071300
1499045328368160771
1499036444706357251
1499036370966306818
1498999201606348801
1498878660064985093
1498868241782947843
1498861220882956293
1498860949150838787
1498857387352068101
1498857143839211524
1498856144529510403
1498855956704337927
1498855169794232323
1498854974603808779
1498854266026577923
1498851753848102914
1498849900863361026
1498846657466753028
1498846515208544256
1498845897630826497
1498843895832137731
1498843163510939649
1498820881908473856
1498777536221917187
1498677829625696256
1498406252656877568
1498389324353654784
1498370810834206720
1498351366972059651
1497301854874656768
1497301850080616450
1497241806731452435
1496940405400743940
1496940404100370435
1496940400984080384
1496866969043484673
1496517624817139712
1496212181507100678
1496174076888506370
1496142866581757962
1495772126678335493
1495161828892106752
1495161827264712706
1495120938467217410
1495120937368313861
1494726839813787662
1494429202925424640
1494406966243962883
1494406964859789315
1494406962339094533
1494374993756659716
1492209154840305666
1492209153519017990
1492209151547691012
1492162783206641664
1491850506607771658
1491819370275823618
