1534199911964717060
1534187420186460160
1533879808731582464
1529490447827144706
1529180880052404230
1529179414109503488
1529159216019214338
1529158890511904768
1528825535316606978
1527744547111026688
1527732947033497600
1526991464995102725
1526979191450877955
1526962698264711171
1526316020624986112
1525151529501589506
1524869925994651669
1524840566088945691
1524501813088731137
1524501811847208962
1524501810463006720
1524501807573217283
1524487514433765378
1524451089243848704
1524394289408749569
1524392245084004353
1524392243813040132
1524392242533777409
1524392241204244481
1524093931797069833
1523702854086971392
1523677642742190080
1522636343716765696
1522334362666164228
1522334361454055428
1522333930548043776
1521884692114554880
1521884690701074434
1521884689056911361
1521882543020257288
1521304001609973760
1521304000439758849
1521206604154253313
1520118720336699392
1520072335629467650
1519686195927732229
1519416170545352704
1519416167361875969
1519401984222273536
1519319408585420804
1518948819160997888
1518700270804422661
1518700269374164994
1518666491528466434
1517239620236419074
1516841019417022465
1516820450487193625
1514593333997408259
1512421490041532427
1512153442491547657
1512129547390668806
1511386154523844615
1509970298803785737
1509511355153498112
1508927491091705857
1508927489875316738
1508927487316799492
1508877045962620932
1506337743089065996
1506294405178834951
1505898325387661312
1504900442010050568
1504823367555235844
1504569996831342594
1504569712860139528
1504481520064491532
1504103579459764237
1504103577924612104
1503789257508458498
1503760663797248004
1503746361296142340
1503435952366108673
1502322408258162699
1502290840525365248
1501676813482958852
1501609327806795788
1501330076356554759
1501266178198720516
1501266120996704256
1501236460250349568
1501207039896391696
1499463020329721861
1499118311417827329
1498422528020299778
1498385727578587147
1497331511581982720
1497280217454424071
1497272332355870732
1494746219373023236
1494439902058004490
1493682750880198669
1493666058087063553
1493665974201032712
1493665970845630468
1493665965724377098
1493665955578327044
1493590956813262848
1493338625278423041
1493336643230650373
1492253425656119301
1492209022178631681
1491829970011885572
1491810574287659024
1491779708945584130
