1534631096830218240
1534570950556983297
1534536222218915840
1534309729488539648
1534287080372813826
1534251093869338624
1534214352630386689
1533812202838413314
1533539152636956672
1533478764788719617
1532846086712225792
1532803647905701889
1532503615998410755
1532074509758521348
1531991471112470529
1531779557539430404
1531688279686406145
1531251580682371072
1531017536971714565
1530987337219420160
1530652380190089218
1530588505981722627
1530271226127589377
1529958321024819213
1529937923138899968
1529258219356491776
1529258217427058698
1529167344861384704
1529132868043251714
1529108214910001154
1528857919609094146
1528785114469105666
1528488370791452672
1528423481200857089
1528149387456618496
1528095784566026240
1528040882812985347
1527707727425699840
1527662743020572672
1527418320403714051
1527382333296234499
1527304416260673537
1527055871922012160
1527055680565194752
1526698496329383938
1526635233642262530
1526562308318801920
1526338957906063360
1526298797298663424
1525506224023797760
1525223356953501699
1525170859081605120
1525111872428683264
1524882611629195265
1524860717324812311
1524832215137406992
1524781697891348481
1524721066089791489
1524510912949927937
1524500091402428416
1524431794732519424
1524384580035248128
1524171173872898048
1524069874372419585
1523754681389961217
1523664344185155584
1523289014308118528
1523060596773507074
1522665754126012417
1522327779269783552
1522278979394314243
1522248756602806272
1521861493444251652
1521571897837772801
1521547433041444866
1521303707371061253
1521269783454490624
1521256598655676425
1521178202701320192
1520817827762036742
1520145563458617344
1520112251285430274
1520078265750368256
1520043062654812161
1519786846242459648
1519401146447708161
1519125181263982592
1519108453880549377
1519055955153072128
1518748608706797569
1518748605460488194
1518650295500292097
1518352631118413830
1517896077780955140
1517641397507088386
1517609645573038083
1517488600610484226
1517186706210017280
1516852448853381133
1516459392610279429
1516430876711788547
1516137236206694408
1516101249078214656
1515694159964905474
1515374469723811845
1515331678692016130
1515141812129865731
1514946248633204737
1514707062785249281
1514683975071154186
1514586907497406467
1514379856435453954
1514327310433984527
1514243663110586370
1513993108165439499
1513877034086379521
1513638242322690056
1513606682647183371
1513211647342612480
1512526192150208518
1512171102440620044
1512143325406670853
1511781032235700225
1511659990007926791
1511464835149611011
1511464421356453889
1511446497866436622
1511394012149821455
1511339799747121154
1511120011187867655
1511095357433913348
1510645062845313034
1510003112706195464
1509966324390248453
1509659654883848200
1509602562718281739
1509529389750362118
1509304465924448263
1509291078603747338
1509267217950683141
1508936282919129094
1508806189378899973
1508562668097093633
1508526523061575680
1508202955673116677
1508115789337047040
1507743033361584135
1507409442240872465
1507356886181584898
1507114910894989320
1507031482912624641
1506744066893099009
1506725160136630274
1506685162758758401
1506650978975580163
1506629575484317701
1506326421714751503
1506286829770788867
1506265287242489864
1506030769357082624
1505308852673298442
1505277931630776324
1504927371715125258
1504903737277665290
1504584109846196225
1504505794439655430
1504450894619885568
1504261240016842756
1504217192484814854
1504185420896215046
1503845269389119490
1503499372373454848
1503378265389637637
1503359815397130241
1503152723071447043
1502795723368243209
1502429822844293120
1502395610539909124
1502365129362624516
1502365128288788485
1502365127122825216
1502365125680021505
1502365124245471239
1501709906587623425
1501696462106812421
1501676702543626251
1501377230710063106
1501330223970717698
1500973455591854087
1500933303653654528
1500880772793778177
1500135415373774848
1499516971087372290
1499502375106711559
1499460109906419714
1499233101289070595
1499165154923016193
1499152066618535947
1499049123647000577
1498866000321818625
1498855622670012422
1498851205312921603
1498849070370205696
1498847400148062208
1498846522171170816
1498844288762855428
1498730113814441991
1498692028644929541
1498667807378190337
1498505800586862594
1498445182513123331
1498393820295143425
1498365383098593284
1498347566710329345
1498112662143741957
1497708840544083972
1497633372146966536
1497356263872598016
1497240750727340040
1496879373567377408
1496879372246073349
1496879370874597389
1496617856502579214
1496568774601945095
1496507519040172033
1495518626404728833
1495485657803673602
1495168876727914505
1495100872619184132
1494798377875349509
1494763695817297924
1494737754252525575
1494456539456974852
1494424100013490177
1494362458022195211
1494076822409162757
1493982836168273924
1493897677318373377
1493662726081687553
1493368737185116161
1493359202668064771
1492850265611026435
1492249353179783179
1492202080664440835
1492150903310278656
1491840000991928330
1491566584036397056
