1534635805074935809
1534582291573493762
1534532501082882048
1534251867991072770
1534166459538100226
1534166456690262016
1533919867879006209
1533859142812807173
1533828928229580801
1533819720130088961
1533059719493042176
1532767358967857165
1532721751859281921
1532417399579975682
1532354911568023554
1532087862363099138
1532043156052660224
1532035452835966976
1532003749107056640
1531710431026462721
1531669594959757312
1531633307569602560
1531288674800893952
1531268613222563842
1530295688847937537
1530226645591810051
1530226641577906180
1530116004872957952
1529925231598616591
1529925229778182144
1529869923631214594
1529820954179690497
1529567962583154688
1529567960678993920
1529545336607457281
1529515163954597893
1529452214980333570
1529291914528411649
1529169732200452097
1529164125422616576
1529115012207362052
1529088995107475457
1528813004703383553
1528767713023336458
1528735357411508224
1528709154193428482
1528121139322671110
1528058983478591490
1527776319718686721
1527756444984131587
1527711326138781697
1527683465839271936
1527641262085513217
1527641260546215936
1527378562084261895
1527349726278225921
1527277791263309824
1527008839392018440
1526985974688845824
1526951424487305216
1526917176355086338
1526668776003055616
1526625659648352262
1526593387201060866
1526578294321209344
1526553488536248320
1526314045673979906
1526292407834361857
1526266855534514178
1526215970267734019
1526191432331149312
1525241980334112768
1525221890847031296
1525178929568432128
1525150287777959936
1525141885978828802
1525094998194126848
1524827652212809729
1524804264736038913
1524766699706269701
1524742742462631936
1524510344487620608
1524487571748921351
1524487517910843393
1524413551477248000
1524378774220980225
1524378691542867969
1524157203921444865
1524135942205890560
1524109459919880193
1524062225727729664
1524018754585251842
1524018697131761665
1523771330176331776
1523771254716899328
1523734852427673600
1523701831511203843
1523675950411567104
1523391781471092738
1522939312169525252
1522737752709730304
1522654090320396288
1522612229727830016
1522590166036135936
1522563726184001537
1522323006999175168
1522286025577582592
1522252281340739586
1522230635854716929
1522204947982524416
1521957948406251520
1521935192096600064
1521912532562235393
1521866080066715648
1521842064132132864
1521597106364035078
1521566062923366400
1521530532282179586
1521479978554171393
1521254682752131072
1521214808154124295
1521180215673860097
1521146807979548672
1521123983751581696
1521120010965499905
1520151487833419777
1520117207535079425
1520093371422941187
1520093255869911040
1520053767655378945
1520025114401812481
1519855612624084992
1519791062583287810
1519772188177571840
1519749538486968320
1519718738869817347
1519692927416639490
1519659757660954631
1519416877717639170
1519370537314697218
1519317838254813184
1519071437507727361
1519047412337287172
1519030504196038658
1519006866935791617
1518968090586923014
1518967943782191110
1518751884064002050
1518729791213559808
1518729787895918592
1518711451849949184
1518670812064227330
1518620853197369344
1518586631665688576
1517625588923703302
1517625586377756672
1517586536216383488
1517564511271768068
1517563892183879681
1517503765619916800
1517246804529659905
1517216607965106176
1517171177533366272
1517126269242163200
1516890059026452484
1516816465080373248
1516811689123012617
1516775339636277250
1516585477859647493
1516545924738265094
1516473764804022272
1516431044232290308
1516213525491982339
1516152083988295681
1516129442027954186
1516079852645928962
1515797094963032072
1515698408417333255
1515100373098414080
1515004524825616396
1514966782867652608
1514728042484183049
1514649037886136322
1514606781036523526
1514606745305317381
1514313966872260611
1514272819001139200
1514240809670959109
1514207183008903173
1513991087806988292
1513955116281331714
1513940018955390977
1513937261829701638
1513937222290051076
1513914599577292804
1513878140451495946
1513877749420724238
1513600270512574468
1513570073012805635
1513536252288643083
1512553917602844673
1512515206970331144
1512465540685697024
1512434914922217477
1512422930378117120
1512188972176486407
1512156870378672129
1512103047530524682
1512075172605358088
1512052584160317444
1511830272878288907
1511803431878631433
1511784574405255170
1511761906310201345
1511727585679532042
1511690256340377600
1511478792946012161
1511453446947409925
1511436515477536773
1511386408203739146
1511332566011465737
1511110447503716363
1511060740341440514
1511010715452076036
1510980579533197327
1510957861857206272
1510669173101322241
1510325450429632517
1509986604626104322
1509980330706546690
1509980098061082627
1509949966713704448
1509925901160615939
1509881862134857732
1509630097996849152
1509576510142828551
1509557025008754689
1509527659734261760
1509289560353738759
1509242862684225543
1509193117777473543
1509176042459742208
1509160129467494416
1509160046474809345
1508928659452829699
1508898086566965257
1508791085455208457
1508545714296479744
1508519291917770754
1508496361834045452
1508438752464625682
1507475795371036672
1507424328769490950
1507389634640330757
1507347776786608152
1507111341512876041
1507074956735258627
1507023680764796928
1506980874876862472
1506730287438475271
1506697426878574594
1506692511896674305
1506672276816674828
1506672183829053447
1506650553882918921
1506630252621094924
1506394036382298114
1506363836877750282
1506332121853579271
1506331962218270726
1506303269894774789
1506303268552687616
1506277701228843016
1506256699706990598
1506042972621750280
1506026159485632512
1506006646203445249
1505986649972527111
1505972773264502785
1505940629850923013
1505904432088862732
1505248314232651776
1504931977870331905
1504905295042068488
1504880553123848198
1504812825612623875
1504560126451195904
1504515633844830211
1504475583425613836
1504475522847309831
1504447244853989379
1504213173439709187
1504200534403780614
1504178582804905985
1504129934004043782
1504129863724285952
1504129705745780739
1504129590922469383
1504101569683505167
1504081602443415556
1504080745991753730
1503854788366286848
1503790288959070210
1503746601352929286
1503719342017593350
1503455042774384642
1503423454678290436
1503361662774124550
1503155644890759172
1502385120304578577
1502366246813122566
1502347371254108185
1502328502577631234
1502304412324315137
1502285119238938629
1502054203195330560
1502032766958981124
1501994356869373954
1501949381326479363
1501943050074918914
1501927977587822592
1501689970347880451
1501657209482141713
1501634684714897409
1501597273234587653
1501564991102754817
1501345632803606531
1501323828072488963
1501277396468654089
1501241173377179652
1501210848013996036
1500996701964087296
1500996699237621761
1500952419060129801
1500931767221559309
1500913944361422849
1500893746531123202
1500843520906645509
1500204490749882376
1500204489491554304
1499910499290464259
1499888941192912902
1499867816769601541
1499801174962286594
1499747406501535744
1499509249986150403
1499471137960517632
1499451595708407813
1499417045749964803
1499388752749338632
1499165629890375680
1499136541851013123
1499109665694789633
1499059715225042948
1499059658018938882
1499059559696113666
1499027709682503680
1498866671943041027
1498820623971368960
1498810631100719106
1498768236636168194
1498768135364792324
1498768045464039429
1498767927738355725
1498761600450318345
1498714684526141446
1498706936719716356
1498665845463126026
1498437450900942848
1498437341391863817
1498428700513255427
1498420020766023682
1498390549509947399
1498389592734588934
1498387420806529028
1498347387823308811
1498308625810472968
1498002011291152385
1497343125928488960
1497283930218708994
1497261348505497601
1497237715242344451
1497237532165033986
1497217184321388566
1496943733098659849
1496894163144650756
1496844499833733125
1496844183264444424
1496605806703398921
1496559639302971394
1496559552447275016
1496521840835104771
1496492847738064898
1496231687788896256
1496162648077053954
1496129625973477385
1495833756590133252
1495781550918615047
1495590163627581441
1494753831774834694
1494729915144413185
1494429405002797056
1494429403090194442
1494398587282890757
1494366454040387589
1494284558640066563
1494085810932621325
1494065115540430848
1494046045675872264
1494027471011864581
1494012698446774280
1493993737520877570
1493952097825566725
1493693074865860613
1493639082773299206
1493617828443967493
1493312538112667650
1493248475500265477
1493222753037701121
1492229411265040388
1492173320653049865
1491901253298884610
1491857836401479681
1491816689104732170
1491785127025913856
