1534636545159876611
1534636544203673608
1534636543314468865
1534636542232240131
1534634173302022144
1534633478704320517
1534616850482577410
1534562107202715648
1534299244080902146
1534299240431857666
1534257735210082304
1533885237863882753
1533849041766850561
1533597924088741891
1532850934996402177
1532850933633277952
1532850932488208384
1532754953181306881
1532419261108453376
1532146581599838209
1532120891026509825
1532120889076109313
1532120887272554496
1532100704676065283
1532055788227039232
1532044959678967808
1531761944113385472
1531708914542288897
1531681201131503617
1531382360268218368
1531323314353971201
1531012163489480711
1530674300612530176
1530548087537672193
1530548079342018561
1530239276323053570
1530239270849486849
1529950634463612930
1529950631561158656
1529834471888936961
1529806002782146560
1529805945773207557
1529611551228960769
1529514679634116613
1529514519881568257
1529499663690354689
1529227242869489666
1529170683070140419
1529166835328897024
1528883146758172673
1528771954118905861
1528771468217155584
1528063283693080577
1528063281499357189
1527830516933746688
1527830514975006720
1527387659710111745
1527319776812748800
1527001369693114368
1526952890140614656
1526739541587017731
1526739540081262593
1526683621368729617
1526650003401449472
1526582174341816321
1526576379361431552
1526396050885550080
1526396049367224322
1526349828661338112
1526293927644520449
1526249337050869763
1526231731350687746
1525619784586518535
1525517229319659520
1525463699502292992
1525463697132494848
1525463694766968833
1525197510578425856
1525140626228011008
1524800544073728006
1524760362255532032
1524534373290229761
1524489610201550848
1524431199648854017
1524430239937576962
1524396267807326208
1524396262614781953
1524110907772649474
1524046748229984257
1523765937840615425
1523677935823384577
1523323451695640576
1522707198811463687
1522582704734224386
1522371124520226823
1522290837354385412
1522284761649135616
1521540132632936451
1521233872956104704
1520871461841477632
1520845338235621383
1520845304110665729
1520845204202430464
1520845113806798851
1520845081393176582
1520845044198092800
1520777025010741250
1520186800576380929
1520177513678450688
1520177465976627200
1520073906828234752
1520062437931823110
1520062396378890240
1519754358447030273
1519736460231983104
1519703399339593728
1519703347695128576
1519677107151986689
1519676468858662915
1519420322826657796
1519420235694194699
1519315611389763587
1519315609024086021
1519290707609014272
1519114922784874499
1519114921069498369
1519061943344156672
1519061941083324417
1518767000402767877
1518687160345706496
1518399607667048452
1518249703971987458
1518063652867391490
1518039871075594242
1517933629179052035
1517933178605948933
1517626463008309248
1517626452342185985
1517532857455030272
1517532849385226241
1516872611795505152
1516856809960706056
1516461762543235074
1516062822496673793
1515703052052975623
1515448473084125200
1515393950957412362
1515024361299886083
1514989759730536454
1514678413696638982
1514644891162361862
1514607298739507200
1514398343220314115
1514351256155873287
1514310420659638273
1513904482509332484
1513647642198347781
1513583262018551817
1513530149781843976
1513202508256235522
1513202505580224519
1512937273842614280
1512860189099282443
1512860187538993153
1512533173502201859
1512454585507532806
1512454054059859968
1512198240380329988
1512197955868057601
1512180303980384256
1511815418108858374
1511809178016305155
1511453970618851329
1511438020649627654
1511337727651893250
1511055056258441222
1510801725288034307
1510300474985140228
1510050461746966530
1510002181847621632
1510002176545984518
1509989018183909384
1509976682890989576
1509942593932738569
1509885195197075460
1509693396474109957
1509640372758192132
1509640370698739719
1509570831898357766
1509189846019063814
1508899913161191432
1508851408703037448
1508824710162878469
1508595984162562060
1508573349672280066
1507894304274067460
1507162240654454791
1507124452491943946
1507108502476570627
1507108500253683724
1507029697569472525
1506684020721164293
1506430118486581250
1506385334753501189
1506340325081722888
1506292380890288135
1506004332113764360
1505963310289760266
1504902038152429570
1504902036466409476
1504838560486146083
1504550026982400003
1504467879370104832
1504221805959069699
1504221801374756866
1504159068629487616
1504139412921360384
1504139410429947906
1504102112501895168
1503807577645277186
1503743751499440139
1503535864810463235
1502449405886095368
1502311580259790848
1502049172169662467
1502049171033006081
1501931921084805124
1501289194945089539
1501276216984322056
1501013524293820423
1500934749438763023
1500156057938767880
1499933220346945540
1499933209601224704
1499759578850152449
1499564451497869314
1499463394407157766
1499463387033526276
1499182528242008068
1499182525314445314
1499147821722873860
1498877270429216768
1498875372980604930
1498872729021333505
1498867039372558336
1498859502174707713
1498857412593340420
1498855772352131076
1498853193949851656
1498850202442153990
1498844333042188295
1498844328306823169
1498819542088302603
1498819541098500096
1498819539555041284
1498719374512988161
1498719371123957765
1498484051077959688
1498439426799812610
1497256062931509248
1496855434094956551
1496606723683069959
1496563559312019458
1496147029688524806
1494776189424128003
1494776187951927298
1494349569018187779
1494349567315386373
1494032274089730053
1494032272349368321
1493714745182101509
1493699938554978321
1493625808346398730
1493364184028962816
1493362724247683076
1493362680412917760
1493362595411152901
1493328869931335685
1493280191346614277
1493280189475921920
1492971925982879753
1492971919439798282
1492147791103148041
1491809487816212484
