1534642107796922370
1534642106500882435
1534583283002003457
1534583279692697601
1531356007552663552
1531356005661134853
1529858651149651968
1527037406477750279
1527019792305205248
1526658655923339265
1526282629829509120
1525259132500070406
1525259130176413696
1525259127622082562
1525259125667639296
1525139758925680640
1524858856299544594
1524847495540576257
1524847494412353554
1524847490452930582
1524792045147152390
1524791138619621381
1524508689159368706
1524508687469096963
1524464300710051840
1524464299061698568
1524148889292529665
1523818965658652673
1523818962156457986
1523818956380852224
1523443639124258818
1523100803300532224
1523095567756267520
1523095489855598592
1521506640465379329
1521506639374913537
1519789409423474689
1519774586300256256
1519774546265583616
1519422899471454209
1519422898246668297
1519422896862633984
1519042984775405568
1518679974991048711
1515708534071218180
1515123546963513345
1515012543118458892
1514642203523489802
1514642202319724563
1514423650312622083
1514423648899121155
1513949397284839424
1512215970072477696
1512215968520589320
1511746611420053511
1511465421500788740
1511465420406075393
1511465419336556546
1511465418187235331
1508550241053777920
1508550236851126272
1507438464899375111
1507039052754735112
1507039051311898630
1506803183041007619
1504541529054097409
1504541527804194828
1504541525253971970
1504541523907682306
1504191008342425600
1504152139068854274
1504152105279442946
1504152103987593216
1502412865923436547
1502038706684895236
1502022558010740736
1502019826579038213
1501687348387586056
1501687338749022213
1501347888072466443
1501347886738690056
1500271442025455617
1499528460557033474
1499528459315515396
1499464882114244615
1499464881069871114
1499464878536503300
1499150369649217547
1498861323970564100
1498800218321608704
1498800214089605121
1497655216652619783
1497322666826547228
1497322653589385222
1497286422688059398
1497009189331296259
1496946733544181765
1496840609969041409
1496840607951687691
1496619093834846212
1496619092723355650
1496509847847817223
1495915890549968899
1495915888222027779
