1534560981405384705
1534543056132767744
1534274939032899584
1534230102816456710
1534230098752196610
1534205147991224320
1533939329147576322
1533917859214249984
1533917857557405697
1533876592627404805
1533442199165231104
1532813737819774976
1532813736280563715
1532758873307852800
1532481735694471194
1532468068936474652
1532468066310926337
1532404127308857345
1532192021221453824
1532153835329839104
1532112421644554246
1532101464117714946
1531736127702552576
1531474336242098183
1531271846905225216
1531271840613662725
1531271835844845568
1530231367367376898
1529935628275793941
1529875869807910918
1529844148521541634
1529667588392984576
1529664585585803264
1529450378508615681
1529218918459461632
1529212110223331328
1528333270915727361
1527842080038559744
1527281456355196931
1527275839737438208
1527053426470928385
1527002764831772673
1526984283692359680
1526981918574649344
1526675069010956289
1526641068665626624
1526537937504067584
1526271205417811970
1526199460262465537
1525181186968100864
1524856241822089218
1524806262034247681
1524740953180889090
1524518181800488968
1524423084777914369
1524004076257742848
1523838500470149121
1523772514035732480
1523717032855826433
1523694445178540032
1523375604522831872
1522645350967820288
1522640866753617922
1522610829065080836
1522309655724273668
1521961192775946248
1521960998978179072
1521960819671674885
1521960701757210629
1521960519736958976
1521960393157005319
1521927093638021129
1521628682409938944
1521595033891319811
1521561501177458690
1521306783435870211
1521150260869046275
1520489715383865345
1520119760566067201
1520083986395058176
1520050054752612352
1519729451545804800
1519729448391745537
1519727524812664836
1519716910694285313
1519337075086184450
1519069179550314496
1518999560659603458
1518963475921387526
1518963473945964545
1518960572515110912
1518619112808890369
1517895798889062400
1517602467504177152
1517586931709849603
1517586923367317504
1517555549583331328
1517539485017325568
1517512795524321280
1517202206017085440
1517143769702752257
1516576842551025672
1516486637991174147
1516378676916543496
1516239649525669900
1516123433700057097
1516095906935975947
1515665746273132546
1515060669862846467
1515020441441681417
1514980615057133570
1514967332061339651
1514641925810368516
1514640697487462408
1514626500439465987
1514626499525160965
1514626498480812032
1514626497117569033
1514294057421389831
1513898609128923140
1513614664432820233
1513516409942331402
1512520660039389198
1512423859135340548
1512187111683891206
1512152822883790850
1512147257352724484
1512133782991777802
1512075222878285837
1512060566977880064
1512060563563716608
1511869997995470851
1511801047295029249
1511796609440526336
1511757308371554311
1511757307281125377
1511723211020460032
1511455547115069450
1511442904308461574
1511432611993952258
1511391592267096075
1511354220120887307
1511333058854723585
1511086661668589569
1511042328248651781
1510974204086263815
1510308845540843527
1510006706692141068
1509987715424538625
1509975308937699328
1509946554169413637
1509923112292393009
1509899845942849578
1509892117061066753
1509647595148304390
1509631319566917637
1509584124193001479
1509553034170449927
1509529205561704448
1509195649530671109
1509195648104603656
1509174396321243140
1508916534567178246
1508893619524182027
1508846190896553993
1508828039257407488
1508807014612455436
1508568394722856960
1508519549292982277
1508484007893340164
1508418947053404169
1508168226638909451
1507761310133542919
1507432678609543177
1507424247492263966
1507408429111033858
1507401046972407809
1507401045466619915
1507394988920950788
1507360403583647747
1507113778327875593
1507079602086330378
1507079473186885646
1506990358500159491
1506990357447380994
1506988170143059968
1506727888816680967
1506708457789046785
1506708456681660419
1506708455595425813
1506708453615620101
1506676177024475143
1506644583664472064
1506629122923061250
1506375960853192704
1506329286550200324
1506329285044355086
1506023413034352640
1506023410765291527
1506023409142181888
1506023406583816192
1504926376066957314
1504816138651410435
1504600276749193220
1504600275281133569
1504600273335037957
1504591204704526344
1504578377444900870
1504540501432803333
1504516912407097352
1504480639570960388
1504222855168409604
1504205153548779522
1504205152470851585
1504205151363600392
1504205149891440641
1504194790308691981
1504169896158146562
1504169614661632003
1504161599275380737
1504103631251021827
1504066320740065289
1502419102459170818
1502394210049212418
1502340324173221892
1502340318661861377
1502340314614349833
1502340310252331008
1502340305932148742
1502322145707413513
1502012642549977090
1501981496801992704
1501981495455621126
1501956567788400644
1501936621200965636
1501936619539996681
1501936617145057281
1501771034529341443
1501638496712278019
1501621665515642886
1501619165672751105
1501565147214749702
1501314958239440902
1501240239800688643
1501240237711839237
1501228219890278400
1501227938230030347
1500970669709922307
1500963331795992577
1500917987435585543
1500878000417644549
1500849846600798210
1500270785461686275
1500119100638515200
1499868484066594827
1499868210786615297
1499860398736134146
1499850396998770688
1499850392997400577
1499819877317726210
1499750172259139585
1499740292462911488
1499740291590414345
1499740290650890241
1499517073025867782
1499505757536018433
1499487275448614927
1499453463553585158
1499424917103824900
1499403408658210816
1499121422047842314
1499121417442533379
1499121411679477766
1499070466090323969
1499046873746788360
1499029119363063813
1498864214445862924
1498835107284664322
1498825242730549248
1498816677135458308
1498802571095465986
1498796382525833218
1498783625042612225
1498774161866567690
1498728134849355779
1498677041918578695
1498471588773117960
1498471586097246210
1498422268187267075
1498398834657009665
1498373447268843523
1498373445998067712
1498373444639076353
1498372774879977473
1498355170077462529
1498335493737824256
1497271424968314888
1497232371388661764
1496933552163737603
1496930902697558031
1496882093825171467
1496854214143881218
1496849801211695104
1496847591220387844
1496847590142648325
1496593862470643719
1496487248656744449
1496277182381015045
1496244925297573890
1496168658950893574
1496148477335719938
1496148475641217036
1496126002250059780
1495940485382352898
1495909775216889864
1495853196929114118
1495852543276204041
1494795892636983297
1494707321427181575
1494428960935059458
1494417877633576963
1494380169947238401
1494380168118427654
1494064954034503691
1493997351165378563
1493980777540898832
1493980775829716994
1493952439271235588
1493952438012944384
1493704577400684544
1493676530085638147
1493630132329848840
1493630131306483713
1493630129888796673
1493620226641915904
1493336999758995457
1493320701696167945
1493262257530286082
1493239057945706500
1492310805454462981
1492255426674675718
1492231465026867210
1492215610549354498
1492181169420578818
1492153364121268225
1492153361541574665
1491874171630067717
1491874169230872577
1491844260647342081
1491837510552588299
1491816150958804997
1491816149545369604
1491816147699830784
1491816146378674182
1491816144742895619
1491787604643090438
