1534676647068127232
1534646520179568645
1534646518266970114
1533977045717422081
1533915661495320576
1533915002633080834
1533154115982921730
1532857970278678529
1532791321211150338
1532791319256498176
1532791316677009409
1532094158965547010
1532094156838936577
1532094154267926528
1532094152200142849
1532094149624725506
1529934651120402445
1529904452030844934
1529874236445274112
1529874234197032960
1529489954979692544
1529489953499058178
1529489951779434497
1529489950072356864
1529094668293660674
1529094666234232835
1528814743972204545
1528814741560381442
1528814739500978185
1528814737240227846
1528476291296534529
1528445840607481856
1528415641685970946
1528386168198397952
1528386166294290435
1528098353606688771
1528098351845097473
1528098349597048834
1527753345548566530
1527753343795400705
1527753342037987332
1527385709946015745
1527385707748020239
1527369750854225920
1527283042561277953
1527283040451297280
1527283037448425477
1527283035351175168
1527042011223801858
1527042009013395457
1526706127278288896
1526690776276733953
1526660691259793419
1526660689284284417
1526189180753174529
1525642286788395008
1525642285177880577
1525226943632887808
1525226941816750080
1524795856184016898
1524141292585947136
1524141290589466626
1524141288702025731
1523635801757683712
1523635799589556225
1523035160287248384
1523035152741732352
1523035150807822336
1523035148962304000
1523035146902986753
1522629770109804545
1522585538750029826
1522585537118363649
1522585535155425280
1521540370852634626
1521540369145634817
1521126884620353540
1520788107985133569
1520788105669890048
1520455007350497280
1520455004838146048
1519763206348156930
1519434722845380615
1519068180823609345
1519068178172755970
1517596387214512137
1517596384706375681
1517596382152085504
1517596379409006595
1517590150204768265
1516890449331597313
1516875867183620097
1516875865027530752
1516875861697474561
1516547166839447564
1516547165052624896
1516547163295264774
1516547161248485376
1516072371320467459
1515434109727911936
1515434107953721354
1515060155557330946
1514379410794758150
1514379408743706626
1514349707732082694
1514304157754134529
1514274043091996681
1514274040659288066
1513627700245762051
1513597572220432391
1513597569326272518
1513275378911096838
1513230135088095234
1513230132923797514
1512911412783366155
1512911410631786499
1512570387829248012
1512570385606352904
1512505999705448460
1512505997507575824
1512179910412062722
1512164664880373766
1512164662829359109
1512164660539281413
1512073094696882188
1512073092343820306
1512073090028621833
1511824773109600256
1511824770119122951
1511800922845941773
1511800920614526976
1511708267910766593
1511708266228850699
1511483320483282944
1511452618303938568
1511422539779694599
1511422537816850432
1511422535941992452
1511422533798703106
1511331494417117185
1511070903114907648
1511070900816388108
1510986387373371392
1510986385171353606
1510752001679716361
1510736650325868546
1510721299064270849
1510404209765609475
1510373759080796161
1510358408087678976
1510313209064042500
1509675156020547590
1509669588396650500
1509669586467229702
1509614642242457600
1509331642313228288
1509301192039432197
1509286056373461004
1509286054167261188
1509286051898081285
1509286049545170951
1509286047007526917
1508980328836214785
1508964976530059264
1508949885055381504
1508949883289542656
1508949881427271684
1508949879334309896
1508587489413402624
1508557003366539272
1508557001625939972
1508173078760767490
1508173076932005897
1508173075040378898
1508173073064902665
1507790958087360516
1507450522189631494
1507450520264450048
1507450518368620547
1507450516355305474
1506722951621656584
1506722949377761287
1506035424132620292
1506012779362217988
1505936964897361920
1505936963001536514
1505684727893745664
1505684725951832069
1505640262420373506
1505640260553879553
1505308885351124993
1505277931685400587
1504945239408222211
1504916208440823814
1504596944294928394
1504581341538447380
1504566241901649930
1504551210791149569
1504551209272762373
1504551207519539201
1504510010637828111
1504251165789220870
1504235814783442951
1504220463534280705
1504205385619709953
1504124263783149570
1504124262008958987
1504124260075323394
1504124258087284742
1504124256220848133
1504124252810883077
1503871665163407362
1503841431911378945
1503841429520535557
1503546522692030464
1503540231286497282
1503532945621065733
1503532943683293185
1503176788377317378
1503176786611429378
1503150916056215554
1503141942342868995
1503141940413485065
1502794819650867202
1502776700224086028
1502759084445122561
1502749690890121216
1502749688075853826
1502121780076556288
1502121778503733249
1502121776821723142
1502121774976278530
1502121773361467392
1502121771427848192
1502062914085265412
1502062912256544774
1501678035749249026
1501678033413017605
1501641211182002180
1501641209231687690
1501641207050649611
1501626045870612486
1501626043899301895
1501626041617600514
1501401639600730113
1501392332762976266
1501386288426930177
1501377230794117121
1501356025512960003
1501356023914901514
1501006013108998150
1501006011695517696
1501006010168877060
1501006008143028224
1500964808665018370
1500964806857310210
1500964804944883714
1500909879812317191
1500827032778940422
1500289081498120193
1500289079673507842
1500213322448318464
1500213320607059973
1499871023772151816
1499871021947621377
1499871019909136392
1499548428241555456
1499533328617066514
1499518247896592387
1499518245786853379
1499158861718163463
1499138977940623368
1499138975969206277
1499127907679191042
1499113532507500547
1499112787565588485
1499112785187414018
1498810818267332608
1498794460305674244
1498780367674912773
1498764009616470016
1498748155021561856
1498733990769053700
1498733988529287169
1498498510060089344
1498483158999703552
1498467807696150533
1498452456639979520
1498437105822965763
1498422096376078346
1497746303815667714
1497731082346762240
1497294107059933196
1497294105386360840
1497294103603724297
1497294101049495562
1497294099145236486
1496894176344039428
1496847385745444874
1496293983923982337
1496263843542151169
1495817563481296900
1495575499795533834
1495545209349939202
1495150197223141391
1495104911591288832
1494776484807864321
1494761133802237957
1494746034085322755
1494732947886272513
1494724895250464781
1494718855591063554
1494127961385099270
1494112610203025408
1494097007845150730
1494081908040519683
1494066683786534917
1494066681831956487
1493790739632832513
1493775388778000387
1493760288889262082
1493745101427953670
1493745099880157184
1493745093941026817
1493396139269189632
1493385807549317120
1493385805259321348
1493350832925986820
1493032996449964041
1493017645339144194
1493002702518984704
1492319797291356163
1492304697767567363
1492289346430402566
1492274423767916545
1492274421737926660
1491948601177788416
1491917898910154756
1491887199884881923
1491856745689333762
1491783353271406597
1491782469355548673
