1534645889205211136
1534562022498742274
1534328660349665282
1534299982144184320
1534255671650181122
1534210003531448321
1534178822790209536
1533895817672769538
1533895813189062659
1533859481360252930
1533803581555585026
1533624884051464197
1533480471480369153
1533123785213231104
1532784833289666562
1532738056142344192
1532507274324869124
1532467295963996172
1532434469377953811
1532406724300251143
1532118269804544000
1532091436207857664
1532072213888659456
1532034270859931649
1532019587360989185
1531667415360208897
1531270180487278595
1531048186017718279
1531048183136145409
1530979001874915328
1530710848813117442
1530641092718350336
1530342949229305857
1530342947748716545
1530342946079399936
1530342944057790464
1530342942551973890
1530342940924686340
1530342939179855872
1530342937749512193
1530342935732142082
1530342933853048832
1530278979894136835
1529964570734907392
1529934876270637061
1529921940940541960
1529903627346886656
1529889457549238272
1529886819990614017
1529856222299574274
1529822978338238465
1529634555354832896
1529591611616858113
1529591610211766273
1529591608299094017
1529563840874172417
1529555278550732802
1529535098919563264
1529273579656953856
1529219216032681985
1529185637861142529
1529167509903007744
1529104122032570369
1528904976873017344
1528864250466545664
1528501985804173315
1528413159098392578
1528393126561325056
1528124042808541185
1528033180833431554
1527787399090167808
1527761236175339521
1527742508628951040
1527655167008571394
1527487375982592000
1527469474038808580
1527439389986459648
1527412279905505280
1527412277774798851
1527380492424650752
1527363540398796800
1527348699088637954
1527337802773725190
1527307558708318208
1527289884112658432
1527289767833894914
1527021478876700674
1527021477526130690
1527021476054020097
1527021474502086657
1527007045299359744
1526972317754064906
1526959630462726147
1526946245985636353
1526716562979409920
1526678227678380032
1526671002008276994
1526606794625363969
1526606791806787589
1526606788996796416
1526373946026774528
1526283254571143174
1526272703258365952
1526202744624791552
1525897789124882432
1525536420701650946
1525518571262164992
1525476024053641218
1525181033976680449
1525152410234195969
1525131369042612224
1525131311513493506
1524906196603490312
1524887208997576727
1524876928821473280
1524848129295761410
1524805394912137216
1524563746122870784
1524520007425744897
1524499077840441344
1524499074606587914
1524472210567704576
1524425228411097088
1524409006562983938
1524388562791284736
1524203300421136385
1524168776777932800
1524145490949988354
1524089064391122945
1524062755908694016
1524058095835652096
1524041107880833024
1523753686589009920
1523737988806545409
1523737984843268097
1523415004816416769
1523308855391768578
1523308852464144384
1523308849834258435
1523308841831526403
1523308839172411392
1523308836647362560
1523308833552011264
1523308831383506945
1523308828632092672
1523308826232967168
1523308817718554624
1523308812718931968
1523308810013593601
1523308805311778818
1522601707842199555
1522601624581160962
1522332429809291270
1522318246082498563
1522282875332308993
1522248526654226434
1522053754291470340
1522026677467070466
1522018017210687492
1521999705307291649
1521959451196071936
1521928285961269249
1521865595905531904
1521858494151942146
1521685967689629696
1521640993413640193
1521624044013080582
1521593784039092225
1521560941326123008
1521559924093988866
1521544855142420482
1521255245157969920
1521192757360013313
1520891603401031680
1520807779933556736
1520177841341673474
1519818822877908993
1519818820508135426
1519801331577409537
1519773674911449090
1519367348242763780
1519335078433894405
1519314351437537281
1518966851161706496
1518742879849562112
1518692655047352321
1518664888100528129
1518656811347423235
1518634440003657729
1518393262813462528
1517935089765732352
1517557071083937793
1517302698663686145
1517260825316241409
1517240895124422657
1517240743890464768
1517192267978747905
1517163604314841088
1517163603295625217
1516870759184048129
1516838414376701957
1516545119989678080
1516476985899421699
1516054129252225034
1515751874170953735
1515684606451851264
1515013333686050818
1514713746895261705
1514638163981094918
1514600179449548805
1514392996665606152
1514369920708091908
1514367771878080522
1514345128520994816
1514272907794464770
1513959009635778560
1513959008046141442
1513941264701476865
1513622342345367554
1513526368558010374
1513180600353570829
1512830397259956229
1512565361031499779
1512545751234195459
1512451322238455814
1512224869219553287
1512224607302041601
1512211678322118658
1512186082523328514
1512169913917620227
1512169912432832515
1512169908678893570
1512145904505135109
1512129279970131977
1511896729737740291
1511896538326388737
1511878355573956613
1511842406202806279
1511792984584511492
1511736870232862721
1511724210313482241
1511484539893334017
1511375520629506051
1511342437368795148
1511342435183562763
1511068150426701836
1510984181052026899
1510316782191525894
1510258812762132484
1510052844547756034
1509973066125910020
1509949389040717827
1509925492832579597
1509665033306968076
1509633133448212481
1509633132080807937
1509633130566672391
1509607947109818372
1509529217058357252
1509326366713565191
1509272691479564298
1509272006239395845
1509198505105100803
1509181586629181447
1508959324013572102
1508906340810477573
1508901000429641746
1508875595958333440
1508837501464719362
1508446904245534721
1507868782177443847
1507853723783024648
1507808015260520459
1507792643778088969
1507480028426219520
1507421250074853401
1507397273566732290
1507363941592281127
1507363754119413761
1507118431434330114
1507118327390515206
1507114188577116164
1507051034648223744
1507009585567059969
1506814619289067523
1506799759042002944
1506759194950582278
1506741229345718285
1506721300051644417
1506386192585035776
1506378047741734912
1506369648824094727
1506344708087427072
1506032628524331016
1505906312873455618
1505558165605302275
1504924658218455053
1504919878674923522
1504906545318051854
1504887249095340039
1504874650827907074
1504874649573806080
1504851011663548429
1504558335101648896
1504516449037131781
1504472156662423559
1504245511846518784
1504242057417797632
1504212623075782659
1504178070999154689
1504178067698241538
1504178064045060105
1504178057497788426
1504178052997255170
1504178050660974599
1504178048354115584
1504131237149130761
1504131235983118348
1504131234657615873
1504097870684766208
1503823598842257408
1503807755026587650
1503784080109969409
1503754834297643026
1503749537718063120
1503730876852711430
1503530569132617737
1503478749978894346
1503398568522133505
1503390116219342859
1503041960491339784
1502745202364235779
1502434027642540032
1502412816548048900
1502314572329504772
1502314338685788161
1502131437943898113
1502063605415653380
1502056398812811271
1501979081704939523
1501951913935310848
1501928758739095552
1501704335469731848
1501673436359315474
1501657048689221633
1501647331175059457
1501634600052961286
1501618049027354625
1501584481840504834
1501571581935591425
1501384405293674496
1501314030732038149
1501306251547856897
1501289613226250245
1501250328133619716
1501233786985406465
1501222738396073988
1501206465780068354
1501027416650694659
1500856296139939847
1500255171577843718
1500217025456746496
1499865376062337024
1499849794076004359
1499846501358526469
1499836319178051590
1499811855463849988
1499556200140222467
1499520900479303684
1499454131735515141
1499430485331742721
1499166341567287303
1499154403294683140
1499150912429907978
1499090321887670278
1499049732672532485
1499034598830972930
1498870976209113097
1498869170448052227
1498865906415505409
1498863472930664451
1498845231751602179
1498843847526387717
1498834231635718144
1498822876459417613
1498795382243045379
1498773658432684032
1498759291095949318
1498720450351972353
1498451681578823684
1498411370345345032
1498355480011460619
1497611843468206083
1497375716173832192
1497321557470978051
1497321549644369923
1497313477148487682
1496864834851385350
1496864828643762180
1496637321923473413
1496556157577617409
1496494093400215557
1496296925645135877
1496265077674160132
1496225667716894720
1495837286918930435
1495059108931719172
1495059093651918850
1495059073473077260
1494862823532412932
1494790301990404098
1494790295657099271
1494773557812944898
1494753557781913601
1494753555714031625
1494742056840871940
1494514727585783809
1494062470297796612
1494047966671343618
1493978245108228103
1493966643835322372
1493691624244891655
1493637119855808512
1493335134820569092
1493293721399537666
1493256596419489793
1492884825879031811
1492660750405419009
1492619453477105666
1492587805566025729
1492585562296963072
1492527743468249093
1492527707401424897
1492527685427417097
1492527641315921921
1492310934102106114
1492231766899318786
1492204804306874368
1491801638922698763
1491558885475463168
1491558883713765379
