1534587562018459648
1534585886670823424
1534296143093501953
1534295914927497216
1533111211671400450
1532353917211889668
1532353915034927104
1531272748806414337
1530311522186145792
1530203584083681280
1529983471850082330
1529500044528865281
1529500034982625281
1529430735798534144
1528738365465567232
1527299653095477248
1526996140075503617
1526700478461054977
1526624485478113282
1526303037823885312
1525123615477452809
1524856318531616768
1524856315859836928
1524498779386396682
1524498776844558336
1524452894111674375
1523708658672349184
1523293296743043072
1523293295039897601
1522659907606044678
1522603784043737088
1521878962242301953
1521503942429057025
1521490093961273344
1521490092744970240
1521209118396141568
1521130758462750725
1520123374928031744
1520072727704612865
1519738367080022017
1519713795068805121
1519630873125081094
1519630871590051844
1519377525037842432
1518637286489047040
1518567816856846339
1517572815385505792
1517169788640018433
1517169786697957376
1516774809153191951
1516774806854811652
1516582732977029127
1516582729571356685
1515685173303685127
1514972809805676549
1514759149258788864
1514718294934175749
1514343732165988358
1514343729188032512
1514264130844246019
1514001944251142144
1514001941680041984
1514001939125747715
1513924590359220229
1513578537889976323
1513168993892372485
1512522998695305225
1512522997369905160
1512522996099031044
1512522994828161024
1512522993129431041
1512522991032279047
1512522989669081089
1512177135657619458
1512081016000692234
1511787431569371139
1511437163262578694
1511380114365366276
1509988505170198534
1509877402851233793
1509598202642763788
1509584015132610565
1509566604778086402
1509344201510735873
1509230928970850312
1509230927704113152
1508926637471064069
1508794885092089858
1507757077032321034
1507356146415378441
1507128033890783237
1507041217317584900
1507032440216461318
1506645078353367040
1506326839463190528
1505037644450906113
1505037643595362306
1505037642752274435
1505037641674371077
1504809376216977410
1504809374866415629
1504499922116227074
1504499920715329558
1504469550993129472
1504466396461289480
1504247010618224641
1504199580551942146
1503847197837864964
1503401289966931969
1502360734222725123
1501938936519688199
1501736106173378561
1501646192345821191
1501646065946222597
1501605378181808132
1501261849161052168
1501199976403283974
1499875140846473220
1499398612769333254
1499398610697396234
1499398609409744911
1498865599052664833
1498865597744099329
1498865596141821952
1498767076361752581
1498693190739804160
1498664086057406467
1498086197616381954
1497424882396762116
1497423888598380550
1497423608787963904
1497423117924413444
1497422593665683456
1497421944857272322
1496899235199000589
1496654975623176195
1496654973358256131
1496542712597782529
1496529100906938370
1496529065205026819
1496232947527081985
1495756552300642304
1494753651352645637
1494701428383924232
1493624578886807552
1493624577263644672
1493279359100145675
1493279357460168719
1492223388575744002
1491838910158286851
