1534633865767047168
1534620566216400896
1534577545349414915
1534533573881090049
1534522547529781250
1534373399107100672
1534356872542707713
1534356867954114561
1534280388843028481
1534261594489757698
1534222323049439233
1534180044440064003
1533950613117018113
1533931866700632064
1533869111490617347
1533862496813064194
1533823729888907266
1533647364786999296
1533641073456824320
1533612995003174912
1533612990213275649
1533575328316129280
1533215846897786880
1533154116230336512
1533108817889595393
1532915542805213184
1532914287080902656
1532821178829656071
1532821173603643393
1532808716432572416
1532789475654475777
1532772094026600452
1532741672412626944
1532738800690024452
1532530254622892038
1532530246620160013
1532461512224301070
1532425972330418180
1532181456075870208
1532162481182867456
1532107319869423622
1532094578270011392
1532076099902984192
1531714488059109378
1531714485202853888
1530707404064800768
1530706744669872130
1530375304354508802
1530342715325661185
1530342712372756483
1530004743392722964
1529994949051154445
1529902251719938064
1529647144721956864
1529644991156563969
1529585014140198915
1529535102274895872
1529284458955870211
1529284457177522176
1529190424497246211
1529123636149473281
1529109749098336262
1528900694585053184
1528810782863015936
1528205255346896896
1528186382849495040
1528131668778831874
1528131665322721281
1527695991243165698
1527695989062217730
1527477208708677633
1527382070724804608
1527382067708801024
1527302022172618759
1527301390254542852
1527115302785454086
1527001910145859589
1526982491650904064
1526978255777058816
1526974555583045633
1526920843057676290
1526721730382905345
1526655182741950471
1526370572829175810
1526367758220509185
1526312714158710787
1525217276135362560
1525186763311955970
1525110262788939777
1525106933459468288
1524926148844593171
1524875817343275008
1524841366433452069
1524817195619983360
1524581376703426564
1524558967766138881
1524548766325522432
1524470412628873217
1524461937630846976
1524461877002133504
1524434061175009281
1524403725560954882
1524218988821106694
1524196165146787840
1524196162659655687
1524196159195078657
1524196156686966786
1524196153541156865
1524150424256884738
1524149518199103488
1524149514407448579
1523838511950008320
1523781378197782528
1523781375928967168
1523735377403531264
1523735366599348224
1523731569130995712
1523445494231744512
1523117393807306753
1522766165919031298
1522729172501733376
1522677194685878279
1522677190101458946
1522652643826483200
1522623588670611457
1522615473732468736
1522596703693639687
1522596701374238722
1522596698786340864
1522388481456185345
1522273872237805570
1522247543400415233
1522022187183616000
1521997757690613763
1521900303053950980
1521671808457617410
1521472428765069312
1521472425917046786
1521278144820436999
1521278135295168512
1521254877887877123
1520971947819298816
1520560922841911296
1520137651088670721
1520136404382240769
1520115447756206080
1520095214584668160
1519840135721934848
1519782633454116869
1519782630635585537
1519748680756170752
1519721380257882113
1519701870373187585
1519694543712665602
1519668473969872898
1519668470069223424
1519447192523710465
1519371101037641729
1519328498078425089
1519122322204119040
1519111880517861377
1519111878189924355
1519035645460684801
1519035639999700994
1518707730101514240
1518707728193044481
1518707724867018753
1518684027267469314
1518642186119794689
1518410716826505216
1518379520180502529
1518379517416550401
1518324840813449224
1518324836761751552
1518005547290841089
1517960248794955776
1517911679085985792
1517666589218324480
1517666587406438402
1517666585871364101
1517666582029381633
1517557639026196482
1517557637671534594
1517557636169879552
1517557634324443136
1517318519993421824
1517258224956760066
1517258219718074368
1517246303335550976
1517235141424336896
1517235139373375488
1517235135325822983
1516944810887757825
1516875520981544961
1516789415393251333
1516588392796069909
1516518945142018061
1516485707098951690
1516231356304429057
1516200357885530113
1516159641838837760
1515788105407729668
1515140160882630658
1515104441791401990
1515066289924059138
1515001069394345984
1515001065426587652
1514759080224645124
1514759077372604422
1514701625818071047
1514701623578312717
1514377404776595458
1514343345505583105
1514320140833366021
1514320137494614020
1514068578584399872
1513949153096876035
1513683738957389826
1513683737388765188
1513616645008285711
1513317153939894272
1513268082055155716
1513207301578100743
1512607477728264200
1512534736798986241
1512486507851960324
1512454028705337349
1512245319572017173
1512153797329575948
1512118366449848320
1512095911085850626
1512094034281611264
1511887318415822850
1511833303191539717
1511791475838836740
1511764097720885253
1511690948333428746
1511679832358326276
1511535413642465281
1511512650995445763
1511509167663722496
1511393397428441097
1511135366211944455
1511056581311569923
1510979184604205062
1510800571799793664
1510773845191446535
1510773842096140289
1510641913719832576
1510440448506187776
1510407984882593795
1510361416800378882
1510016400479461384
1510004419433320458
1509977874903801866
1509959205616332804
1509713428969148416
1509654374229889031
1509646442662711298
1509636422399057925
1509584980854378503
1509573894260285442
1509524501884813314
1509358569816219653
1509328370949144580
1509291144626192387
1508991148966121472
1508957570765135883
1508902403466219533
1508628760907628549
1508602644830502925
1508602638711115785
1508534660392968194
1508519074493571072
1508244982162993159
1508193093840998405
1508172749721718789
1507888581913817090
1507886548397797384
1507551894880804868
1507542855669063682
1507435297432342528
1507176339996127234
1507162028259123205
1507132918631706629
1507022761205673991
1506807662813618178
1506806154323808267
1506708667420315649
1506448045319372801
1506315057713586183
1506288958149439500
1506092711207739398
1506017971264978944
1505986664749051908
1505725830344892426
1505725825127174146
1505367018454745095
1505341605838045184
1505011054241370113
1505011053272391680
1505011051548614657
1505011050382602241
1505011048524521476
1504945494698733574
1504890472187285512
1504882262961270784
1504583119944437761
1504578609373138946
1504508491880349704
1504508487782514693
1504454157729685505
1504444114988941322
1504435617987534854
1504256675997491203
1504256159884132354
1504189786990465033
1504185560767815680
1504097021338263559
1504097017236238342
1503921493943721985
1503896025848758278
1503844931630247936
1503820758002323461
1503797870729834496
1503747891692773380
1503522615796903937
1503482437069901827
1503482435450847237
1503478553870053384
1503398403455295490
1503191804426006532
1502449336579502080
1502371423121248268
1502338048381669381
1502104821637300249
1502045595632033792
1501960882452111369
1501960880761843712
1501960878672990221
1501960876789624832
1501393587048787968
1501370832592977924
1501305664760471555
1501300277231583242
1501253055593041929
1501224296386990080
1501022392323301383
1500992899189809153
1500576426164113413
1500576424339591170
1500230897681014787
1500230895571292165
1500146561464127498
1500144524601004035
1499835486365442059
1499583340277649412
1499518153709268992
1499492496283422721
1499414361554755592
1499396321517531141
1499220179951271937
1499153989413257225
1499102953814343681
1498876756039712772
1498866614099484672
1498866612564283393
1498866610802728962
1498866608806191106
1498855780430274563
1498853198215450624
1498852850373435392
1498852456339591175
1498829486233731072
1498787793857921029
1498717107000852480
1498500271634145289
1498486745746350083
1498480837720956933
1498310870312570881
1497760901667201025
1497726852936445955
1497726850625277952
1497657730986692608
1497351039841804290
1497351037237313548
1497337197837574145
1497287403442212864
1497287401085059080
1496938130322370560
1496899668646715404
1496847744266391555
1496723753635614721
1496723752356302856
1496666553902931970
1496666551747022851
1496666550568468483
1496666546671923203
1496574789271576576
1496328964297605124
1496311586537017346
1496311574432206850
1496230587014823937
1495228667991052288
1495228664195305472
1495225178380554241
1494777613746946053
1494449758785650688
1494445405995732995
1494445403189698563
1494402793662296070
1494365416243834881
1494357390065549326
1494143321165414405
1494143313313677312
1494143307529826308
1494143295819292682
1494143282594652160
1494143272167612421
1494090193183326208
1494089692643577859
1494063184164139012
1493992741440741389
1493969210543857666
1493760999156948999
1493760997038833664
1493729911286210565
1493729906831904774
1493729271440891908
1493650370026999811
1493609982344015877
1493398641314258945
1493362310005592065
1493362307908476934
1493362305777774597
1493336876828270599
1493336608862576642
1492921732247822339
1492921726921023489
1492553421320343553
1492553417021169664
1492223503038398464
1492171654142775298
1491963700768501764
1491911783073955849
1491871323932569601
1491871322527473673
1491853064826929152
1491619180679811072
