1534684701683769344
1534584677243437056
1534244501744758792
1533513618213457926
1529222621778550785
1529222620327170049
1528778230609723392
1526675914129649664
1526545247697764355
1524380780562112512
1524042527875248132
1521888071351943171
1521492839951122432
1519459413014294528
1519382609427677184
1518704917313163264
1518660964304007169
1518633987593408512
1518619738016043009
1518607127996252160
1518599193903915010
1518596908658348032
1518590410741981184
1514307577856905221
1513212058082369539
1512560192214478853
1512412501731946505
1511336367086882818
1511336365132234757
1509631434801270793
1509625381262876676
1509594332323590163
1509591389834776580
1508488927866507275
1508242283530969095
1508241397543051267
1504858943226630147
1504844671746457615
1504484919946330112
1504118759073751043
1501670673277722631
1501670576716398594
1501663161040183308
1501663159953854468
1501663159119138825
1501663158158643205
1501586324708548613
1501545279560069127
1501253004112052225
1501253003378147334
1501253002283388930
1501251921461403656
1501214915796914189
1501214914278567942
1500952478677938176
1500952427692019715
1500891957459144705
1499430170427600902
1499111711390982144
1498885949916332032
1498851240054497282
1498842778725273601
1498760731688275973
1498758240758284301
1498418315190059018
1497574595892764678
1496950536704344066
1496950535852904449
1496950534913331201
1496950533961261056
1496950532614901763
1496591474175225860
1496554814917992448
