1534681090430050305
1534662182817959937
1534599612761354240
1534566914940448770
1534543770036883456
1534371938587525123
1534221712107134979
1534188142600806401
1533933104112578560
1533933097925869570
1532843818948632579
1532815589424648192
1532746185630416896
1532717558104829953
1532470885575188481
1532456870866305027
1532445185799602188
1532408001256210441
1532058718547808256
1532044269749473281
1531755689781170177
1531736499829579776
1531346249865109505
1531277495156228096
1530240159714791425
1529562707141316608
1529228879457669120
1529228878174212097
1528881663736184832
1528844456056832002
1528792931427024897
1528117914938789890
1527722308097523716
1527711407944388608
1527693107118190593
1527693027560521729
1527348425137614848
1527336682198306817
1527297028501405696
1527111279726542849
1527057809212309507
1527042656433590274
1527028773182484488
1526990443187142657
1526970963379863554
1526946632956362753
1526694371688587266
1526663952528285698
1526641971812610054
1526624512908967937
1526606500629819392
1526550830224121856
1526314002632130562
1526304360325648384
1526285743341154305
1526285529473597441
1526216380839874561
1525504680289255425
1525199590856790016
1525189623806365696
1525189486044405760
1525179887857827841
1524872873462095878
1524794822816583681
1524545649299148802
1524499631102697479
1524493824210386945
1524493417362952194
1524454255570178051
1524414254127931392
1524404934459940864
1524217079729111040
1524216798425530368
1523773800575242241
1523771827231019009
1523753596696727552
1523721013418110977
1523673375696392193
1523309579555147776
1522617576647442433
1522296293585915904
1522273333483651072
1522269589635223552
1522208756700004352
1521911721597800452
1521647205349736455
1521623257874640898
1521619693152395264
1521581038354550784
1521497556202708994
1521317476021293056
1521317001410527234
1521273114574872577
1521220069463928833
1521196789835223041
1521152200847855617
1520127818918735874
1520096395369365504
1520050658057015302
1519784215457705984
1519776980698288128
1519766224506343425
1519742533500346368
1519728528782245888
1519724534710116353
1519674973060743171
1519416247934402560
1519366110038081537
1519324131182972928
1519100327961763849
1519041494329569280
1518668196169060353
1518591466859282432
1517665656526843904
1517576631166148610
1517555381127503872
1517529715237703680
1517524681615712256
1517519926592172033
1517260951975870464
1517230893357838339
1517196884510662658
1516947923292020737
1516876924970229760
1516821430125670401
1516761832765247491
1516527815100882959
1516527605456977921
1516466483223744523
1516411586491133967
1516211089331081218
1516211015230316545
1516143158278733825
1516081321977782286
1515820662081957894
1515666563969568769
1515035258839867396
1514969427632173064
1514723510123384839
1514719370605469696
1514707164803354638
1514685087908081673
1514654817544724488
1514336906871549960
1514290957474217994
1513991273971171330
1513974239057096711
1513604084103884814
1513569854514765830
1513541258035318792
1513248303227584517
1512526913457246209
1512422912929763331
1512175472096038919
1512126057037676550
1512113245427060742
1512095524106780678
1511813120041312267
1511755816583323652
1511743048497221637
1511713574502256652
1511691992220291074
1511465172057182212
1511458521585487876
1511450634167410688
1511415067069276163
1511339131984621578
1511325978714386434
1511082490810847242
1511032703646322691
1511023185180958724
1509654713976987652
1509624844995936258
1509624843842592776
1509624841879662603
1509618554940895232
1509555123692920840
1509543111118278658
1509304426007248905
1509301924553805834
1509276165193748494
1509248447190290444
1509222413682323456
1509212900577136647
1509212698906607620
1509181172286427136
1509154446160367618
1508905707680288769
1508897708597198857
1508553941688201220
1508536619380486144
1508454733282877444
1507533200205266945
1507415472840478723
1507381322943283210
1507375449558728707
1507356374304448514
1507074568585887748
1507046256560029703
1506724460816130053
1506697736246206464
1506350624811667461
1506326567592644608
1506314814074892301
1506274488912158741
1505988882721955843
1505988459776950274
1505963443358158848
1505943908353773578
1505280408304373776
1504901628998074371
1504895504550875145
1504868062289346560
1504856774691667974
1504541599786799108
1504522860043423748
1504522762043461632
1504484635094368263
1504174193436508163
1504132225977262083
1503865072610910211
1503839864046997509
1503833463237062661
1503812198757539841
1503524857002217472
1503503190150553609
1503494765463097351
1503484042460774400
1503475590564917251
1503374368147226629
1502362751884222464
1502340883743907842
1502320269721022466
1502008410874818571
1501778851579449346
1501762175903444996
1501761962627248130
1501569968072232971
1501313884615069702
1501288715808870407
1501260575741034502
1501215992755761160
1500999954290069504
1500999818147241986
1500988818975039490
1500948540314591232
1500910519800238082
1500898439227490311
1499776867930415106
1499768932969992199
1499489849652436995
1499470867767697415
1499455017350270989
1499138914568790016
1499114195303948290
1499108168793837572
1499092598908149767
1499052209107046406
1499040313343680512
1498870795443003401
1498840024347033600
1498760133836476416
1498741787430637570
1498718434900774919
1498464051483004930
1498461975503937546
1498449439052152834
1498439801984458755
1498046365661679617
1498042138592006146
1497342195787079682
1497337674209927170
1496891537912995844
1496638707285336075
1496622347838754822
1496470994021720070
1496301598221426690
1496271382379958277
1496263765104414720
1496174393491394564
1496127092043493390
1496112821846917125
1495948356924944385
1495870691081662464
1495835185069400064
1494788867056152581
1494778253055344642
1494778082930081809
1494709152425381888
1494709002298699780
1494424947619475459
1494424777758547972
1494044825578053642
1494006740005883906
1493727588036104192
1493700510242807812
1493621215172431874
1493351004825427975
1493340274763915264
1493340019028865025
1493330076670255112
1493318965669646342
1493247097805897729
1492173561573908480
1491918886253568002
1491893934729142277
