1534613868445564931
1534604207046725634
1534543910927736835
1534524101460733952
1534263534594449410
1534261791563325449
1534250243939880968
1534241156917248002
1534223930126483459
1534197920299470850
1533892832737607682
1533808046421467136
1533100788213551106
1532733062903119872
1532708692294094848
1532431772394344453
1532414774448996357
1532092696285806592
1532085027286224897
1531999144868552705
1531750348821565443
1531711052714590208
1531689000637022208
1531259129880141825
1530655000858435586
1530219734637084672
1530205913575047168
1530179514818437121
1529925602156896258
1529834074554105858
1529240728269987840
1529175206576652291
1529126121647837188
1528039081120235521
1527764084900478983
1527749323747991557
1527706566530838528
1527664831972708354
1527658510095368192
1527640175811211265
1527318624851005440
1527292274626990080
1527056698040516608
1527053235432865793
1527003192692723713
1526957306604310530
1526939504774369281
1526939503247732737
1526939501767102465
1526658812341633024
1526656026296176641
1526649544204767232
1526626525151432705
1526566124426514433
1526556889399672832
1525842891830181889
1525196827099901952
1525194984164671489
1525134567643938817
1524852178522980377
1524811824004313090
1524764671999422464
1524758273118908416
1524510435231293445
1524510433956274178
1524510432513437697
1524510430852493316
1524461582457225217
1524439729646755841
1524410642089795585
1524087455456051201
1524068249578754053
1524054580585283584
1524028944529379331
1523720527386660864
1523654630529728517
1523286604940464130
1522608329339674624
1522588556224516097
1522588549358489601
1522588542916038659
1522578787849981952
1522298021576388616
1522269367819550724
1522267582933479428
1522267581406715907
1522225134307840009
1522209939904765952
1521930591989641217
1521576083031736322
1521567998556913664
1521532100725325824
1521532094312292357
1521515041509584896
1521515040171601922
1521515038758027266
1521206286368624640
1521194168864944130
1520402595835092992
1520130195465945089
1520119628097273858
1520114630089187331
1520106649779847177
1520044552639373314
1519753301167943680
1519739445112623104
1519722782602539009
1519711409789091841
1519696198281609216
1519424766238728192
1519383187918573568
1519343309092794370
1519331050622705664
1519319037108527105
1519304063678128132
1519066800247517186
1518999486495920131
1518997446105387008
1518972360216518660
1518949716758876162
1518691262567698432
1517888381962932226
1517610032044642305
1517610029586989056
1517516530992435201
1517511337420722177
1517509185990180867
1517498079041269762
1517195448364249088
1517181600475369472
1516928236944506882
1516832733087117314
1516800422887018497
1516780028079575041
1516528927975559170
1516440142734635016
1516432043953070090
1516160108463538180
1516145594716282885
1515676457627897857
1515027181650513932
1514966774403399683
1514749546294829069
1514749544906596362
1514624967148818449
1514610799121092630
1514357415319330819
1514345905348087818
1514333030369931268
1514325599606693892
1514246551371141123
1514013000327442435
1513960331076329479
1513886553696874504
1513872584990933001
1513869527620239362
1513630397409673220
1513532497413517312
1513513712140881931
1512532454493626369
1512524032205377536
1512481416516317184
1512465231477420037
1512417457801240577
1512163476248137736
1512148406898155528
1512138874339868681
1512124905462149128
1512110285414453249
1512079694014738456
1512065001380483075
1512053342167617540
1511820375704887296
1511803593120223238
1511801388065509383
1511796526082895874
1511739747521155077
1511735040190865409
1511714503653830666
1511714501862830089
1511705726489665540
1511692750135119880
1511451897584103435
1511408292098187265
1511059808958435339
1511038445199798272
1511006883032748044
1510981666675822602
1510276875720998914
1509985864889348103
1509975863638507525
1509975862464106504
1509975861310763012
1509949633350582276
1509910955672711173
1509910953957154818
1509910952048738312
1509900499927117864
1509878940248293386
1509663272974405637
1509663272076779524
1509663270633881608
1509569759238623241
1509558408931856388
1509549363135225858
1509514903853408259
1509240214006468611
1509222279279951879
1509204325666639872
1509192589114806276
1508891203374362633
1508816337979822090
1508504308945457159
1507421307490680834
1507386611943751688
1507043013909958663
1506738938341376009
1506672664118759427
1506657724007858176
1506627892972769287
1506298438845190148
1506283647112032258
1506254376607916037
1505991974498836485
1505908762489540621
1505009151449214976
1504867473908240425
1504860566510350336
1504822706998583307
1504514674603311110
1504500648544505864
1504500321304907777
1504451633316601860
1504194086118608899
1504164803350347780
1504103746300784648
1503839331445878784
1503787265633443840
1503735573550350342
1503393084150886408
1502327792205189129
1502288756690272265
1502015383141765130
1502015381329829895
1501992164741558275
1501959732264902660
1501935785678761997
1501917098964041729
1501559521503813636
1501296229195595777
1501241500734304264
1501217564663418886
1501202321992257552
1500958772935770113
1500941648498507778
1500941171601911811
1500933031015727104
1500916847687917570
1500906100857708545
1500889884285935623
1500142172221366278
1499857708291440641
1499821904009519105
1499756356240347139
1499499355165925385
1499442576914583557
1499438312322441218
1499403903984553986
1499132057846489094
1499131226774454276
1499122963286794243
1499094212792537088
1499054544520728577
1499050333431025665
1498875378982658050
1498861710622478337
1498857841003831299
1498856222325456898
1498855688260534278
1498855535193513985
1498850785446219777
1498849666758230025
1498847967096283137
1498846838027395077
1498846569218641926
1498845495728484355
1498837451875536896
1498771720265740301
1498750203016400899
1498746577011286021
1498733205133967365
1498713241358323723
1498674511604072455
1498665708749733895
1498399718963044353
1498373743999082504
1498373742493323269
1498373740308176901
1498352487706906627
1498341069339172866
1498306518789365762
1497937383697829889
1497281251300061187
1497213524908642306
1496898301693673477
1496891674114629635
1496662729746259975
1496618382602420224
1496536114160623621
1496536112311025670
1496536110863949834
1496536109307867140
1496536107290353668
1496497067652485127
1496263629687169026
1496249135296659456
1496244711740354561
1495804408038363143
1494799908913696769
1494762954297954309
1494712308425273345
1494697827058040833
1494678539261693956
1494365675313319941
1494310876416987136
1494024772451278850
1494001597394923522
1493704651983699974
1493695564881575937
1493656650326102021
1493318269687812100
1493265622725238786
1492271397099474950
1492223779946352643
1492198747668889606
1491851574863446021
1491776820244619265
1491771097393635329
