1534576836130263047
1534576260952821761
1534175018824998912
1533865883403157508
1532805951610359808
1532735937792184321
1532457486564966401
1532195480087711744
1532191412841852929
1532005951179481090
1531301119720300545
1531280665462849539
1531257393069363200
1530600650559696901
1530555868613320705
1530249843649695745
1530224322291412993
1529998434106744832
1529959797180727296
1529873144831426563
1529850590506909696
1529842459588558848
1529834267060195329
1529574464542982144
1529481281062547457
1529452477564735488
1529206934867525633
1529194477167992839
1529185068878647296
1529154885404528640
1529139601587175424
1528773108819275778
1528399793583804425
1528001528405143556
1527775944546701322
1527773405876985856
1527767775342694402
1527671070697967618
1527638759138803714
1527603629510774786
1527246698225061888
1527069486515470337
1527064435113590785
1526960236023660544
1526955938074218497
1526649423136268291
1526616396548931584
1526543222859759616
1526319909474603016
1526250992341200896
1526247670830055424
1525603841990922245
1525214553084252160
1525207301736759296
1524725075051700225
1524559976802496513
1524463472058277888
1524422766094655491
1524400074897432576
1524004720750301185
1523317844271718400
1523315228888379393
1521879270842421253
1521846840672595969
1521509203202002947
1521497826563436545
1521173392501743618
1520963901080358913
1520946998211493889
1520212822415839238
1519751628970156032
1519486693665120256
1519110202183884800
1518773004645322759
1518667547079593985
1517989747083329542
1517926628592136193
1517644393972387841
1517619813148995586
1517532754145157121
1517531383169785856
1517339489391329281
1517258757960609797
1517214415350898691
1517127931881000960
1517124123381612545
1516962266364751872
1516515823611002888
1516512021617029128
1516398869151727620
1516244195618471938
1516237263679676421
1516063944057761800
1515700494261493763
1515684587078303752
1515682972657192960
1514797225666224140
1514383682185969674
1514341018455490572
1514339829273833478
1512898372629417997
1512879463587102737
1512223345600872455
1512207100201648128
1512199244018503681
1512102871025733637
1512040520687702020
1511864792293810180
1511674375333978121
1511532006110375939
1511499502552768529
1511372393029292044
1511360713679417350
1511352303193935875
1511042327095222281
1510380211250077706
1510314810054828035
1510064626972737538
1509986344206049284
1509603555006685191
1509596152295010311
1508437416910237703
1508436725135257603
1507897568096927744
1507197409499168768
1507077159424245773
1506968709750935557
1506968459749507081
1506736895904169984
1506704188386189312
1506686227256426501
1506617441056706568
1506304339161366534
1506283071208886274
1506253775673171974
1506029788594683909
1505633512384253952
1505590180392099840
1505575275551236104
1504992960391397376
1504920076046192646
1504596289119477765
1504579560637190147
1504517551069483014
1504511898229870595
1504510300904726528
1504508241841172487
1504171621254418440
1504096104077484034
1504086404699099136
1503768401751285763
1503490382532861961
1503470140847017991
1503120867462688769
1502861454684348416
1501894184223088649
1501651323837632518
1501642499181494273
1501636929208549377
1501538625552592903
1501537487424008197
1501361730747781122
1501316263456477186
1501314073463603204
1501292712380801034
1501291868902117379
1501277864808919044
1501200876744097793
1500949551288619011
1500939365274509312
1500902611599380481
1500512514848829442
1500477665861591054
1500323256217358343
1500279343666376713
1500131161770766336
1499831574644379650
1499563000625348612
1499458876164476936
1499104193382125573
1499057288702746624
1498871172032774147
1498776787479932935
1498751167144333314
1498692748999802885
1498637606283890694
1498486214437097474
1498474037038747650
1498354385541341184
1498345078485569546
1498327804060000258
1498325457896366086
1498298888217931785
1498012079982272521
1498010972459610114
1497998882948661250
1497975342916583432
1497961622492659717
1497704316131581958
1497664658349641730
1497649466073038848
1497580415602892801
1497397257783721987
1497371778255142912
1497355553986662401
1497347898161389568
1497339370025766926
1497316820717559818
1497315747462320139
1497313228669530120
1497042704471142405
1496998811109150734
1496943697023410178
1496914134272729098
1496828940731752448
1496708647950368771
1496706674433871875
1496695116462964747
1496655921803575299
1496632782801543171
1496630194026733573
1496625901479600139
1496598111673802767
1496588279373836300
1496347818642055173
1496331549935083521
1496123995732819974
1496115676456620032
1495892044111306756
1495877650333773826
1495811571557220355
1495792300164890630
1494774151479017477
1494667775314382851
1494407380335042566
1494399391330938889
1494394493088448514
1494322429614825473
1493788796596404230
1493603331947773955
1493429174245240838
1492553155472773121
1492548692271894528
1492518897567907844
1492311417378246657
1492228154139815941
1492208521399750656
1492169189699862528
1492155209740693509
1492121148867465217
1491966975731552265
1491894445733777409
1491771156831117312
1491601268204310533
1491595900925403142
1491543713205657604
1491535562892877830
