1534653630221012995
1534648261214101504
1534575485539258369
1534572662474915840
1534505690647220224
1534304778439868417
1534303401856712705
1534293380221501440
1534268884806688768
1534225860370251776
1534166008524853248
1534160434034515968
1534141274525208576
1533946277716799492
1533908487247372290
1533908110204600321
1533898598072692736
1533763869100986369
1533553418442350592
1533087924098588672
1533087916800581636
1532834666507554821
1532809983414370304
1532552050923515905
1532444333361725440
1532385613101645830
1532343587656146946
1532160113536077824
1532153602231476225
1532135286179872768
1532129541681995781
1531796951011840000
1531746988689170433
1531707988792250370
1531642159295627266
1531320154218430466
1531294752196419598
1530974026742517760
1530717244182958080
1530286928305831941
1530286925369815051
1529993710984888326
1529864074175078400
1529616852158140416
1529573221028200448
1529510474307493889
1529215366999773184
1529213470897491969
1529201378752593923
1529187634442080257
1529186235977195523
1529182458360520706
1529172882445717504
1529172671451353089
1529130252512940032
1528858001779658754
1528857159106441216
1528852597649686529
1528065853991833604
1527783477172744193
1527415225435181084
1527345801898655744
1527339869709942784
1527322557933707271
1527311688873410560
1527291186100072448
1527272527231434752
1527064116589907969
1527019328712974337
1526978424916611074
1526966048074907650
1526888353303511048
1526720788069490689
1526679631155367936
1526675620142493697
1526665428482809859
1526638108103479296
1526634340146454528
1526631567451467776
1526572678722756611
1526247662470709249
1525974878968504322
1525887188814155777
1525885972138926080
1525520970378887169
1525509189791014912
1525233096215433223
1525223724185690113
1525206969547620352
1525199480039124995
1524902804078448649
1524875319190114305
1524853307755446284
1524830021046648835
1524822717995835392
1524802878203887617
1524786483286220800
1524773045512118272
1524772200162672640
1524735829377269765
1524533495011360771
1524514068446519296
1524513054263808000
1524506315044929537
1524498663665508352
1524491641398210562
1524490833810104320
1524487124921298946
1524485133872607238
1524483566343790594
1524482991275261952
1524477617830830081
1524445094941798401
1524417088743526410
1524405982234923011
1524348748050145281
1524179047076573187
1524136793435779072
1524117520226996225
1524068704325189634
1524046479941410817
1524044626558083072
1524032027527368712
1524022103569281024
1523790861997289472
1523790644329652224
1523757668309270528
1523377210718973953
1523323861038686210
1522968051829948416
1522951084951711744
1522729678800359426
1522691030847479808
1522660192554340352
1522658054713524228
1522631647396564993
1522590818292453377
1522558877958651904
1522285226373824512
1522277776497254401
1522271209660067847
1522269187858706432
1522256254340632577
1522192722265845765
1522171177053134848
1521975794129641472
1521974810259169281
1521946585768378373
1521945329553264642
1521895681014865921
1521872283387715586
1521843042499665920
1521837675258470402
1521836118592868352
1521833783078567941
1521631448578641926
1521566685173624833
1521516170502983681
1521194797247119364
1520403976075845632
1520222512340217856
1520132256005857288
1520083399918170112
1520059533472808960
1520042860103536645
1519732494245019652
1519727957916499969
1519678261063733256
1519673607215099905
1519645844408053760
1519446718789607437
1519446129875820544
1519442940610990080
1519406481115860993
1519390361348714496
1519386094604853250
1519366824923705344
1519356970116997122
1519344568952569856
1519342977818275840
1519314632246239234
1519116080807043072
1519114952547749889
1519072887008862210
1519011144098271232
1519007062340030466
1518987161374179330
1518953148978769923
1518950324450508801
1518944463082696708
1518750346054717441
1518704065173204994
1518687522636894211
1518032088385134593
1517972484905185282
1517968610270011393
1517618654803804169
1517587693219291139
1517301630697365507
1517185422127947776
1516935148582879232
1516908247126523904
1516874871996825601
1516819850789900305
1516531552414535681
1516505072536010754
1516454404878123010
1516452389104066563
1516167300268892167
1516138581840085003
1515691661703188491
1515409114855358475
1515328328785354762
1514774549975379974
1514665010945048577
1514659525747519488
1514621494571249667
1514413766766698506
1514412140714680324
1514401816422797315
1514352265901006854
1514255203003944967
1514218046386286602
1514217865368547329
1514209238159183874
1514063935573565440
1514010345962156040
1514001746854559756
1513953689366679564
1513935366000156674
1513906064776994821
1513905877522206727
1513864245062082567
1513642746543841281
1513637477084508168
1513632820589121554
1513597675907821568
1513529890531860485
1513205957836394501
1512947892876890113
1512840013599412231
1512563874540802048
1512563720597168130
1512563345060253699
1512563169071353858
1512563056479514624
1512562934240755719
1512562718624161792
1512542608723267584
1512521468164419588
1512495860151640067
1512222032561385475
1512216491764199426
1512212696019652615
1512191010746642433
1512170212208041988
1512104473325363208
1512102788058206215
1511838363774562312
1511816958852976645
1511805843452346368
1511740091894489098
1511734507287760898
1511714906227331075
1511710076616286213
1511696606025990150
1511688034546327552
1511659128606834689
1511478300354428930
1511474197876592645
1511467713595592713
1511463076566081541
1511447512145616904
1511297074553270277
1511125537204408320
1511100095198027790
1511095353201807367
1511089464524873730
1511086572359327757
1511065060671643650
1510976163052769281
1510696590239019013
1510304238550888453
1510011272720490504
1509962844376375300
1509962447033094144
1509962230393098246
1509962003632250887
1509961618939072512
1509960325285752837
1509957595699851273
1509935622299041796
1509890735486779393
1509889969107750912
1509885534633668619
1509594269333475331
1509583111440506884
1509578823817379847
1509556227977662470
1509333372748849157
1509312026862145539
1509219037338816517
1509167946802806784
1509158339065876480
1509150477992214530
1508940731922231297
1508934047791202306
1508826748137447432
1508822877461692417
1508793776390684673
1508782563078422529
1508600787865325571
1508571310305288196
1508562101110980615
1507518014824062980
1507475300145319937
1507441916899692574
1507412801731678216
1507123515308363776
1506762553451548677
1506754949824368642
1506708208135643141
1506657891251535876
1506656182789984258
1506634384895578115
1506611015588401154
1506422088973832196
1506371973710061572
1506370247426773000
1506323461836263428
1506308585604759562
1506306477862100994
1506299885217366027
1506028618417422340
1505924701272555522
1505907349902569478
1505888952758251527
1505336499432464384
1505004495868211202
1504931059573657600
1504823285401456642
1504576823740579842
1504564654017757185
1504549319059386373
1504537239140896775
1504507154388201479
1504498046180204545
1504485753727832077
1504231647583125506
1504227841189294088
1504226473238044685
1504167760305266697
1504155700217397251
1504139288597827584
1504119713152090119
1504100250642001927
1504058282805235712
1503867585355464706
1503865727895408640
1503843918856826882
1503834092030341124
1503788027566567426
1503754332247891972
1503698140867842051
1503459565412696072
1503452917759676416
1503123741970210819
1502649391718580225
1502344053077291016
1502068407235194881
1502050632378822663
1502041962022674433
1502014392405270529
1501976345470976000
1501960471099822086
1501945253036576781
1501706492780679169
1501573567770673155
1501547305220120581
1501367582535864326
1501352554868969472
1501327935659073540
1501319389370626048
1501303168306659334
1501286864912855040
1501252502259384321
1501234878398017546
1501232300708839435
1501209669498556432
1501204237983825929
1500998986144129028
1500997401854754821
1500966737826754567
1500957309396205571
1500956669320257538
1500560399380488196
1500475001304145929
1500474498465906690
1500282189396729859
1500266046074368001
1500262304583241729
1500256277515096067
1500232796761112576
1500165264125607940
1500128275506552837
1499919961288069123
1499918832365936645
1499883237941915655
1499871725667950592
1499846341849235473
1499845341214130180
1499823106004852750
1499774482684293122
1499748782812061698
1499562280928915470
1499553126134820866
1499535721295667203
1499479740746547202
1499452562432528394
1499182123999277065
1499179263106420745
1499168799358128131
1499164438145949699
1499164182775746560
1499152921900036112
1499106531949821955
1499089961705947136
1499089023838605313
1498823382242103307
1498820432165675015
1498798595688087555
1498789172013903873
1498710087380217857
1498706720293543942
1498667828379066368
1498435967904006144
1498323605112897538
1498320269156487172
1498312168047091713
1498310593484316678
1497992345492627457
1497746090690584581
1497721185286725636
1497635074866659328
1497385770046345216
1497370584061292545
1497353007851360256
1497314254185189377
1497013850406891520
1496999779947196416
1496965419726430213
1496931662785130499
1496847976488181763
1496619397292691461
1496607986302787591
1496570707026890757
1496532443528146945
1496531560883007492
1496297378546126852
1496281151819988995
1496223987537518592
1496188235223023622
1496153460064018436
1496131763797729282
1496100036790435841
1495933585097908224
1495809275913981958
1495154633953755144
1495140579168202760
1494755068465356817
1494707826211672067
1494699620668170242
1494480364101939226
1494457730081374208
1494429007001133057
1494408600646782979
1494394084852748299
1494367616462372877
1494360380210040847
1494109976884822021
1494063493078827016
1494061442336759808
1494029094245347332
1494001608937644035
1493969875550748672
1493752854137479168
1493720532256440320
1493689232963121157
1493672997344976903
1493651742638096386
1493626965475143691
1493608666066530315
1493386867496132614
1492982451622367232
1492519921263296515
1492144388759339012
1491878785817489418
1491862030613164040
1491819823722110986
1491816703877169153
1491757179069730816
1491535458706284547
