1534647960935464962
1534607525525463040
1534524899418591235
1534253612335079424
1534205128684748801
1534159003139330048
1533885488712634368
1533885485713707010
1533841904349106176
1533799118522535947
1533558883012251649
1533558878192943105
1533466690377465857
1533181305105666048
1533134490914246656
1532797532807774208
1532745180188655617
1532719147972444160
1532468108585484289
1532395381857955840
1532359906115866625
1532359904387907588
1532089925448962048
1532089923511193600
1532044764413145093
1532005981705609216
1531718161090879489
1531683688416792577
1531635362044551168
1531428088806051840
1531244139643297792
1530972754752724992
1530897248699154434
1530621838551920642
1530525636170743810
1530279556703199233
1530176245585129472
1529898203822403591
1529855890496552960
1529611345892626433
1529611344105951242
1529218138210017280
1529168324990484480
1529168323543502848
1529136243036065794
1529136241551282179
1529091892406849547
1528822060323065864
1528791875276132354
1528791873367810048
1528733775424782337
1528437472530771970
1528437468181286914
1528364300741529603
1528070815195054080
1528070813676896256
1527987827035840513
1527747727983104001
1527713056284979201
1527643304984207365
1527383090233888789
1527337357413736448
1527337354457137152
1527276176544350212
1527276172895301632
1527113673394757633
1527021143999320065
1526995572682547200
1526911989104234498
1526703129365995520
1526703125830242305
1526638765472681984
1526578792537391106
1526560923653120002
1526283093048541184
1526251187590377473
1526186258803871745
1525902591531667459
1525831580236890113
1525585798581604354
1525538790185525253
1525466089915817985
1525221858051751937
1525156047379382272
1525100046571683842
1524850222140203009
1524830358516207618
1524793261415710726
1524751773239545859
1524480546486763521
1524428875270348800
1524391629003632642
1524210291214594049
1524101112562864130
1524057685997637633
1524021636441194501
1523714627338907648
1523665465322754048
1523657294684299266
1523281820699095041
1522997245062262784
1522925412808110083
1522664117332586496
1522664115503779840
1522603865153155074
1522574911465742337
1522315700588662785
1522294724572463107
1522294723154694146
1522259129871568903
1522199941287796743
1521935226276126721
1521935224539594753
1521902410066800640
1521852831363485696
1521572275836932102
1521550913781051392
1521504946230804480
1521215791399641094
1521165536427753472
1521118464760590336
1520841485876400129
1520748120304402432
1520469736710156291
1520383970717937669
1520123886683279361
1520123884737028098
1520081982893576200
1520034422128533504
1519818641440751621
1519775368147783682
1519754569999437828
1519719498634469378
1519688216298803200
1519688214730129409
1519672533628424193
1519390431129346051
1519341100103831553
1519341098312814592
1519310753416810499
1519032275375120384
1518978568553959426
1518978567136239618
1518951122572124160
1518666974687072256
1518648175111856128
1518575644027858944
1518258216462954498
1518214426838638592
1517897087098265600
1517861096631291908
1517588310172053504
1517537223004065793
1517489150022361088
1517226417896964100
1517174096160776192
1517127913405042689
1516857235523182605
1516807164593070088
1516765128108167170
1516534355786665990
1516496873967824904
1516469426857512964
1516469423460208640
1516417546928467985
1516405509980672012
1516168947778957320
1516127695561805833
1516071307326197765
1516038751306362885
1515705906901790726
1515705905828007942
1515676551593041923
1515396356403339278
1515320355946217474
1515053857025531904
1515020385359740937
1514966907899756550
1514955458582302726
1514685534366576655
1514635700024524801
1514599486710030341
1514316743635779603
1514272955588661259
1514241027032469507
1513968688629698570
1513890971234222093
1513874908824100878
1513615672076652545
1513615670386302987
1513582315154423823
1513582313430564869
1513540389965344772
1513511188604272640
1513216999362605066
1513138730013544452
1512852255665442821
1512852252654030852
1512777853682737153
1512515342983213057
1512515341141913601
1512479939790000130
1512479937718009860
1512431377534406667
1512150731746332681
1512142884312657932
1512142882702041094
1512128131284582401
1512104038673887233
1512059368417775616
1511844177142812676
1511773256742805505
1511728666744705025
1511699251302215680
1511422177207324679
1511390985451978754
1511363986549313538
1511328972872769539
1511328969005666312
1511074885992394755
1511059093066326021
1511037003873361924
1511013537300332550
1510597233300975623
1510324689985490952
1510244161903120385
1509973756244074496
1509915247125143553
1509878502325211136
1509612445857374215
1509554367996772361
1509520279202148353
1509242642525310978
1509207670443630592
1509162686730412033
1508944849143320577
1508911485250068493
1508881596228775946
1508838401797148677
1508794727252086796
1508523073976340481
1508477787493052418
1508432395644583936
1508142562783154186
1508066814139506691
1507780422910025736
1507698382126649360
1507434400887230477
1507393017191276544
1507345771494002689
1507071151306067970
1507056914852630530
1507056911165931525
1507028233706946567
1506993686068056070
1506727994534076429
1506706512470814730
1506678925577134089
1506655949892853760
1506632267535421442
1506337762001227783
1506337760097062925
1506306755692744712
1506306754363207688
1506264435819700235
1506010217695297536
1506010215249956864
1505990916510728196
1505990914354913280
1505941062107418629
1505899534613897217
1505899532764254210
1505689144797941764
1505610626588200965
1505524055075602434
1505298827833712641
1505251509268852741
1505171733866852357
1504902835376427015
1504835770909081621
1504806277003755527
1504540422483460107
1504495533901201409
1504445925825159168
1504185952071208973
1504161292881440770
1504132444324343808
1504132442747285508
1504103646132330500
1503799340523003908
1503769997356773385
1503736759556923396
1503720307533783040
1503447697730248706
1503447693749850116
1503409199635734536
1503356527280807945
1503069885030612993
1502977814139650056
1502721477426171907
1502653151261999110
1502381738764480518
1502381736688246786
1502343100173365253
1502289856575283206
1502025981284036613
1502025979497230347
1501984700423942144
1501944292616458252
1501944289739247623
1501777865020518400
1501775790626971652
1501708290253897730
1501708288756527108
1501622614778945538
1501578220738650121
1501281189423894528
1501242700267409417
1501192844463198212
1501192842735198210
1500930034038673412
1500888008186335234
1500834908842958853
1500552800891195394
1500476545646874628
1500192287946686464
1500192286206009347
1500108929384255497
1499849673988845570
1499806386859003907
1499795523506782209
1499765901897383939
1499494602079969284
1499460698090446861
1499417185734832134
1499396372373639168
1499396370859532290
1499120304345464835
1499120300390334464
1499079114610851847
1499057704622505991
1499026747118993411
1498868929191682048
1498777376020471811
1498726013014007809
1498707152587968515
1498664103061200900
1498394284369891328
1498382450543951872
1498358502321963010
1498295173377400838
1498027662010425352
1497933790165020679
1497702124347658244
1497702114411356168
1497576687961350148
1497301377181175814
1497258093813579780
1497213170448060421
1496949869923164170
1496895547558567941
1496860372451704834
1496576735231492099
1496535082705772553
1496491361243119617
1496221687964127232
1496221686236164101
1496177644269940737
1496134802054987790
1495753932974481413
1495499154784768006
1495499152914104332
1495452769318313991
1495401612239646721
1495116980470300678
1495030416641859593
1494787310961012738
1494748921733824518
1494722555525148676
1494722553541189638
1494407209391988743
1494348915029721091
1494313440046981124
1494042658444091392
1493996856917073925
1493948531983400962
1493661449562083333
1493636371319341058
1493636369364750336
1493622993917984769
1493580419052224515
1493322913235275779
1493272097069711364
1493220416009211904
1493220414432153601
1492951965755756548
1492862121629077505
1492578256209555457
1492506445346226178
1492506442997411840
1492256633250062340
1492219399499091972
1492194582494392333
1492136439462645760
1491863496673435656
1491824286025326594
1491777731817783297
