1534654146657361921
1534192785225568258
1533787353910763521
1533129575361826817
1532420433206824960
1532412083622580225
1532084852421545986
1532020167454203907
1531717176410968064
1531377911751655424
1530559644468387842
1530191369091829760
1529218575734480896
1529188421951967232
1528851599078170625
1528126569159479297
1527629380247330819
1527348044022239242
1527052414800494595
1527005634901774344
1526618208295342090
1526244355136229385
1525188165237194753
1524864503770497032
1524751053551542273
1524465453678137346
1524439518019035136
1524407291277152256
1524105175660695554
1524059639914151936
1523771201956757505
1522542728869031937
1522303645496266753
1521815530805633026
1521470130752036865
1521115579402362887
1520130931947982849
1519808158591561729
1519381722768752640
1518718373772898306
1518266460472283137
1517583436067885063
1517183910391816192
1516775362000261127
1516540008974401538
1516136267670380549
1516073832649531398
1515666213124427776
1514978800345436162
1514715312083582983
1514330191778267142
1514296993648152579
1513903841196093447
1513870843268542466
1513849896503320576
1513576552075833349
1512165020158902276
1511699387227021319
1511475240139898886
1511436823603691521
1511046205433913350
1511046072923262981
1510974609251880962
1509935087269421060
1509922922122653701
1509877519629094919
1509641343253032970
1509163786841776128
1508929551090565123
1508898484463837188
1508866930094100487
1508566540781858817
1508463120980840448
1507460599541870596
1507374253959782402
1507074763533000718
1507056494658920454
1506651780989472777
1506351255601483776
1506287228842127362
1506011141834739712
1504895014094188555
1504803671653163041
1504558467390001159
1504516299342462986
1504125314779258889
1504111760260976640
1503724919301066756
1503476044833165312
1502404879234576394
1502036279663464451
1501984106183340034
1501338112705933316
1500941397859479558
1500918413551706121
1500848643963867137
1499857838100856834
1499482596169994240
1498866141179035648
1498863420497661954
1498858036257083394
1498856880273297414
1498854822250000393
1498853997930848257
1498850959027486725
1498849957729738755
1498848800139620359
1498848046389551114
1498846258076991488
1498845331659931648
1498843711891034112
1498841790312591365
1498792292404154377
1498683238302330894
1498426005035302918
1498416303039733760
1497951132857114626
1497629844905107462
1496925715253579776
1496924892209586178
1496551002140467201
1496260339054350345
1496119490005901317
1495761098942914567
1494696655194624004
1494422662562652168
1493940728510222348
1493670897508564994
1492951808364494849
1492578377911476232
1492250404335329282
1492201481537208322
1491861870818598920
