1534679832415674368
1534646921435955201
1534573747906256897
1534279031792840705
1534203543820943363
1533924190738436108
1533895145090949120
1533864304184905728
1533554253897138176
1533463665340338176
1533101266368229377
1532797521805950976
1532762021371969543
1532716230871752706
1532516982947454979
1532406121906028547
1532148023249326080
1532116301040209920
1532040314550108161
1531703933512597506
1531398161708765185
1531345023798747139
1531321420487221248
1530655149861093378
1530564559164956674
1530289504791285763
1530263118449893376
1529925965421461517
1529925963307417600
1529925961482895365
1529925959146786820
1529908020112674825
1529892012207505408
1529175785411645440
1529154172238561287
1529092351444103169
1528856054003822592
1528815738009559043
1528733738061922305
1528480823367716865
1528390224572583936
1528118433832873984
1528059454146609152
1528059450430570497
1527778697650089984
1527761039026266112
1527715304654127106
1527665486594551808
1527381354677256192
1527359774710714368
1527337839519621134
1527102522808074240
1527035614083809280
1526977541206069248
1526947827993157633
1526658226812506112
1526640132513832961
1526586372609519617
1526586085219909632
1526277223862439936
1526260563201892355
1525581773090037762
1525491169861554179
1525219333059645440
1525190305678516227
1525164273999151104
1524842306024656912
1524819341367197697
1524778829314760705
1524496973658738696
1524479773518483458
1524461305477976064
1524443884046196736
1524132596489334784
1524102819577577474
1524064221532672002
1524041616532684805
1524041614812975106
1523759355992023041
1523738459906899968
1523277258714013696
1522998289939197953
1522677796727930880
1522661504885133312
1522635122754924544
1522606763085811714
1522324325608706048
1522283808325877760
1522229542684872704
1522206981179727872
1521989441677578240
1521940515163361282
1521894472438714371
1521862194643836928
1521610560000995334
1521593711154581505
1521575523599667200
1521248163692167169
1521226459137855489
1521193196960821249
1521168158501093381
1520548400248373248
1520456279629733888
1520416628370034688
1520145901414756354
1520135397749272577
1520123251929845761
1520096235197276160
1520032655827472386
1519806161549242368
1519782932243566592
1519745487557087233
1519745482305720322
1519425732241510400
1519383313668087809
1519371646796189696
1519307881543127040
1519057139402264582
1519029451958497281
1518989973139165185
1518945491316363265
1518701263348711425
1518670190887817216
1518636267797463042
1518618052912365569
1517959996990009344
1517891797376241665
1517520601543417857
1517248044022083585
1517225408634277890
1516890753095675904
1516843279052124161
1516408779398656003
1516171796843798529
1516116584833732611
1516098328194338821
1515691549312667654
1515404662110887937
1515344263063777287
1515095119363514376
1515076106348548098
1515031287861587970
1515003558059462668
1514711429143793672
1514668702242947072
1514650830301020168
1514593061556219909
1514339490923520052
1514339487807115272
1514316497044353033
1514298214593306631
1514230633299591179
1513981889509531649
1513966500947836930
1513934950566969359
1513596494577815560
1513570510130528266
1512867947684896768
1512807796538028032
1512530013593165829
1512513623587004420
1512467881065332743
1512205104455340042
1512187285009276933
1512155167650725893
1512119960495173637
1512086995580846084
1512062102944452623
1511831916357599242
1511816512235048970
1511777435230089216
1511747409239584781
1511723065679519751
1511690191450345472
1511471402674704388
1511458172820758531
1511436150631710723
1511420322469355524
1511395404092432384
1511073477079539715
1511022540185079811
1510982506060914694
1510693616737402880
1510633228389990400
1510349717665890317
1510272879207890952
1510014886306365446
1509983949287657472
1509958361399414787
1509938228085903363
1509938226815025156
1509938225447583748
1509938224046776324
1509938222037614601
1509891129558245382
1509639908704624645
1509623904486273026
1509608114441662464
1509608112399036419
1509608108468969479
1509608106619281417
1509608102504673280
1509608097278476289
1509553225724223498
1509530126630875137
1509268569376403459
1509244074716323840
1509225532260597763
1509225531174236160
1509225530255675394
1509225529349656578
1509225528389160965
1509225527118385154
1509207192804761609
1509157243932995586
1508937757112078339
1508885452283015168
1508841621386838025
1508793658522361863
1508557038477058060
1508541940953923595
1508530209271824384
1508491340555902976
1507371403221381120
1507075463797219337
1506977976935665672
1506783499256221705
1506714160293363719
1506634567398182915
1506385899256487949
1506306478155698177
1506306473709682694
1506050058793459712
1505172219839852547
1504932543086346240
1504900444438544384
1504882756043653130
1504593133174206476
1504587099441410048
1504542286197235719
1504499588266434564
1504201125876150281
1504178188146159622
1504151760893583367
1504137823494053904
1504124482595737600
1504056821480361991
1503845998208163841
1503835211838144522
1503823346852503554
1503793465347518464
1503793463531347973
1503762955988393986
1503717658562162689
1503474505129373704
1503438370038587397
1503430768378322944
1503410081127358470
1503149119833051140
1502434200632373249
1502409852752117763
1502409848440373249
1502409843084349442
1502409837694574592
1502409831998705668
1502283253797036033
1502046639594385408
1502026942194851843
1501946139645394944
1501778868730011651
1501765254535122944
1501765253608185858
1501765251909488646
1501710164885442563
1501676772596887562
1501652870009180171
1501628479808458754
1501592967081041920
1501323501889851398
1501310279157575680
1501264355157061637
1501224082490408966
1500983005053177862
1500983003471826946
1500983000816930818
1500974435473494019
1500924246243033089
1500897820475277314
1500881939615604745
1500881938072154116
1500881935782105099
1500199468125208577
1499878378987470854
1499515045193162753
1499508666634063875
1499424081782972417
1499180253666709504
1499160307054350345
1499136446980141056
1499112310639673348
1499089655593062400
1499068239225122818
1498834268990099458
1498805565312614404
1498760581075152901
1498719529987448846
1498456653850685440
1498406542445625351
1498318668958212108
1497587294643048449
1497323014349721600
1497312426135629828
1497274628464644096
1497215327976964122
1496950731785572360
1496920396578406407
1496909435486158848
1496849562463617029
1496586848927469575
1496538192065015809
1496258502439759872
1496220751308857347
1496198108979605504
1496171043102285830
1494813567006167043
1494793854582616068
1494761368024670214
1494725412366213129
1494410401911615490
1494368398637244432
1494016435105980427
1493683987939794949
1493336405635911712
1493328975757778947
1493287131195789313
1492554034863120394
1492514745664036871
1492271026239066113
1492228194132500484
1492214594374406144
1492187169997443083
1491910872637358080
1491902896828563459
1491876952986238976
1491863242335035394
1491845418963111956
1491825527707033605
1491819375711633410
1491790127076503562
1491777832586027014
1491534840449179648
