1534606303292755971
1534602997732462593
1534585336071954432
1534294740455366663
1534249225621585921
1534248886734307334
1533954391270559744
1533910328030920705
1533852958483484672
1533841426626359296
1533814942423474178
1532151720477962240
1532151719139975168
1532085219783761923
1532084759555411968
1532084655234727941
1531746403999006721
1531700789009231872
1531687479090331650
1531674664749215747
1531289340122238976
1530219697613983745
1530173278475767808
1529913310342152192
1529912302610305027
1529897668234854400
1529209723903410176
1529190760628756481
1529162991220183041
1529111302530076672
1529105058708832262
1528785238586892288
1528767373553057797
1528481151320481792
1528458241977503744
1527296524861853696
1527296418280775680
1527037782027280385
1527012405980831744
1526998192277045248
1526992348617531393
1526980533540032512
1526757082355089408
1526655148579344384
1526646829567422466
1526637659162136576
1526605035123228673
1526602174586884096
1526322553484099584
1526294228309053440
1526267303842787328
1526241542570131456
1526232548786982913
1525143278769020929
1524814224714829826
1524775502543740928
1524743229391921152
1524486425940484100
1524474038197932032
1524468131485216768
1524453936580681729
1524412998089072641
1524387896991666181
1524160762100563968
1524065563215081472
1524063302221017090
1524061907610742784
1524034360604872707
1523767957775880193
1523720572215062528
1523720542380969985
1523694437708279809
1522628790626787329
1522575913682194432
1522317472606601216
1522279357238104065
1521929495007137792
1521922518755516417
1521900533258334210
1521877254040702976
1521871603012878337
1521573937230065665
1521562609623142402
1521521857823920131
1521521856385331204
1521496550530240513
1521235920661405696
1521147443844374528
1520126623143579658
1520088502356127744
1520073172837707776
1520071519405285381
1519753795776954375
1519747683283607552
1519722242527186946
1519721964604203009
1519695645854117889
1519681073189380096
1519428979488436226
1519409033345740800
1519356899958923265
1519345779801919489
1519333818196451328
1519043750009446403
1519022386661761024
1518988087409401856
1518986922072420353
1518980511137423361
1518980473929797632
1518704417754820608
1518639777314189313
1518624086871658498
1518589801200590851
1517540130176872448
1517242229668126720
1517205421274157062
1516801661959913477
1516800856913555463
1516798756821344269
1516497732722171916
1516449052786892813
1516443922893000712
1516401600201375748
1516401576163819530
1516091679052337153
1516089525591855108
1516089141833916416
1516089082543288326
1516075845802151938
1514709246344142853
1514671041515294725
1514630082723254272
1514388613689233413
1514326303612280832
1514253358017749003
1514253057198116870
1514054449215557633
1514054411101908998
1514028194009161728
1513890942943645709
1513888616170274826
1513858749735256070
1513604154924617729
1513576948160770049
1513534607769096196
1512160116317069312
1511811306894024704
1511782887770701837
1511426409591361536
1511378754916003841
1511359108770930690
1511359083235872771
1511092530863087617
1511045100897460226
1511009506674847745
1509990048644710403
1509926278341746690
1509926232980439042
1509910399843459074
1509898411788718093
1509615740277731329
1509597339991822337
1509576159780028427
1509556258336133121
1509543091170156558
1509524368157814785
1509284871767744524
1509257024105762817
1509234966948986886
1509226316561887235
1509182792059531274
1509162809753583616
1508924717926948867
1508903027880742920
1508881864857161745
1508864566637248514
1508847196220932101
1508802245164511249
1508519259844104204
1508475742757216268
1508475741624799240
1508475740475514885
1508475739351531525
1508475738139340808
1508466007391846407
1507442627737759744
1507442459462283271
1507412957785116675
1506693886265151490
1506343664997568520
1506281212326944770
1505987971350245377
1505927005140922370
1505000700186611713
1504872943733596163
1504852163264225283
1504796255964348420
1504587943108874242
1504587859646373897
1504532984824745990
1504484899029352475
1504175361197854721
1504090456791076871
1504079423078809604
1504045018704711684
1504037808520011777
1503814700974460936
1503814549262188549
1503765727337234433
1503751722258341889
1503745994290348039
1503729265124249606
1503436506337366019
1503391056909451270
1503390990664708096
1502372337878020099
1502372295561654275
1502365429758664710
1502361103677935616
1502360667294208011
1502359638100086790
1502000720563916810
1501974540817158148
1501953422995640321
1501937426951901196
1501729209160450058
1501729138578800642
1501642238631321608
1501576879379210241
1501572267117092873
1501309983446687750
1501306823231655943
1501298697883238407
1501276820112494593
1501276030203404289
1501237567269838853
1501214949636517893
1501209732874485769
1501204862180204546
1500957381580279811
1500931726830448648
1500892253732151298
1500871396263542786
1500862393995472908
1500857547846258698
1499875278440439809
1499815390041411586
1499812973748969473
1499800903360004099
1499800607871279105
1499762779884068866
1499756985864134660
1499494391806717958
1499494243106234369
1499407505989984261
1499406552645656582
1499401830140301320
1499139491482775554
1499058446687219713
1498871757972905985
1498857997468155904
1498857201007579136
1498856230659538951
1498855561181417473
1498855113682739204
1498854162431414273
1498852691669364738
1498851856713498624
1498851502793924613
1498851030393659393
1498850533314019337
1498850256414461957
1498849877358432258
1498849342278541312
1498848907748687872
1498848327038865410
1498847680025575430
1498846315467395075
1498845563458101254
1498845061227986954
1498844679642755073
1498844118910386177
1498805372454330369
1498745721792737287
1498694378726035472
1498641799090483201
1498641797777702919
1498479455345561604
1497969957400940550
1497969919757099013
1497969404084109322
1497969351906844672
1497344097899716611
1497044239104061453
1497027070274281477
1496878651987615745
1496873727543459848
1496722111884374021
1496722043366264833
1496563054963838978
1496222865800278022
1496169873101266944
1496167756986781698
1496167756055597071
1496167755191656456
1496165944560963591
1495787583586066437
1494675479944740873
1494496699158605846
1494415600688508934
1494415590160744448
1494414508990898179
1494400858058076164
1494345747336204300
1494007981234700296
1493685507947220996
1493617257183944705
1493599253180129285
1493338809886515209
1493327818117292032
1493324261691432962
1493244895460478977
1492944161884024832
1492685111128731648
1492642422052077568
1492589411158183939
1492589328156921857
1492559125896744961
1492287333172846593
1492277889357824006
1492277803697455105
1492275316764688385
1492274592831922186
1492274403731775489
1492273310146646016
1492260909384830976
1492242035062947840
1492237318211649537
1492218533442465796
1492214370583162884
1492206692351754242
1492206659627802637
1492184739096281088
1492165248303968263
1492165247142146050
1492165246018072579
1492165244633952257
1492152889480990725
1492134798818947076
1491798096799432706
1491791368280182786
1491786564258521088
