1534680851782549506
1534662258093133834
1534659875678060550
1534640889506713601
1534629083677458432
1534614721869008899
1534594187580129282
1534550568416563201
1534537565788942336
1534518645237456896
1534506721170931713
1534312245882245120
1534291184549605377
1534275456119230464
1534274677878800384
1534255496286306305
1534244451354304517
1534223150430527493
1534184867268898816
1534170080388567040
1534170019353051137
1533894311590477825
1533894305361936385
1533573406976888832
1533569444450017282
1533484202120839168
1533177808775696385
1533177523164553216
1533092342000934914
1533092339442405378
1533090563200802817
1532825109035110402
1532818147740368896
1532803887631159296
1532800215073316864
1532799288769757185
1532771494132056065
1532716230863372291
1532710573019914240
1532710496444489729
1532578413290082306
1532534209444777984
1532524377597792256
1532496573824892928
1532474242394120209
1532462920617058332
1532458512160374790
1532430063102218251
1532400120045748225
1532400101636849666
1532385991931174912
1532385210339405827
1532372770444779521
1532361737810362369
1532214210024853505
1532178060895830016
1532121876591517697
1532121739303473153
1532064213266419712
1532044868582887425
1532043621200961536
1531827792521879554
1531820632823975941
1531788935176892418
1531694696325603328
1531659100882456581
1531286649165996041
1530633697103429633
1530313616293076993
1530273967738585089
1530200364208861184
1530198175893663746
1529972399604572160
1529948770871435275
1529918082868727814
1529849097838116865
1529848738155462658
1529559888837345287
1529559484703682562
1529558868543655936
1529558777363681281
1529458488753197056
1529457834689286145
1529255801315115014
1529238160319864834
1529237251791757312
1529130176788971521
1529124456941211648
1528765242724982784
1528760596191223810
1528754671661240321
1528500505693003778
1528495882316009473
1528403045540847617
1528125602305384448
1528038956822155270
1528014930775097346
1527795505694113795
1527789770088361986
1527784431632646145
1527749574911266816
1527697946032193536
1527682799314034689
1527661333105221633
1527653337927131145
1527390763977478146
1527283580778446849
1527018094664744961
1526895923833577477
1526662738109513734
1526258131096985601
1526008299954614272
1526008066080137217
1525952454797533190
1525830758782406659
1525545241662656514
1525249151252025345
1525196645469667328
1525157760760958977
1524835314782588928
1524792122150375426
1524547419333087233
1524511517642743809
1524486519855226881
1524403395070676994
1524193556742742016
1524189894377189377
1524173829878206466
1524108320084316161
1524037147803717632
1524029771339939847
1524004059639955456
1524002643416342528
1523799932066484224
1523799928513961984
1523682430951256064
1523676508157480961
1523663546948587525
1523323092923076609
1523050792030253056
1523049133870833665
1522948689601437698
1522607167609659392
1522591974661967874
1522296589074763782
1522226070057009153
1521970252304850945
1521970247749804033
1521946359716265985
1521903493187084289
1521899749011566597
1521844549836025856
1521671975185403904
1521667868416516097
1521588657433415681
1521552643239432195
1521552543620415492
1521333700256055296
1521324923565887488
1521320286708187136
1521312346555170816
1521301871524204548
1521295294285193222
1521134665884737538
1520927686104862724
1520877617070628864
1520729131117420544
1520556399058632707
1520461305337032704
1520426041751351297
1520137595757375488
1520065295783763968
1520062898982334464
1520045494319337476
1519818744540712962
1519787391560605700
1519758857706389505
1519734064957304840
1519718719211155461
1519711284085854208
1519698032777965569
1519497884986716165
1519494950945185792
1519404512498307079
1519401819298009089
1519401170023952384
1519345879597023235
1519312220831813632
1519300852959305728
1519143491884003328
1519142019779682305
1519068666440077313
1518990387549020160
1518758070192463872
1518744817941032960
1518661619961716746
1518610814168670218
1518583675486715906
1517956725613244416
1517922490609192960
1517922488889524224
1517506778228998144
1517493816340750336
1517215591744086020
1517198374126211074
1517171311939919875
1517129572722089984
1516964648762892289
1516804382427283456
1516770551301300229
1516769382927671305
1516522776814755842
1516500995722907654
1516471255217717261
1516418916800765955
1516133713217671168
1516124647506464770
1516100979535618052
1516100369230843918
1515712510988587019
1515500779586605068
1515445005896372224
1515385727642705927
1515337916645617668
1515318887642017793
1515090337844318210
1515068695273517061
1515065170652979208
1515045078405894146
1515007111490584581
1514973420584423430
1514763672710701066
1514763623675088898
1514668020353884167
1514604283504648202
1514603642543779854
1514421758148894726
1514368338092253190
1514347831938916352
1514328065089814536
1514295853061660681
1514263170482946050
1514242340122087426
1514072618386833408
1514057771972505605
1514057769292283920
1514047510964281345
1513975699362750468
1513973926585585674
1513965928857444364
1513932676264308739
1513899161418186752
1513664420840419335
1513664207434174465
1513621889763131402
1513600498481389573
1513590862541950989
1513514024524255242
1513511496432689156
1513290496164118530
1513182408715210761
1512850384427102211
1512844710225788940
1512782751002288133
1512550856830369794
1512544602837897219
1512519686868635649
1512518627836280841
1512503186078187524
1512474286090563587
1512468709750812675
1512193500065976321
1512173605781745671
1512142910438920202
1512123640237731849
1512116516032061440
1512053230024466433
1512052399128600582
1511868171346714625
1511827053666050048
1511819610454167552
1511793179615498243
1511742661346181128
1511728229207453700
1511720449704607748
1511505723427102724
1511449726742368265
1511420452027224067
1511399058556039176
1511395415324872709
1511368432930934787
1511103667784634373
1511065027352182795
1511042149101588481
1511034490424070149
1511002569597988866
1510649850567835652
1510412354181345283
1510410300457197571
1510326041063137281
1510324973814099971
1510067907073646594
1510067437659635714
1510008937986277376
1509989704648871937
1509965042220949507
1509919813380022283
1509918829597630472
1509903980285116417
1509689500603228170
1509679251108282377
1509666858525290505
1509651153469980674
1509639642429149191
1509606972374634498
1509551689443028997
1509528559638831105
1509310251409059841
1509299957152587780
1509271933577277446
1509219914388840455
1509157388422627339
1508995351608500231
1508984127265124352
1508912128329195526
1508886753033306116
1508874588494745600
1508833896904937485
1508833894585491460
1508811652107575304
1508797291959918600
1508624191913930756
1508606135779090440
1508565944129445902
1508529299208515598
1508510630499790848
1508473424078901255
1508446983090020369
1508186635367763973
1508186627344154628
1508186620100448257
1508154091276484608
1508153682159980555
1508122511032135680
1507869515430121477
1507853047766171648
1507851680427163652
1507778328270450704
1507746198660304900
1507552038581846017
1507530528781647875
1507483288738357250
1507482340129492992
1507422238886268935
1507418926585905152
1507347887449120768
1507129884589670406
1507099939691712514
1507096859017457671
1507091684731113484
1507067221629100041
1507028224961884169
1507000906235187207
1506978403995602949
1506978402103877632
1506974198584860673
1506974091143794696
1506785809139380224
1506702317307023364
1506694575951429640
1506674229017821188
1506624232528171019
1506329014448840720
1506289506521075715
1506255679341875204
1506088941984051200
1506043810593320961
1506018382465830918
1506018260839370754
1505996356187480068
1505951445656424449
1505941203417718788
1505912544401276928
1505691405896884225
1505666339607879689
1505618903313039363
1505319907210240007
1505273569332322308
1505261976460660736
1505221699285000195
1505218352654045191
1505006108158611459
1504949517816373250
1504941244065193985
1504913027166089222
1504905609719783427
1504881867085987845
1504881608024809475
1504871451811319845
1504864886073004072
1504847111631908864
1504834969641828355
1504586123116482568
1504574563371433990
1504574272546738181
1504558189060268035
1504545341458292745
1504534271431696392
1504533496164978691
1504509325292748808
1504492917213343746
1504456928239435780
1504452473628545031
1504205847160922119
1504203528969101317
1504184349880631304
1504171642372726790
1504147482732867589
1504139725896040455
1504115932742000648
1503922599851614209
1503915114667331584
1503831400008593414
1503822858736357382
1503797929542238212
1503783205907963905
1503783179425136646
1503768985376112648
1503731543004659715
1503724290650345479
1503724127647154178
1503488641510772745
1503471887057305603
1503452630449889281
1503401819820609544
1503392648798867463
1503376714889637895
1503102012858187777
1503096149091274757
1502832765909315585
1502797302653763592
1502767937823944708
1502729379369078792
1502728676877684738
1502444762980237313
1502416577278271491
1502385095247900672
1502359941935423496
1502341545906814979
1502296469197438985
1502296463707193354
1502049422594695175
1502041155743199241
1502031706034946050
1502009772316495880
1501978695313014784
1501960041930362881
1501957111332446210
1501954535425728515
1501768573466910722
1501768571105562631
1501764371642560516
1501689318087266312
1501627439839072258
1501588823670673412
1501578971519012868
1501365885218566151
1501364757193969664
1501333253105594374
1501315572444774403
1501306669975818245
1501288057336733701
1501265349026754579
1501265242361270272
1501207975989596165
1501204523007758343
1500980489317933066
1500896694518571008
1500850889376083968
1500598765840908295
1500527969743294464
1500526396829020162
1500271144527613957
1500186371486593025
1500129407897378820
1499954659343089664
1499932424049942528
1499931710359851012
1499866074476654595
1499833557157654536
1499821463758594051
1499763156314435599
1499752271592177664
1499717289758928905
1499563497017024519
1499559994257289238
1499529031355617281
1499529027954130956
1499503424097984513
1499498600224731138
1499477585499148289
1499453682248790018
1499447050999631877
1499398546293854215
1499393280995471363
1499183101871902721
1499179178838695939
1499143245691035658
1499140410811297800
1499140385595142150
1499101916298715138
1499059527857192966
1499059151716200449
1499056968643878924
1499017974115717122
1498880414387159040
1498863377610944512
1498862723614097411
1498860490172289028
1498857334440960005
1498857070501801984
1498856907557285892
1498856513523404806
1498855734364327942
1498855286500646914
1498854974385762305
1498854628653506562
1498851788899987456
1498850889389551618
1498849096697847813
1498849010014113793
1498847987208007682
1498844079588880390
1498844026648383491
1498842854977949700
1498842529898369030
1498834306063605763
1498784210961719299
1498750412471607296
1498729214849257473
1498728904747622400
1498711501695242240
1498701488285274113
1498695801907916803
1498678122526527490
1498661276532232193
1498510693464743939
1498506171656855559
1498487819089719296
1498484641048711171
1498427212021776384
1498425785387999237
1498391555517734912
1498379449963847689
1498359091525128192
1498314812060848134
1498132372931424257
1498106614179667971
1498037472168747014
1497979480387854338
1497726831952338944
1497714025756561408
1497673458116796420
1497654285919834114
1497627368197967873
1497626238151704584
1497624645297741829
1497374297337352194
1497366727444733952
1497327267533438980
1497307411836719107
1497277290778030081
1497228622557593601
1497054070644908032
1496981514327924742
1496939057347182601
1496920376131166208
1496909545225932803
1496709685046566913
1496699642549092353
1496688104798920708
1496688061274537988
1496635216034775041
1496571059683930121
1496557918828773380
1496521992949964815
1496506902343303175
1496291216232648706
1496262210292789249
1496256990200451077
1496250590648840195
1496250497786945541
1496224732252983304
1496210685042302981
1496183506367483906
1496151761769357313
1496144807441408014
1495812474318331909
1495789722056200192
1495456217195548675
1495085772680142855
1494833611039813635
1494801650661396484
1494791885235408899
1494767425056755713
1494733932138582017
1494727718017155081
1494707278871601154
1494669386694770696
1494444296057065472
1494421247773585408
1494410722981330944
1494381584090292229
1494341116300173317
1494323809435848712
1494317105210089473
1494094630836752384
1494077466708791302
1494021481315315712
1493970915016773644
1493966136832143362
1493751152072003585
1493740364351643649
1493679996845625344
1493665495765164039
1493665416132050949
1493637982900785154
1493602675467989000
1493596655865765891
1493394583488770048
1493391702547124230
1493389037930954752
1493388340112297984
1493337251421511684
1493305127247265804
1493292163953737730
1493257046145257479
1493253932449157124
1493249027609092096
1492994492751912964
1492945922652663809
1492928604501594114
1492887286417133575
1492642682895839238
1492587783814361089
1492586099440599045
1492520871864328192
1492279028304203779
1492272461253124098
1492265538281693186
1492242286725398530
1492223034291376133
1492201725381554179
1492145146418319360
1491936174436503553
1491933630188470322
1491932359792513024
1491909332736348167
1491882544714985475
1491802890993868800
1491775209417986050
1491578160563036163
1491546702859444231
1491536557613985796
