1534581507481907200
1534213729365250051
1534158310894714880
1533843172845137920
1533597191352242181
1533079669288878080
1532792987218022400
1532467504093839360
1532467499442266120
1531986082933391360
1531243199444013057
1530672467559084032
1529224936128126982
1529128171005779969
1528821947076947969
1528396954169909249
1528006562597552128
1527700075560022016
1527695704789073920
1527401807621894145
1527362562764877851
1527332791360184333
1527258111035187200
1526913841837350912
1526631180489170947
1526608684775776257
1526347204138524672
1525890974781677568
1525465561962012673
1525204414105100288
1524815729492623361
1524487987375054848
1524126209889742849
1523649466472955906
1523309322486173697
1522958059471048705
1522312612389736449
1522263588538355713
1521952104390270977
1521525089962975233
1521118375447085058
1520801255123296262
1520392331416981506
1519722861031792641
1519338228716871681
1519268049248993280
1519027105090215939
1518610783588036613
1518591231214952448
1515664441949437959
1515316596335689733
1515042510892146694
1513971165613723651
1513170592719151105
1512790473991237636
1512417097657241600
1512134610620137476
1511755205519552514
1511329217845334019
1511329215903379458
1511075886551945217
1511019591006310400
1510648642406866953
1510278422278385666
1509880086308265988
1509880084404051975
1509581060413300750
1509248352432574465
1509200572389466127
1508881256414601217
1508795165468766211
1508506516717981703
1508210081015472132
1508210080050724868
1508210078922518529
1508210078100434950
1508210077102186505
1508210075688742912
1508071346827407364
1507755607687942148
1507343069573750797
1507048973323882496
1506979470502211587
1506736547517046784
1506647311698518018
1506634668443156481
1506593787941957639
1506329961329836038
1506329958788087833
1506294317081677828
1506058506234998784
1505954274588733445
1505954272361463808
1505334964048515077
1505334958671417344
1504555907983753222
1504224309341999110
1503783189785030657
1503737016722333699
1503490511834865666
1503490510186549255
1503451654749831168
1503057140117815307
1502675741112258566
1502394131125092352
1502328523503157250
1502328521737314304
1502053064269869056
1501347796728778752
1501347794732392454
1501287731112017921
1501245223061573633
1501245221539041280
1501228736733396992
1501228733499273219
1501172252783652872
1500482568449318917
1500482566834565122
1499746691431518212
1499532455803604994
1499403840063483908
1499361904002801664
1499174774433632258
1499108804683780097
1499072325291028486
1499023852164288512
1498858586394423297
1498858583341125634
1498727572619866117
1498323562855292928
1497282584111366146
1496894021192540168
1496894020307628034
1496894019271598084
1496645161685823490
1495768998822166537
1495408924882784258
1495045736458768386
1494685723475251202
1494409093125189637
1494310799225020417
1494001928442896390
1493605875017302021
1493605872513298435
1493348772176445445
1492904153126998020
1492598043190996993
1492510545727176706
1492166602506317828
