1534679283234373633
1534631791897853953
1534595016449998848
1534573470218014722
1534562142476677120
1534550826529837057
1534545807806013447
1534536497222799360
1533931743337762817
1533897500142206977
1532775344129843203
1532519936152596480
1532489737633615873
1532456444062318611
1532438568957792258
1532105958918332416
1532033244409040896
1531718697966088194
1531694961372045321
1531259138558373889
1530273057205526530
1530250183291944961
1530233239364837376
1530231722402627585
1529780453200338944
1529780033652412416
1529597182805942272
1529557056096808960
1529533027134722049
1529244613239783430
1529223521192366081
1529108770210578432
1528948905693483008
1528790361149034496
1528763045819858945
1528763044612001793
1528763043559133184
1528763042057560064
1528012745001553923
1527997643040837632
1527763597761212416
1527758138568589312
1527747710799032320
1527744481562443778
1527739975726419970
1527739609983197184
1527739107803287552
1527720498846699520
1527635258342092800
1527385116829306892
1527357698609926144
1527325512820875271
1527102488565977089
1527046378953887745
1527038820834717696
1527026078048477188
1526972443499323392
1526964839444250630
1526683988819165185
1526668883125383168
1526653789268193280
1526593393140416512
1526584858578919424
1526572919895347202
1526559755665231874
1526337540835491841
1526237743860310016
1525402141401178112
1525174031883943936
1525143730264719360
1525137648389611520
1525110324529078272
1525110247110606850
1524786620335005696
1524495800667095042
1524478440350658562
1524459716725944321
1524064222048440320
1524031826515447808
1523724485039427584
1523694282938273793
1523671632346296320
1523502718626766854
1523286595683639296
1522924208975663104
1522675065422196737
1522660112476917761
1522660110870405121
1522660109796745216
1522660108634832896
1522610896404729857
1522409351461412865
1522269562619711489
1522250288983416832
1521995590128701441
1521960663324758017
1521915164697767936
1521863507649736705
1521686226910257152
1521598906227908608
1521534518984912897
1521534517999190017
1521203009228845056
1521163112895946752
1521129253676408837
1520412801138933760
1520093054719258624
1520056195490459648
1520036585630228481
1519769804512669698
1519738214369710083
1519729636808314883
1519698984679448579
1519677829448830976
1519435617070985216
1519416839729823746
1519397163918405632
1519326711627845632
1519075705438494726
1519061889887707136
1519034778229649409
1519034777285926917
1519034776207953921
1519034775222247427
1519034774060421120
1519034772810616832
1518961720072540161
1518652762413846528
1518625399642669059
1517630571677159424
1517580123368828931
1515817029672001541
1515447068504076300
1515042281065123840
1514357146204491778
1514275972010360839
1514251182314827782
1514248841704452099
1513638024306839553
1513252966513393668
1512473178416762889
1512180911558832134
1512134109413486596
1512109179737096196
1512084754413195285
1511771934060695560
1511691977766719492
1511421638893576192
1511408169528045581
1511354170418384912
1511098316091805702
1511087839118872578
1511086528788942849
1511086224387280899
1511085665483640838
1511035764989116417
1510990904273813508
1510077003902431241
1510022746071310338
1509955015774982146
1509924390657478659
1509887197192888324
1509658617020039171
1509613932633329664
1509579192345808905
1509551274970300418
1509256592931368964
1509166671096918028
1508904460596174851
1508843918586171396
1508573712584482820
1508541157835476999
1508492072910827523
1508458699756556295
1508258078474620928
1507554404156776456
1507445735322755082
1507366996375187474
1506955122902982663
1506710681990619155
1506662931206922251
1506662930225537027
1506662929185259534
1506400083566338051
1506330485617745927
1506008640683139075
1505975772103720968
1505916652013166597
1505211211448791044
1504925709764079624
1504890978146136065
1504569527060811783
1504519056589832203
1504491454156189707
1504202383219466242
1504175163050532865
1504092538747207682
1503856501428998147
1503822967364632576
1503737588691181577
1503454775542792199
1503410823837851654
1503171867615629313
1502466087211909122
1502388899250798592
1502339589180112905
1502301300926656512
1501941401822531591
1501941400169893888
1501941398492250126
1501941396202147852
1501941394704781315
1501941393291288587
1501941391634493440
1501941388987887622
1501941387490566162
1501941385766719488
1501566315768733699
1501389742721622017
1500916220291256331
1500277826892742658
1500206897655422997
1500203930852237314
1499814852851810304
1499793579841048576
1499546439906734087
1499459645987078152
1499409644682465283
1499183775611301895
1499156912839012353
1499132686191017984
1499073902022172681
1499067086601166854
1498898313772470274
1498890137534877696
1498862025472352261
1498823192114503680
1498685706511781894
1498411510317699082
1498361860202315778
1498290035120132100
1498181779626332161
1498181303614812163
1498181130423619588
1498179998846492672
1498127966928347138
1498107885796085766
1498085761287077888
1498005327488319490
1497785744164851713
1497665052085821440
1497640442204205058
1497539250711146501
1497319836162179084
1497232709650980868
1496948063142912008
1496895388846280706
1496819134042099716
1496562219194146817
1496213937762807812
1494726452314525701
1494324269462921218
1494038654427271168
1493695095345922052
1493662806117433344
1493347198926565377
1493279336530690053
1493278692868562945
1492982487617875978
1492175579822575622
1492168030482317317
1491896402955411461
1491836713458704384
1491542150147977217
