1534650559088799745
1534561271013580801
1534277663791144960
1533901060238151682
1533824772202717185
1532481766367416341
1532361396469387264
1532100525478526976
1531999005831376902
1531697763855085571
1531285552590249985
1530564555000238082
1530290100466327554
1529884992473636864
1529862425045917710
1529828119921696768
1529127864599289857
1528027839538290688
1527770397474803713
1527386670374342666
1527288716808577025
1527031938795593728
1526642458322513920
1526601185871863808
1526570821510103040
1526306496270721026
1526276001159856128
1525191462668972033
1525183457793560577
1525151386089861120
1525121149675479040
1524869752140750859
1524848168130822153
1524832184481239051
1524797165599657988
1524524759970500608
1524495977989742593
1524471905918586884
1524445514254766080
1524388882237648896
1524134555136966656
1524064326029565955
1523732687965499394
1523320610444627968
1522752237197537280
1522714570929885184
1522678240283971586
1522599843675394056
1522327598449233920
1522321742697484288
1522321716420169737
1522277054250635267
1521955062112788483
1521917772078493696
1521610552757264385
1521570892014399492
1521494788670992384
1521233066299064322
1521188247568896001
1520126243491954688
1520079541355663361
1519769251070058497
1519677821207121921
1519473973188173826
1519436230517211137
1519405213622452227
1519005891403534336
1518974060398534656
1518259560254947328
1517534139523772417
1517261898823221250
1517216601115824128
1517193083817009159
1517169177806602245
1516825270375833605
1516779216720826371
1516552326009569284
1516144307274588161
1515724612746711043
1515099365039173638
1514379139503038467
1514257121830793218
1513985822718152704
1513969326944047113
1513944262437658624
1513942551304286213
1513580685784940544
1512519718443364352
1512498282274168836
1512471997674049548
1512143496286810114
1512095885492109313
1511830568576634883
1511755719246336008
1511705293431791617
1511493892457345025
1511461542172270601
1511371610514632706
1510673484095098889
1509983940681084932
1509946969455800328
1509669871096893440
1509606455980134407
1509571221083475970
1509557227874627591
1509536336017072134
1509335903981998089
1509299164907196419
1508916511062298626
1508836381295931392
1508793319786131463
1508602638249730055
1508570076991139852
1507507629714812936
1507449742170591238
1507397044524228631
1507033230477770759
1506784895900786694
1506729615750017032
1506631865180073989
1506407877178707974
1506368990347726855
1506307216927866892
1506273722738618388
1506064605864472576
1504850119622942725
1504845385809936417
1504525817694588930
1504456907364384771
1504223483689058309
1504201118498553857
1504167027891744778
1504108755910332427
1503876197129760770
1503831513800060934
1503426197715365891
1502351022978646022
1502028832571899909
1501971839756783623
1501971766121480195
1501694318330798082
1501687325012725760
1501672663164542979
1501312264309284870
1501278083072020480
1500934594056630277
1500884185560584195
1499867743302131712
1499834029629186048
1499766620683747333
1499516095107063813
1499467226423910406
1499420873480093704
1499173823274496002
1499138509629792257
1499087406015803394
1498879068498018308
1498794297587605510
1498739749359689733
1498465620781940742
1498433462965047297
1497351727699443712
1497314699590914051
1496961294154403842
1496892501416091649
1496656058739220486
1496595254648127498
1496140959133933584
1495773458772467723
1494788803541798917
1494739023679606792
1494707771165528073
1494393434630672385
1494042500369162243
1493693041307181064
1493340905792843776
1493280311677005836
1492631119807848457
1492168956509048836
1491888575507484676
