1534608298024095744
1534606020751896578
1534561734182191104
1534285226851057664
1534212492758482951
1533861382751494147
1532746670202658816
1532713112704622592
1532094329820520448
1531244038870794240
1530607198379835396
1530265098337624064
1530196241530900480
1529924186055098379
1529924184217776129
1529924182313775104
1529597492689522689
1529165758239997953
1529152949661929473
1527714622899470341
1527714621305626624
1527377806602031111
1527320977327419392
1527320973779025920
1527320970914320390
1527297279719505920
1527268428670713858
1527041147771707404
1526941173432127488
1526937551705186312
1526623515176226818
1526577812374798336
1526303177309667328
1525537262007631873
1524812300699504640
1524499227501645831
1524471142307749893
1524433909538242570
1524408727058751489
1524058237842120704
1523271503973949440
1522284098894577669
1522280091505631240
1521912808396537857
1521912800062459904
1521612548575014915
1521597646338670593
1521559002924175360
1521559001061806083
1521558999371591680
1521558997467344897
1521504750021361665
1521234548536848390
1521233922608271362
1520059794639495169
1520010008985022465
1519464145548189696
1519399168967593988
1519397440293687298
1519377114734239750
1519377060782878721
1519375427072102401
1519330838957207553
1519306565475610624
1519284992630837248
1519064727095238657
1519018303578066944
1518990238542090240
1518975722265755651
1518975705639493634
1518949195226488832
1518949101873909761
1518716916285992960
1518707320905158657
1518366367279468544
1518366365995999234
1518042004965494786
1517916642222743554
1517491417203023872
1516412281038548998
1516113987393527812
1515676462380167169
1515104682401796098
1514632171117584393
1513948344183361537
1513881075189268485
1512580138109652998
1512498176820924417
1512462339370635265
1512171814763462665
1512169628499382281
1512075638768750593
1512075609266040840
1512075521965760515
1511820253214527489
1511791559913742343
1511775893831790598
1511732002726289418
1511460732625379337
1511405809607053319
1511397486673502209
1509916550014328836
1509624482763317248
1509579266501091329
1509556386161643526
1509280357987852295
1509245855265611778
1509245852291940354
1508836991248572428
1508813772391124998
1508802262872870918
1508802185194315781
1508610110783901699
1508601684397809665
1508601683521196036
1508601682225213442
1508572261246287875
1508569755703250947
1508464550282240004
1508440819568627715
1507084614371844101
1507084613340049415
1507006032324661251
1506747638749831176
1506737054973054982
1506712968603762688
1506687866868584451
1506675989748846602
1506384993207132169
1506368610025058313
1506268226342334470
1505974163680411652
1505974000899567624
1505970111320109066
1505601809162903563
1504969742741913600
1504969741525561346
1504892482080759808
1504876698969456645
1504539381406834690
1504522894885462022
1504217873081806849
1504186836075388931
1504183421446369282
1504170883434356742
1504157574614163458
1504142281342865410
1504142280172908544
1503861165436379139
1503850490664214534
1503795888099151872
1503781526185689094
1503739909370269705
1503427788736503815
1503393752299319304
1501991230267445251
1501954387039723522
1501912814876860417
1501912195822727173
1501907195398610947
1501629858429947905
1501622771847254016
1501324189977825281
1501268173487706114
1501268172179181578
1501265176561074184
1501246373278146563
1501236941395791873
1501220848836960257
1501216527588237318
1501001630283673611
1500910206565371919
1500533642338123779
1500164249875853314
1500163447316701184
1500163429130285060
1499881345358733318
1499472053824589835
1499433307641159682
1499414864074321923
1499414860177752064
1499414859045298191
1499136481696391175
1499132214738575360
1499043039628693511
1498885017577132036
1498885016503398400
1498885015370878976
1498885014221725696
1498885012766167046
1498885010346098692
1498688472202321922
1498436143959924746
1498339751287529486
1498307369935196162
1497988225020932097
1497988219102707714
1497303605640142851
1496939136619581444
1496886289702191105
1496881575270748161
1496869559038402563
1496633186864050176
1496609860938604544
1496605450908971013
1496600773349842947
1496552110791532559
1496546021685567491
1496538663139823620
1496239031746760709
1496221964284960782
1496180256780259338
1496180255324884992
1496180253982605321
1496121076354588674
1495871652638429191
1494841500148154371
1494787013886857219
1494786195125161985
1494786189488009223
1494446735170719745
1494445357778022402
1494427568472264707
1494371879435575296
1494052302084362242
1494011433302036481
1493732095759429632
1493677375623766020
1493341511278284800
1493322981032050688
1493312510103109642
1492222218646040583
1492182235231014918
1491881902583816202
1491881901229068295
1491856926338170887
1491847133208711168
1491534923622141952
