1534664810431930368
1534604563222773762
1534571244888145920
1534258189390254081
1534258187762913286
1533899818862530560
1532799857332834307
1532754523495727105
1532449491802021888
1532406013219020803
1532075522498646016
1531730127368900609
1531687811916738563
1529538712383676417
1529538711192576000
1529513448899547136
1529484140260769798
1529484070513786880
1528830626240942080
1528780294752309248
1527735912813064192
1527669224071745538
1527383340919050240
1527350988122001409
1527346947824054272
1527310948570083329
1527310942865805320
1527041181145870337
1526692564371382273
1526686658598510601
1526618092595564545
1526603268696285184
1526591120075067393
1526551924430061568
1526307450248433666
1526303250722463753
1525108692642942979
1524830538951020546
1524763207168057346
1524510380034297857
1524496778342670336
1524481128593252353
1524382115105808384
1524148084183347211
1522629984745050119
1522599558651559942
1522324517384765440
1521949270689161225
1521925978691448841
1521897756473937921
1521871357163810821
1521580049874493440
1521580048423211009
1521325552384331777
1521325551209918466
1521325549951631361
1520465583812272128
1520081823367315457
1520068709523628033
1520044855900225541
1519795281776320516
1519781384897900546
1519748589660127233
1519735568699121666
1519409884474843136
1519367225697841157
1519351132740538369
1519074196575432704
1519014352560529409
1517577750411980802
1517577748306448390
1517510089032310788
1517228587635642373
1517218777104068608
1517218775904526336
1517218774272851968
1517214745543294982
1517214744469458944
1517214743152447488
1517214741462196227
1517212980634701827
1517212979439276035
1517212978210295810
1517212976549355520
1517206176454299650
1517176458791337985
1517141869955756037
1516881902459920386
1516836298669051916
1516788923531657229
1516788314858471426
1516523964654395395
1516476961350160384
1516146431752646662
1516107480102805507
1516083233624137731
1515078761657495553
1514980004576251913
1514314657137373187
1513958804349759496
1513914467398135812
1513609529556099078
1513586480488357888
1513563662086193160
1513553965211922442
1512522445810503680
1512476857714761734
1512192269675339782
1512160239591829506
1512134843055976464
1512128651608866822
1512121320917676033
1512121297299513345
1512110502750699529
1512091452528070662
1512057508848111618
1511782987901374470
1511776840100241412
1511776747892744196
1511717731980259335
1511717730637987847
1511459161183166464
1511447450409742337
1511402962748416002
1511376801817411593
1511344668541341703
1509979156838236164
1509958258408181763
1509945524278988803
1509934259041181697
1509923238318596097
1509923199747866633
1509662789719187457
1509651903856222217
1509581075735003139
1509271377383202828
1508920243695104003
1508905823283593227
1508889827650977793
1508865306852274180
1508556606639906824
1508525506735620100
1508430317471862795
1508227617542926337
1508149603765350402
1507813136526561281
1507751732004204549
1507467677702447108
1507365547075383311
1507173233778434054
1507082559905275907
1507082548253503494
1507082537277046789
1507073749845262343
1507073748385550337
1507030588510941184
1506683424916049932
1506367537642102791
1506326496671113222
1506258666827268098
1505988509571637252
1504898296749465606
1504897578076356610
1504829839043346449
1504820392417923073
1504815482070835223
1504569407313428484
1504536017298243590
1504517420920229888
1504511774950887431
1504503138845442055
1504470970643320836
1504109705999826945
1504089219681169408
1503865024326029320
1503830042626899968
1503828949884977153
1503777645313630217
1503723217529282563
1503462772591452175
1503432932559630340
1503403450482180097
1503399104235425801
1502788382820286464
1502377702900310019
1502296458099372039
1501999247213973507
1501961583915945984
1501948953914347525
1501767561758842883
1501698629970677762
1501651835232391173
1501610728725393410
1501564566064582661
1501294684391493637
1501252940807520257
1501235368892547079
1501216267381973001
1501216104487792652
1500929388174532614
1500923104062803972
1500912044316397570
1499804760475635712
1499774762222075904
1499483103076798466
1499483101910683658
1499466382693576704
1499460219948183558
1499460185349316613
1499460180039421960
1499421500130086913
1499145141306728449
1499126738596605952
1499053633484333058
1499024654886912005
1498830228629692422
1498819400610238465
1498783145142988801
1498768863445532678
1498739754090864641
1498709558717526025
1498381123356925955
1498361156649500679
1498354988489506817
1498329446834651149
1497314084265644036
1497272868253716481
1497236454556286977
1497231899705683970
1496885039925186564
1496588218657034240
1496575532313595907
1496503149657571328
1496232158649896964
1496206201645944834
1496146501386612736
1496146497234214914
1494745448690630661
1494051104635633675
1494024502229020676
1494020129432211470
1494016225642438663
1493704323095793672
1493704322017865730
1493704152094019597
1493680463948525572
1493659236215177219
1493633362141061128
1493609572602425344
1492206980190158852
1492206976738242568
1491901897065783300
1491886400081481732
1491886214441545729
1491804382475612162
