1534621467849244672
1534508726337642497
1533907723909320705
1533777242832125952
1533777241909469184
1533777241070608386
1533777240126894080
1533777238994427904
1532835181052284928
1532450153914941441
1532373679102894080
1532099977865994250
1532062992979791872
1531726320928964608
1531634701810679808
1530944325026185219
1530302972512583686
1530301717706903554
1530289236192133129
1530289234531209219
1529629802453409794
1529206075219746817
1529192493861986312
1528888511155163136
1528859349124513792
1528767374077435904
1528142351734124546
1527364361446359040
1527106036376772611
1527105913911398400
1527065164335423488
1527044313502425088
1527027168571686913
1527017957100068866
1527017663410712576
1526921730245238785
1526919288866619392
1526635658445455362
1526635320929837056
1526635127182397441
1526576352576544769
1526417321975332865
1526377497943760896
1526283443520282634
1526283442631192576
1526283441817387008
1526283440970153984
1526283440206893056
1526283439489564674
1526283438629826562
1525632033703313408
1525632032109371397
1525564999833370629
1525564998927405056
1525564998105325568
1525564997169987585
1525564996171743232
1525220440033091585
1525184719364710407
1525184718563573762
1525184717611573248
1525184597323022336
1525155643576942593
1525135082348064768
1524837730269728768
1524779127022268426
1524779070038351875
1524540644819091456
1524479437508644864
1524380278692757506
1524380228323270658
1524380227056685057
1523769437698269185
1523769378353053696
1523743518774403073
1522644761093541893
1522218398578450434
1521977290191745024
1521324345469157378
1521324224442470406
1521324223574290433
1521324222777282560
1521324222110486529
1521324221430910976
1521324220210421761
1521197555001999360
1520027423269654529
1520027026320769027
1519800093204963330
1519428976225177600
1519356818941698049
1519356809408139264
1519356801766019075
1519356796137316353
1519356792018554882
1519356783428620288
1519356773710319618
1519279994907897856
1519074772101087233
1519074611471831040
1518713297813528576
1518250541549293575
1517575519511982081
1517473793807159296
1516864873908551682
1516156880992755722
1515362068962103301
1514694620961202181
1514674475748532224
1513955267712585738
1513919787587493889
1512150591845318671
1512089514965143554
1511716503443419136
1511390260407775233
1511390211653226505
1511071928655785985
1511042601339736068
1511042599838224386
1510994269074509831
1509918274439557135
1509884021249093633
1509712771923038210
1509638744961396752
1509638743732498437
1509638742432178180
1509608478398156810
1509608475864666122
1509608473566326784
1509608471192211474
1509168202089209859
1508463683659259914
1507029508825694221
1505250290165067779
1504476738968981515
1504109484196642817
1504109483106226180
1504109482057605127
1504109480866459654
1504109479591387136
1504109478471417865
1504109477271941125
1503766337377734665
1503465158290587648
1502403602220036097
1502398461148336147
1502398459957104646
1502398458854096899
1502398457859956742
1502398456756899840
1502398455607611394
1502398454391361536
1502398453112094730
1502398452025761795
1502398450998124545
1502398449882476545
1502398448699678723
1502398446829031425
1501315820470874115
1501306613361262593
1501235471577460736
1500985679290978308
1500985678317998090
1500985677156077574
1500985675209916416
1500266182519279617
1499061442531762180
1498859987614978048
1498859986818060288
1498859985996062722
1498859985152978944
1498859983643021317
1498778796073357320
1498697882479833094
1498478457214357506
1498299307706957825
1497267657250324486
1497267656164089860
1497267654746202114
1497067396883959808
1497067395751501827
1497067394509983744
1497067393537003520
1497067392651902979
1497067391712387074
1497067390638641168
1497067389644591106
1497067388017074180
1496264668976930818
1496264666854658048
1496264665923530752
1496264664841342978
1496264663952207873
1496264662907826177
1496264656729612294
1494430959017594887
1494430957545431040
1494430955687317509
1493606769888796681
1493335546416013314
1493335543639326721
1493335537033359362
1493335530897088518
