1534583367483674624
1534582812426264578
1534245286633144320
1534200759159496704
1533933157292064772
1533877855104696320
1531695525187166208
1531695523605913600
1531663642055303170
1531389134799097861
1531275013785112582
1530361055704035328
1530211868131921920
1530189779836588032
1529478297381486599
1528762104177741825
1528762102999142400
1528762101380132865
1527705952291536896
1527356842225315840
1526986620100034560
1526930444171845634
1526630733724684288
1526624634166181891
1526597243402338304
1526572436157775873
1526313367878656006
1526215261027807232
1525133307498881028
1524822509429956611
1524773391915442178
1524751879787401217
1524462645016993794
1524382952276348928
1524122917746978816
1524026917430743046
1523792616575315968
1523764933959495680
1523738947419250689
1523358268751446016
1522300186365677568
1522251789923504129
1521531320312205313
1521531318995193857
1521531317531426818
1521148422895644673
1521148421414916096
1521148419733078021
1520107463290331136
1520066310528450563
1519744966414774274
1519410221453557761
1519377459124359173
1519090100038217730
1519020431843418112
1518973743871180800
1518663956394614784
1518590929204043776
1518292303407947777
1518039818659405826
1517492218784796672
1517161860570755072
1516846069870739465
1516819680387813384
1516479369983766535
1516432645181353985
1516065898737590273
1515713254084988934
1514653744381710352
1514623501776613377
1514284825313636352
1514242856873082882
1513940561241288707
1513912667479678985
1513640925423149058
1513545413231587331
1512496138670284801
1512480485787967491
1512135595019190284
1512113080313991168
1512078984548261898
1512078982753128455
1511863279542484992
1511709817093738503
1511052875291574279
1510991123338215424
1510968832533450757
1510044694587318274
1509592865457987594
1509542214799659018
1509190498157830150
1509131086349185025
1508800693683036172
1508512691656273933
1508452920446103560
1508157327425388548
1508143056142413831
1507387112588554251
1507366311847997469
1507071258059550729
1507065369860657161
1506668969616310273
1506474072833634304
1506415366867591168
1506365621285494784
1506309509177769988
1506273861871955970
1505960444191776776
1505930177645273090
1504567586343763973
1504526630693318664
1504477674466553859
1504273544670326787
1504190866746978326
1504177692610121740
1504107793393111055
1504069102201155587
1503832516003835905
1503745406651584527
1503420552257626117
1503384219577466882
1502411431756587011
1502411430431182852
1502347268871049216
1502310474687426566
1501986088415637507
1501974432704868353
1501676444346462213
1501651325087629314
1501613733973475334
1501595777680003083
1501323696102801411
1501288335817510912
1501246583190478852
1501171203079380992
1500923353070252033
1500846552570634241
1499402096369713152
1499124853533782018
1499117849868124161
1498866326236020742
1498866324990316550
1498866323736219655
1498866322125512709
1498704467562274825
1498672839842541572
1498397368550576134
1498373433100578818
1498365533103792128
1497684332105846787
1497581197123325969
1497285476520189956
1497252651167358981
1496960494577586177
1496940567590223872
1496852730358415363
1496852728508817420
1496852727133270018
1496852724624859144
1496558005428629510
1496520482849497095
1496502091673706509
1496228325240578054
1496187026672173070
1496187025363456002
1496187024059117576
1496187022561718279
1496187020800049152
1495788195988054030
1494756377386004482
1494756376207372288
1494756374907133954
1494705733815914500
1494473267670888449
1494379512699707397
1494374302824738818
1494342191413706753
1494329419787169796
1494037442684456965
1493986277921808384
1493581719303299078
1493302199019098115
1493275275647459331
1492231884524433412
1492173068164345867
1491802099016876043
1491795375551778819
