1534684324959866888
1534640911581429766
1534628592356929536
1534616116751912962
1534274373628084226
1534017088318324736
1533947644506152960
1533947642258014208
1533893066288992259
1533855182131437569
1533855179573022720
1533574635458965505
1533519774898171905
1533482277258289155
1533157040918495232
1533100763206938624
1532892780560793600
1532845581986582528
1532811890468048897
1532795624999030784
1532764341489045505
1532764340188852224
1532464710418833408
1532460969057738761
1532406585527525378
1532121937765335040
1532012721650245632
1531819631488471043
1531699227436453888
1531684996523642888
1531684994246123524
1531639887492853762
1531369695995219968
1531007721562062851
1530950092030676992
1530711268251774978
1530566061442990080
1530355423475290113
1530285714520219648
1530253501955072000
1530222044612288512
1530201424382070784
1529959027001679874
1529929587160977408
1529905097760722952
1529905093793009664
1529602532368056327
1529492120238702593
1529208645262659585
1529189215568900098
1529175287732350976
1528898612805226497
1528777748663214084
1528467483203538945
1528391231352479744
1528166753737531392
1527989584851783680
1527820975320059904
1527651999059263489
1527464373652017170
1527384347690422277
1527361193668657152
1527323926459981826
1527045346320388101
1526974401509466112
1526751351803457537
1526751350259867648
1526700088235544581
1526671991696199686
1526671990622494720
1526671989557059584
1526578247873572866
1526358085257768960
1526320978388832258
1526320976069287936
1526290700123398145
1526270561286070273
1525972040297197569
1525877165601849344
1525638320444911616
1525594804423315456
1525546989642973186
1525522075594670080
1525495399494074371
1525332734591262720
1525295583346446336
1525214961798103040
1525203224130514944
1525193548131454977
1525122945521225729
1525106970247700482
1524921870226685969
1524869615100256282
1524836156898169043
1524587775357505538
1524503749242372096
1524469005595164672
1524424845315825665
1524407138419986433
1524068646838059010
1523719588839497730
1523313774404378625
1523035440223301639
1522957929720205314
1522747209976066052
1522699728076500992
1522686814758256647
1522660411375558657
1522660408213090305
1522315452726353920
1522017496659906560
1522017495124779009
1522017492578803713
1522017467958190081
1521949817601249281
1521949806763073536
1521617138104127489
1521510628275499014
1521510627025555456
1521510625754726404
1521510624555114499
1521510623275884545
1521510621870800896
1521510620620853251
1521510619228352515
1521276309053353986
1521227489762230272
1521227366642683909
1521127871154110471
1520861364843163651
1520788635783778306
1520464499727347713
1520387995903442950
1520142629127790594
1520101690652954625
1520050774117519361
1519804115601313800
1519790307134611458
1519769168329031686
1519749463950217216
1519749462662557701
1519447045269983234
1519432822347423747
1519322224934723584
1519080078642237442
1519079192142434307
1519055851016925186
1519055837985230848
1518960827897991169
1518960824794193930
1518955305253572608
1518732587480625153
1518703969312382976
1518656637216694273
1518245377543065600
1517966658933035008
1517950685282664448
1517907148612767744
1517686663828451330
1517686660993105921
1517608178636132354
1517572443430264832
1517559787046772736
1517273533017202688
1517223168385159170
1517158769867829250
1516963696232304641
1516902536569044992
1516853719329030144
1516827084961853446
1516791719542599683
1516438409253949440
1516438407970443278
1516190275336552452
1516190272853622789
1516190269225512964
1516190266633424901
1516132141641392128
1515808613427728392
1515518629277839375
1515459794790137856
1515403396886499332
1515332181589213185
1515160449871982602
1515124575801155584
1515109733035827205
1515069377531588623
1515052008222375939
1515033352956489731
1515015354312970249
1514421786808492034
1514421785118142467
1513533329185947658
1512938659862904834
1512844539706310661
1512816102564368386
1512582060476669954
1512533993442398209
1512520013822976006
1512463090222252041
1512432072044032010
1512230493885906945
1512178461116440576
1512178460206186499
1512134229651603457
1512126463604142087
1512102399720140802
1512081761798275076
1512055267625738247
1511833584436400136
1511833582591000580
1511817378417594375
1511711491501834242
1511518716424560645
1511413400449994758
1511378882510921734
1511367894071922694
1511077872731144201
1510661656073969665
1510393136933048321
1510325852998877187
1510244658500231172
1510054153204092932
1510021795201622016
1510010588637896725
1509994239404515328
1509961543114375175
1509938610090483715
1509667858191511562
1509648120594014211
1509594121966481410
1509295152057126916
1509264701510852612
1509245242133917699
1509178634111631369
1508942327288541188
1508882040070066181
1508882038941790221
1508868145527857155
1508596297061879808
1508558056531103754
1508545659166674945
1508545656402632707
1508131232609030150
1507833772468809734
1507760288602361857
1507508127314288640
1507423944470671365
1507409406165725184
1507409404559245330
1507096828319342594
1507058113907732488
1507058112435474434
1507042387788451846
1506810239722565638
1506810231162032133
1506810222559510528
1506737640934199297
1506700733374160904
1506700731906203649
1506396516424073221
1506396514876334083
1506396511487340553
1506340087667298310
1506271226624450561
1506049515521929218
1506014015121928195
1506014013720653833
1505986920630919170
1505701472260009988
1505620942013218827
1505592402471526401
1505255138067427337
1505255135487873027
1504647619200622593
1504647618072391718
1504575904583979011
1504526739946545157
1504281080643436553
1504157613348565001
1504125986090192902
1504086779904806917
1503890539493543936
1503849267672150020
1503796671150321666
1503762794293964801
1503762792981184521
1503538245967171585
1503460194528989184
1503428481320992772
1503066959012933637
1503056292734291973
1502826025167728641
1502684844928630790
1502393841378287632
1502350317039538179
1501953914920439810
1501953913511104517
1501664590534529036
1501193314946756613
1501193313206116353
1499852496377896963
1499461293622890498
1499461291794124805
1499151205003665411
1499114504612888580
1499039489758572547
1498860338858573826
1498860337847848963
1498832109284302855
1498749767878422530
1498749766578155520
1498426821599285251
1498387936768897030
1498381741471539206
1497600598132158465
1497600588317614087
1497600578645635073
1497600568348618752
1497600555459366916
1497600545200164870
1497600534349496328
1497247844935376928
1497247843651768320
1497247587446968321
1496861333110804498
1496861056911740932
1496550607435542538
1496487263311650817
1496195185222557697
1494721140304101379
1494691986032500739
1494411826502815745
1493702375168692230
1493676378755149824
1493657017373839365
1493342742709211140
1493327477426511878
1492993840453718016
1492217003406462977
1491893062334914561
1491892882617286656
1491864178012864512
1491855624057069574
1491535780577218560
1491535776810770438
