1534681928221265922
1534615497689419782
1534568683019939842
1534246888978915335
1533919605332262912
1533849902131949568
1533162545888083969
1532804686721564674
1532771679491047424
1532745916121325573
1532511426652274701
1531994734079655938
1531745590010429441
1531281835371667461
1530603742776762370
1530215420942290946
1529926126591787023
1529553645423013890
1529214291211165698
1528839947502985216
1528421180482502668
1528065615721799680
1527336602346741777
1527334804718379034
1527115411497619456
1527103651889795072
1526929873889116160
1526741993979772929
1526674677225213952
1526612771768516608
1526308346827001859
1526198037147787270
1525640961287770114
1525179823882129410
1525121698277752832
1524814680698626048
1524485253217361920
1524211077386539008
1524139336555446272
1524072851719995394
1523747207341506562
1523370180520251393
1523316988998787074
1522625504058167304
1522546056524967941
1521874818001477639
1521312143831928832
1521217479128793090
1520825885921890308
1520074153851764738
1519784522446954496
1519755406335217670
1519432963137675267
1519039116620533766
1518672954938245124
1517496701300400128
1517207096412057600
1517161745609023488
1516464913983713280
1516089214760275976
1515688285284229124
1515300227401584643
1515059897704095744
1514970809458118656
1514690710695522304
1514647438254084102
1514611047348375556
1514343097005744129
1514250173110706179
1513945613783678984
1513878920021655569
1513573348508373008
1513277398242013187
1513170476692082691
1512547953600311300
1512517396795465732
1512181179889467392
1512148844548665351
1512102011369664518
1511737781973921796
1511128917167513601
1511057402845671427
1510281407913943055
1509953958290284551
1509655785160298502
1509608373477588997
1509597986497740813
1509549860793552896
1509282575210192904
1509173356951707649
1508932456417738761
1508543316299763721
1507083203298959371
1506756932933230600
1506711800351440907
1506680185810305024
1506277779289030675
1505933066463760385
1505650425407713285
1505260133743575046
1504874536000491529
1504847859035873284
1504455115591270413
1504184695168241666
1504103475134746634
1504083826070405133
1503843369637851142
1503753644876906496
1503427505126088704
1503054034458091524
1502468797894209537
1502281256742141959
1501915008489476102
1501759216473755654
1501759214951309317
1501599124969467910
1501360372984516608
1501311463754981386
1501267378826579981
1501218569337647112
1501212566059683852
1501193323754803206
1501193245040295939
1501174299213848579
1500899847423119361
1500529650778394626
1499816195075231745
1499800257340784649
1499477977708511238
1499418119290470402
1499160879568506882
1499137512102629381
1498856426273394694
1498849982958424066
1498835448994709504
1498750185949876232
1498701800375001090
1498429776507580416
1498429772963233799
1498429766004838403
1498429764411002886
1498429763177881605
1498394334202408965
1498041784370405385
1497296915569983491
1497252285809930240
1496847679342718981
1496655014412132354
1496648674864152578
1496644386758791172
1496555963486199814
1496266457529077760
1495917025713131521
1495836475119783939
1495094649106620420
1494816570039840770
1494765204202266627
1494437432774832137
1494104246664536064
1494044152186781700
1493702248727257094
1493701217104576518
1493350247938117636
1493294493562507273
1492170824228478977
1491932566320037902
1491850211496505348
1491598087579742208
1491570645574066176
1491551824805081096
