1534652167239475200
1534575392882929664
1534189325553999872
1533781522729291776
1532804204481462274
1532774939245391873
1532448775440154624
1532381338774515713
1532138912197771265
1532055927423176706
1532020504260923395
1531269320440963075
1530946426259259392
1530560011994288128
1530283022032961537
1529918567185010736
1529876493374996480
1529464846282022914
1528800036322164737
1528486658370326528
1528410771205640192
1528079034613112836
1528020062656929797
1527751651725086720
1527298916387258368
1527058724359225346
1527003463577657344
1526289640881373187
1526233119782838273
1525915505776795648
1525131731413639169
1524772049037705216
1524439784814526466
1524123081643601922
1524078015868772358
1523703714581983233
1523288652561985536
1522961302993448960
1522635188332896259
1522572749067202562
1522298001733083145
1522206341351235586
1521964548873457670
1521925550591426560
1521860224826724354
1521603389859246082
1521241913520795650
1520796657297891328
1520467840435990529
1520419988586340352
1520129752849338369
1520070008868593664
1519799483344859136
1519443231376912384
1519343314675376128
1519093033165373441
1518622799044268032
1518251093700091905
1517896479981121537
1517555668814897153
1517234087693627393
1517152511055962114
1516857300270596101
1516793148348973057
1516082622975389709
1515662071454748679
1515398253205934081
1514975972067627014
1514728580638461957
1514663104034086914
1514604543044063238
1514363714211823622
1514293949179076610
1513866698759229441
1513622943342989313
1513559663937261578
1513200407530680329
1512864566715289600
1512821161050226691
1512484698655797260
1512446252646125579
1512181114743443466
1512133726620340230
1511810352480145414
1511380976437538827
1509919872607789089
1509538105652649984
1509271690261540868
1509220079719878657
1508914581254680577
1508543936083730438
1508493184221036548
1508127128734347279
1507811757900902409
1507366326330929210
1507072647250731010
1506643548485074955
1506362869457342469
1506276511296466944
1505984566313562119
1505929624836050944
1505646061733433345
1505587050279542788
1505241095831265289
1505194954511065096
1505002015734304770
1504831449928810497
1504528702075547650
1504478452082098185
1504219001043496962
1504122135001944066
1503844964379373574
1503413465272172555
1503053760314191878
1502753211748433927
1502713075958439942
1502365416571682825
1502290331131424768
1501958276279328771
1501632335162269701
1501319967257604103
1501281126295478282
1500589863636291591
1500524392928976897
1500183305228103687
1500135942182555650
1499872348157227010
1499803767629389827
1499512116167983108
1499474295264890890
1499104077560561680
1498886219459186689
1498789094561882116
1498417685633409035
1498126503724343296
1497299722326978568
1497242174680969218
1496887186846851085
1496616980790628354
1496582962162417669
1496243499053817865
1496114640719429637
1495770409773547529
1495527385374117898
1495438294267711490
1495162793263308807
1494719484896198656
1494412578197540866
1494372560393363459
1494349905715941376
1494081455672201221
1493983976595374086
1493708186347520001
1493648381608181761
1493343569746214923
1493302486047801347
1492898594277539844
1492548232123240456
1492215032066752517
1492170039381966849
1491894332214939651
1491832484841074692
