1534642703245377536
1534595598334279687
1534585825916248069
1534571967684218880
1534561236599308288
1534542532251729925
1534542530431397893
1534221913811304450
1533809846285479936
1532766392159813635
1532753363456167938
1532730273716133888
1532517870227312641
1532417783153188869
1532397618848051200
1532363015273824259
1532132385793396736
1532107459246145536
1532089838882721792
1532077624813813760
1532063477077970945
1532047415997513730
1532043672505790466
1532043666922930176
1531982902938025987
1531769581626351617
1531752000978919425
1531750376780726274
1531733702748815360
1531733697719947264
1531715976613572609
1531715970737266688
1531681517935771649
1531656624171012099
1531357544748355585
1531267697492779013
1530321277742895104
1530253483064152065
1529965652110368786
1529941946957021184
1529869720685617154
1529839230809251841
1529839229265711113
1529839227709575169
1529839226036047872
1529612101131587585
1529518124965498883
1529488140729204736
1529207643822100480
1529182321861087232
1529162132188798976
1529129336523079681
1528827356810514434
1528821212566241283
1528808877696991232
1528766404660498433
1528412245419601923
1527774331958448129
1527743736146546688
1527716403759005696
1527684530672480256
1527684528873037832
1527673923113984000
1527673149982121985
1527673020327903235
1527672360555495426
1527671091803594753
1527669537545625602
1527435994831765504
1527402008541528064
1527402006876405762
1527402005240631299
1527389934566264842
1527364252448980992
1527329435120062466
1527296981919354881
1527056930837086216
1527049256359665665
1526992630827163651
1526947617145503746
1526671850033532934
1526653935649431553
1526637733967544320
1526619543115911168
1526602774800216068
1526589879890624514
1526283428798373889
1526266743701786626
1526266737963958272
1526253456721338368
1526227761836212225
1526215013974908928
1525529725975810051
1524865860355104768
1524855936694861833
1524822821981106176
1524816269186420738
1524786680183590912
1524776296202502144
1524767040984211457
1524496226858815488
1524449504908435457
1524441578223325184
1524438048083169286
1524426551915384841
1524399828670816263
1524132867042947074
1524126437724282881
1524120724155568128
1524078818746638342
1524060754781028352
1524028687158493185
1523760433886535680
1523752445750378496
1523713381118930945
1523706484038651904
1523706479572062208
1523690935384559621
1523690873820958721
1523690868124766210
1523690862156578816
1523663548542382080
1522736489792253953
1522668537453625350
1522622076040982530
1522617646285746178
1522604280401780738
1522316264961724417
1522298812529840128
1522291839159652354
1522274154531233794
1522238976152715267
1522020896646516737
1521959541923098628
1521913793902751750
1521910919118348289
1521890381234946050
1521886096187183104
1521883258614599685
1521869378907787264
1521855377167593474
1521615342258331648
1521613234607992833
1521309095453671426
1521245103024660482
1521223680868728832
1521209508013481986
1521208802351136768
1521194476076777472
1521176085689511941
1521169422186123264
1521156882701983744
1521123945625366528
1521123003324579841
1520143111074238465
1520081598108024834
1519766289476165636
1519740188813058050
1519727033420595203
1519706315853078530
1519696448996052993
1519690283432165376
1519681691597561857
1519437105281306624
1519434267973111809
1519423036675526656
1519397639816724480
1519389483736743936
1519371908021694464
1519337388488769537
1519328677032570880
1518679515945480192
1518620856813035521
1518620855215046657
1517553317106225152
1517521924317982720
1517499016581423109
1517262148778438656
1517208796879220736
1517146637356961793
1517119710436986881
1516915112136921089
1516882621434937348
1516761176499228678
1516494487782101000
1516442580858421252
1516411285281415181
1516144229189558272
1516127430150438926
1516087807030317056
1516087568877633540
1516054225754673164
1515064897327050759
1515044300387753990
1515036439171448836
1515036434306117647
1515024364504334346
1515024359211085827
1514997309716811782
1514993622596427787
1514993620495081479
1514987294687744004
1514987286856970247
1514743784373948416
1514721257765408773
1514701543370629129
1514653480979415042
1514641487618883587
1514606286012264466
1514367957505388551
1514335165778116615
1514299379036872717
1514280661640790017
1514249533613645832
1514048321135992839
1514047972727734276
1513933211679834114
1513926603247702020
1513922671955828739
1513588992868036620
1513571065007681538
1513543263504019466
1512506531492810756
1512487947299622912
1512243922789187586
1512176467039473665
1512133828684525572
1512109210108059650
1511885084508491781
1511803943176790019
1511767719284297731
1511764819686350854
1511728284010229767
1511725434303569928
1511723634120871937
1511465698052165640
1511458341578579970
1511458339888185350
1511447125921603584
1511441645094555649
1511417531126501387
1511394214659207171
1511392377646292994
1511098084801097732
1511096047036207112
1511086918318100485
1511084708251283470
1511066877618839552
1511066874972446721
1511039078925545475
1511031561478672384
1511023581211332610
1509975116167454723
1509962647894204420
1509952811672522760
1509946738660069376
1509634708627505163
1509627531426738183
1509621969985183755
1509578763323031558
1509279852599431181
1509273535549788164
1509240221644341258
1509233431837921282
1509210996769964041
1509210994958118919
1509210993238462473
1509210991543914504
1509210989555859460
1509210987483873286
1509210985760018440
1509210983776108561
1509210980911394817
1509190045181300742
1509185993873711111
1508865674873090049
1508819257643225096
1508799849097011209
1508797496230825994
1508531443437346821
1508519391620648964
1508476841698463748
1508474417839587336
1508466429951197200
1508459061804740620
1507445161449644038
1507423769555525636
1507406880167059456
1507393080869199891
1507379384608509953
1507088538503987201
1507079058399629316
1507075730559193089
1507070213375860737
1506783540842741762
1506758802619740167
1506754384922882049
1506717907132334080
1506706012849508352
1506702622362845184
1506695301989548032
1506675615604391952
1506631779326775304
1506410644215631872
1506391252719263751
1506366951160954892
1506364438613577740
1506352059192426498
1506336663961751552
1506336310226833409
1506326151756668935
1506307877086113801
1506273916792225793
1506063053389017091
1506015901379821569
1506006979902418947
1506001812075200523
1505336926399836163
1505315087950786563
1504974958878994436
1504945506111393799
1504919622272831489
1504895138438524939
1504865069485723677
1504821747169771527
1504237675045339137
1504203663887286279
1504193349850435586
1504179979608895491
1504175595726544913
1504172563831865344
1504166396007260160
1504141867906121728
1503900969192595458
1503851525034197000
1503831565255811075
1503803406615465990
1503786663369224192
1503779667496652804
1503470796148248588
1503453124110991369
1503438324018601987
1503417953341124610
1503380607774121985
1502404151405428738
1502369531221757954
1502342296200744962
1502326301474099203
1502315169388576770
1502119995282763778
1502089221963665430
1502028936158621696
1501993305248309255
1501985594259480578
1501982598863675392
1501979368364589062
1501972307446804482
1501956801415233541
1501946146574372876
1501616562767286278
1501343547152293890
1501319520975269898
1501309557703950341
1501279930709155845
1501228163510136838
1500995516104122369
1500885888468934659
1499876813253877770
1499871166944718850
1499823666271604736
1499813055433170950
1499803894032961538
1499803338493341699
1499793448689451015
1499780207196131341
1499766321239703555
1499567046715228167
1499539183362322438
1499511629096095745
1499479879930327047
1499428811271770118
1499398900133756932
1499394799446761472
1499182298603925514
1499136821535592448
1499128297388748812
1499099569472344073
1499069106473123845
1499043944071577600
1499035856715325446
1498869035005587459
1498755224982667264
1498753070494371844
1498720331745349632
1498689830242459656
1498689827272863749
1498689822818455555
1498689818569621510
1498689814534799361
1498673738342146051
1498454651024424966
1498438707535360003
1498433760672587778
1498425319035973633
1498397729034231808
1498379220107640832
1498362672684929026
1498360139136614410
1498359423022026755
1498358349955534850
1498358172628795398
1498346811903426562
1498340938770436110
1498316980054544390
1498010373143810052
1497984491591196677
1497984142461620230
1497377050302287888
1497327040965578752
1497303061638877184
1497288534574702600
1497011357618737154
1497010892826886158
1496999622212046851
1496963623603867649
1496921916560576517
1496904203717197828
1496676655846285315
1496646709467881475
1496616844983255044
1496524487306711055
1496494002941665284
1496297509311893504
1496268559089082371
1496213615568990213
1496192203546365955
1496154850350010380
1496146370482389001
1496133060416397312
1496132546484133902
1495922271369809921
1495874426285477891
1495861651064737796
1495844977624166408
1494783989609025544
1494742470617452551
1494730566532534275
1494708388986507267
1494429749732851712
1494425898904342539
1494425897109266435
1494425895213359111
1494421832216293382
1494398666672594955
1494398664726482950
1494381333971451905
1494360246994804739
1494070167378214919
1494055980316999684
1494015384185360385
1493997263793840134
1493728412577546241
1493683670707752961
1493672214083813376
1493672212104204290
1493339450042204164
1493303641700286471
1493266626678038533
1493253548120936449
1492206580837896194
1491884612536131589
1491880395360681990
1491870358051434501
1491815660854329359
1491799738470965252
