1533987390125133824
1533900480153366530
1533583479996354571
1532382899500097547
1532101986350399489
1530282571459874816
1530161593849372673
1529620538175508480
1528022804599275521
1527778806274084864
1527398836146262017
1527397058507833344
1527106006056042496
1527106004823023618
1527014046238707713
1526996155695042560
1526990713426268161
1526749395789746177
1526621739333177344
1526600506206044162
1526600504930885633
1526600503722909697
1526600502334697474
1526369467160313857
1525609635704610816
1525569349662171136
1525555884784504833
1525190636495839233
1525118614159994882
1524516152394854401
1524438602301808640
1523337210140889088
1523084078131859456
1522612221393649664
1522580959916441601
1522370208953950209
1522365235742527490
1522312070959706115
1522312069336420352
1522309643086749698
1521842619080400898
1521504249737273346
1521289472981282821
1521233989192851460
1521233947430117376
1521194142440828928
1520118381185310722
1520113651981733890
1519740994450857985
1519707956731854855
1519702683782889472
1519442748549566465
1519427354791137282
1519399034041085956
1519377388345384960
1519373431237660678
1519328477694074880
1519065353195868167
1519017971758383110
1518986534850113538
1517594618539429891
1517594610222178305
1517594602093613058
1516867332173357058
1516867324120387588
1516547263534874634
1516528455780818948
1516478674190671875
1516455883638726662
1515674436774641668
1514616715597864980
1514418005907812355
1514412522333474819
1514411904072093704
1514347491134685190
1514036968748900358
1514031621476859906
1513557346458427392
1512115595633991684
1511841382503231501
1511836112058294278
1511789927876419602
1511715064923017225
1511686448944230406
1511440138559229956
1511139019991793667
1509991246525308931
1509936341550784512
1509921549989650461
1509581967439847435
1509274226351558664
1509259407133229056
1509241099008675845
1509211089782906882
1509199727866388481
1508952972562214923
1508931237280468994
1508928854118838273
1508824253910638595
1508798160851845126
1508481843179491342
1508196252705562632
1507864452779200515
1507453472417132548
1507128272852770820
1506672839079964684
1506389022729547779
1506388547779153922
1506327534346149893
1506266433310834688
1505994514225319949
1505970435120410631
1505712936630824961
1504997107597549569
1504912397491920898
1504860776942784515
1504855873423872017
1504625833352302594
1504625161609396224
1504556678355865610
1504528684430077956
1504513283252011010
1504460975356923906
1504212216303792133
1504195696462868483
1504138488635138055
1504090271063150593
1504083481768386562
1504081794165051396
1503890744045715457
1503882388450983936
1503828647064522754
1503808619187482628
1503563001248497664
1502326412388278283
1502324945614999553
1502324944323162126
1502000443525939202
1501345963880898560
1501345818103754755
1501283071940718593
1500923259637936132
1500923258295754752
1499869785039028229
1499868435311992836
1499868434129113088
1499868432917053450
1499542020616032263
1498862107584049163
1498852972666798082
1498715123476795401
1498705968049369091
1498705712117080070
1498703747685494793
1498697782223376394
1498688084669566978
1498674033990193156
1498356893584175106
1497381154554531842
1497014095224135683
1497014087481495552
1496702919659470857
1496600968405921800
1496600959358803974
1496316081966825476
1496284925762453504
1494795949755015172
1494795735061221378
1494795569734332419
1494386533721378823
1493285273081466880
1492313992068583425
1492257601039523843
1492212772318420992
1491909462323613697
1491867794173927427
1491845097956286475
1491781315691429888
