1534656359542685697
1534652635193782273
1534631773455384576
1534227136126525442
1534201958730547200
1534183959957065729
1533840140614914052
1533820283882184704
1532782726461411328
1532773360329019392
1532763999695261697
1532506508767936513
1532417134797758466
1532092721040596992
1532081101333745674
1531990620298002432
1531663556457930752
1531309466561531905
1530913657311449089
1530267911985762304
1530238726558957570
1530182342802919430
1529937092234690564
1529923138120826900
1529923080709193742
1529849662563303424
1529567697545179137
1529514125155520512
1529463305571643393
1529252413663858688
1529252329769377793
1529252248202657795
1529246593014185990
1529199558399606796
1529100700915056641
1527394390091628546
1527392997045854208
1527362364231692288
1526997369144938497
1526943975244013569
1526641088555261952
1526565674310574081
1526565498162405377
1526302092654264320
1526272166769180675
1526272092672499713
1525917014103052289
1525171984946057216
1525148968534962176
1525111003612164096
1525110959668330497
1524845716488736779
1524825229540962304
1524810947084398592
1524800181148991491
1524494585346600960
1524472097392705538
1524400941197414400
1524143637797478400
1524114513133408257
1524043094013919232
1524043007959388163
1524042926585692161
1524042830716588033
1524042780766617602
1523728190556217344
1523293790517469184
1522586298699108352
1522585466322788352
1522259661507993600
1522228278387482624
1522204368728113153
1521907211785678848
1521572575947771905
1521572497795305475
1521515570943963136
1521311184208683009
1521214208116989953
1520051366961496064
1519797643920162818
1519788719032750081
1519710119449214976
1519404865872666625
1519380207408455683
1519350875696869378
1519350239580278784
1519314943329320961
1519070247600496646
1519022361978277890
1518677524867424260
1518646103964626946
1518608819949121536
1518608685773336576
1517519880119099392
1517253992249761794
1517191490237255681
1516877963891036160
1516831973662150658
1516822607877791754
1516488145570865156
1516464770370711567
1516128218083995650
1516128125897392135
1516098793950826497
1516098376508616704
1515687790209650689
1515666902789627906
1514990374024105994
1514960719116222465
1514703389468278792
1514693869715214343
1514326462723153922
1514326340924841988
1513980739393667080
1513977144120070145
1513890654258139138
1513579194428674052
1513562860256907266
1513537477155373062
1512487972481941510
1512464233941852167
1512463973060386818
1512162687941287942
1512144772135530496
1512144509160861709
1512144405972533251
1512078081250406410
1511813506164744202
1511791589164732423
1511787573764575238
1511760255880990730
1511394177208225794
1511099435509592066
1511057368389500943
1511043511952543744
1510986134775635974
1510728739897987075
1509939797212770306
1509903230200918076
1509888129154621446
1509628002719698949
1509611637405278209
1509564200603033606
1509550056294305796
1509549784541061122
1509302027633020930
1509251095956271114
1509228420575768583
1509228234533228545
1509227959995015169
1509227877690220552
1508916749235896327
1508844969230053386
1508827327886761993
1508548557464346632
1508450156554899461
1507415650049744896
1507410318393327622
1507375351399428108
1507084911617916933
1507056922192760834
1506729143433674760
1506705816426008579
1506705749782765582
1506384098469810181
1506283752825229312
1506272337271873537
1506270404842864642
1506000587896328204
1505997772859846665
1505977022228705289
1505937980321632267
1505937887824596992
1505927458058612736
1505927411489284097
1505908709549092869
1504903948481839106
1504885605989294080
1504840434681536519
1504840269702774804
1504829018457137155
1504533913171070984
1504522943266762759
1504522819832627200
1504489925697232899
1504175931832868869
1504134963368714247
1504110376052477955
1503859821048696836
1503784481181909000
1503772757217140737
1503772166793404426
1503473941872091140
1502323913711366149
1502323422046699522
1502013667767992321
1502013165051256835
1502013076085874691
1502005350681219082
1501984838362017793
1501679343810064398
1501679236792430596
1501679146971410439
1501628930800898055
1501608075870019589
1501330872838066180
1501330208091168772
1501326353764913152
1501301467625533443
1501282713516527617
1501253260111400960
1501241112618541064
1501217299856072713
1501199525385580545
1500979928191414278
1500945829896589315
1500914733381259264
1500876465562337288
1499829694748897282
1499516446212304897
1499488681668845568
1499476978562437126
1499392559784865795
1499084480895725568
1499061005518835720
1498884446279327744
1498874611869655045
1498870944110198785
1498857576922066944
1498856160585306112
1498854956882878465
1498854168748036099
1498853038945193992
1498851679378235392
1498850558416936967
1498848826928607232
1498848367497072650
1498847076855291907
1498846074169139209
1498845886385991684
1498842173256646659
1498823098572980224
1498756359193571334
1498745039509458948
1498744837109129219
1498744521911422981
1498676826184499205
1498674908037009412
1498407906454159368
1497324113999929344
1497323389819793412
1497296634807562253
1497254314359853061
1496938222831681537
1496905662269476865
1496847523792756746
1496845174806306816
1496532934756605964
1496526217914327041
1496524494915133447
1496173601275453443
1496170418104934407
1495761083860197382
1494783981950222342
1494742959253868546
1494401386963996678
1494361218047516676
1494335632855891971
1494075493934673923
1494014853010362375
1494010943881236481
1493992102077808644
1493595679041728518
1493326394381803520
1493290070668939268
1492197567869894661
1491844031999000579
1491797950577577991
