1534684072965971968
1534645131055349762
1534634713608077313
1534629489501782016
1534625393784897537
1534612341647720450
1534595869198241793
1534583531317387268
1534549005266460672
1534535351645220864
1534525950943182851
1534522906906181632
1534298386488254468
1534268120021585920
1534248537604620290
1534223992965537794
1534183891464077312
1533929550970748930
1533909839763673090
1533875659289858048
1533849451600695297
1533812207099731968
1533794125081878529
1533604531426189312
1533557203697029120
1533496562286051328
1533169375561363459
1533097084215250945
1532878485890416640
1532853177476857856
1532829322159042560
1532778892364238849
1532750047926009857
1532503188816920578
1532479399437688847
1532456454581633032
1532456453075877910
1532432077303468032
1532403471722459136
1532137410410184706
1532080792985214976
1532066630498648070
1532044878607171586
1532007369701564420
1531770437671190531
1531728718653181953
1531689112276803584
1531674350293852161
1531639313917693952
1531343419330768896
1531282900632616960
1531282898627837959
1531282895985328128
1531079902107250688
1531015433612152834
1530700185092993025
1530661596158210049
1530345513056456705
1530330118979297281
1530304826088759296
1530299066428669952
1529649884453822464
1529635429078683654
1529599505317912577
1529554575971205125
1529231139839279105
1529231138438672385
1529231136840462336
1529231135275995136
1529151522520838144
1529135386794070016
1529134466710622208
1529127502567858176
1529118669636345859
1529107124445663234
1528891825477455872
1528860444214951936
1528835323173781504
1528813138803580934
1528781620240580608
1528754965400936450
1528753376518983681
1528739372241235975
1528549769630691328
1528519423136497665
1528447323252088835
1528097245479981060
1528069936161103876
1527804357038817281
1527804355365191680
1527791586519695362
1527783878739509248
1527783826784665600
1527783778860539909
1527764650611425280
1527718085893005313
1527679038050926594
1527678153337995266
1527661978436739072
1527645365079527424
1527460540083326991
1527406274152910861
1527371741680771072
1527361279496597526
1527338129258352640
1527338127500619776
1527318823397134337
1527290351806865410
1527115305838845953
1527096205666357249
1527081289249071104
1527030683427917825
1527014822981914624
1527000520069718016
1526964284084854785
1526959797534437376
1526940620681621504
1526928093998366720
1526706127328759813
1526677073619820547
1526644119124295681
1526623194806996994
1526604708923719681
1526596402255736833
1526578033636810754
1526575811209347074
1526557894807891971
1526359728787447809
1526345050959056896
1526311010948235267
1526289053318004736
1526289051522932737
1526281297513091074
1526264847419187204
1526233808302915585
1526200271235342338
1525991994379706368
1525988590437662730
1525988589259132932
1525988587984011266
1525892741338648577
1525876397335625728
1525591281690353671
1525522604324528129
1525244435075846147
1525224349095141376
1525202234719490053
1525157792486678528
1525138904025903104
1524904488175390733
1524857344978472961
1524841189123448832
1524815103132147712
1524793798823493634
1524781577460408322
1524764258940203010
1524750098130821121
1524551343968563201
1524551342668267520
1524551340994801664
1524517283443490818
1524505822281273346
1524498103847559168
1524498102463475713
1524498101012254722
1524492262712958976
1524472302418681861
1524463045711474689
1524454398667243521
1524443723563732993
1524436853876744198
1524408196353478656
1524193855322697728
1524193854072758274
1524184410001752066
1524183367675260928
1524125085946331137
1524111383511584769
1524092538541514758
1524078644896964608
1524066145854181386
1524064958060929025
1524046280611221504
1524032268540522497
1524018950182522883
1523843975613923329
1523781871985119232
1523767704595091456
1523756271823843328
1523713577160699906
1523713572169142272
1523697550334709761
1523690772306214912
1523677302483484673
1523657784147034112
1523423625596051456
1523358474041806858
1523332360414142466
1523317273385406465
1523063180246798336
1523010405060292609
1522974991381581824
1522703963363160065
1522683292734177281
1522672701088931841
1522652861091520512
1522615514954051584
1522578616802029568
1522379073321902081
1522348413135642624
1522327948832948226
1522316882879127553
1522298287818252289
1522289912321646593
1522287894928498697
1522285816357265410
1522277976951463936
1522252606332092420
1522227732058456069
1522200809022316544
1522031395522162692
1522031394263818242
1522008564813938688
1521993778474754051
1521966601192497159
1521963555708411906
1521957644147298306
1521944316243058691
1521925499831918592
1521925277261123584
1521922839560994818
1521909503264006146
1521898601399701504
1521888021498548224
1521878308539019266
1521874093716422656
1521856318377799682
1521686908404908034
1521656986429009924
1521643076678299649
1521604756204142594
1521596512177901575
1521575486253682688
1521543988645347334
1521529928453349378
1521513255394553858
1521325951119933445
1521325949811372033
1521246311881842689
1521229289080987656
1521191279182426116
1521161890528964608
1521129813985091585
1520905400622669824
1520855358046146561
1520850877845848070
1520842143274840064
1520536211017945089
1520496404086542337
1520444736057847808
1520444734027804679
1520444732031315968
1520444729485406208
1520389261761163264
1520177657769570304
1520158172891262978
1520136671827738628
1520115358790823936
1520066114369298433
1520047672132055040
1519840517126828032
1519815037707337730
1519791965113622528
1519777889197121536
1519759936112242693
1519723745426001920
1519718111666130944
1519716155929284608
1519679520063774724
1519497286631440385
1519477796283858949
1519456646715564032
1519429339061837826
1519416218435862528
1519393591810039811
1519384562261975040
1519370215334813698
1519351644319801344
1519351642231091204
1519329019426136066
1519325407312584706
1519322018851835905
1519144947991130118
1519102665925574656
1519080297895239681
1519054206887337984
1519037141304684549
1519019570908049416
1519010527644725249
1518992299644047361
1518982677835169792
1518952602842673153
1518767825904623619
1518707413582598146
1518690371819220993
1518690370598621184
1518690369394905089
1518690367662559237
1518678087671730177
1518676582663139329
1518617818236952576
1518606306785087490
1518259332651143173
1518058414949154816
1517955972072939520
1517919593351761920
1517673687956217856
1517673686395928577
1517658123451908098
1517630937361788928
1517611610197667840
1517597975589105666
1517501758091804672
1517318868942917633
1517178606996398081
1517158952827559937
1516899604360540166
1516839547845419008
1516805161838170116
1516475042976403462
1516205514945925125
1516105233461616648
1516090105080991747
1516074382451478538
1515796492631654408
1515673290894974976
1515441572569141249
1515382869564272650
1515132376078241793
1515110005388759044
1515078439283437572
1515040647832604672
1514969783896363015
1514960804654764046
1514770401422807042
1514736913374142470
1514677698131599368
1514677696579706884
1514677695115841541
1514677693077458955
1514619094502363147
1514607421972369423
1514601121771229187
1514600439823671296
1514373484973023240
1514336728244445187
1514320882814050310
1514288025412546566
1514272252837117954
1514251886467108865
1514021118885175299
1513995372829368320
1513983135570087961
1513971470870982663
1513927688511270915
1513647850248413189
1513625897240252416
1513612688705953797
1513585987686998018
1513569063691341825
1513556294837415942
1513546040842113029
1513520448054640641
1513512262081912833
1513326966836969478
1513308553133580293
1513292701562724355
1513277246697611265
1513240970933985285
1513166566204096513
1513165542944907270
1512917799479484416
1512868057605197827
1512818934948446208
1512560129241235469
1512536916092149760
1512511989427413002
1512486847494172673
1512481363336863745
1512436601791520773
1512427345130528776
1512223111386697728
1512179018027655176
1512176675727024131
1512176674397429761
1512176673382445060
1512176672358944771
1512176671327141892
1512164187690180616
1512152215967961088
1512139642455347211
1512122950551486467
1512107992593936388
1512093259249721344
1512059558134489091
1511867993449500675
1511828842738032642
1511803592516251657
1511796609692188682
1511777436723261448
1511757011427409927
1511744812919181321
1511701256431190016
1511521007739318276
1511492956225736704
1511460452143972358
1511448722177249282
1511430640905957380
1511423727522701317
1511401455797915649
1511389156496314371
1511375376253083661
1511357956247408640
1511339929434996748
1511175990298525701
1511153978842746880
1511108681529802761
1511100891159539721
1511092632964980739
1511082652882944004
1511074426909081605
1511061799365394436
1511047229041172484
1511036620795006982
1511027033492631557
1511021329285361670
1511013767047434246
1510994452621451273
1510973486667378691
1510794004195065859
1510787807048052741
1510767604339728390
1510756531221934081
1510742186811445253
1510729100599640067
1510698581396803584
1510662719296479241
1510404017691807748
1510383322173784065
1510352368298336261
1510304378372206596
1510062709911408646
1510055663149400079
1510049874930188288
1510042828637884417
1510034897963995141
1510021053640228864
1510016172581965842
1510010876195217418
1509989784034463749
1509976993613459456
1509965041881292805
1509965040597798921
1509944538344927235
1509936630198644739
1509913075863990272
1509895933965840434
1509714809402576903
1509697455968903170
1509631461623844871
1509630051821797376
1509620613442326536
1509620612070883334
1509612936695713820
1509595254873378822
1509582268083445763
1509552275018113025
1509524374780620802
1509344177481555982
1509320733478035457
1509310860128395270
1509294127250382850
1509260928486887432
1509243820029980675
1509225898209427457
1509191769476509699
1509182633355456515
1509163719112204300
1509001509060681735
1508993627837673477
1508956936150163457
1508910379283406849
1508900630458507280
1508841830619701248
1508841782456500224
1508838520932245506
1508824524292341765
1508820844184838151
1508803416809775105
1508627303315779588
1508607213413228544
1508529268006998030
1508520270839046151
1508518302246531073
1508472884892684293
1508253528292220928
1508210237471404039
1508179410972725251
1508120575868350465
1508083371175464963
1507791084944035854
1507741925822148614
1507502671397277698
1507485422154362882
1507443385430380566
1507432968545083397
1507409129584816130
1507394279194435594
1507171345406308357
1507142048667029506
1507091119275970575
1507074979921281028
1507074340717740032
1507057938447351812
1507035764726640641
1507017644972642304
1507010095712030720
1507001146300370952
1506829719051935745
1506819989512368132
1506789187533553664
1506785507870654465
1506764874059296768
1506751904491134981
1506744351329767428
1506730956375441409
1506699042558029830
1506690192102641664
1506681303319687173
1506663849218482183
1506646419247144960
1506637801122672647
1506627452025589764
1506470867915657223
1506467307605970945
1506437771799539715
1506431503525363713
1506415023828221955
1506414205179678723
1506392130373271554
1506390386519990272
1506381924541079567
1506355749252968455
1506353072326463497
1506353014986190850
1506333709116522496
1506321505298395143
1506299931363053570
1506289738134822913
1506271832462274570
1506264111100923910
1506087155801759750
1506078086680530949
1506074547371806723
1506044261065793542
1506008226726305793
1505992022536212483
1505990809375715328
1505961517845463048
1505938667759714310
1505937763555844103
1505914034364858381
1505902663879348228
1505643399550058496
1505582763147243538
1505304667076632584
1505260781423710212
1505210819486826500
1505177227025162241
1505177225783566339
1505177224437194752
1505177223216648193
1505177221446750212
1504955671481102341
1504937910545825792
1504922398772150281
1504909098801934336
1504893567348707334
1504886724115185664
1504863226772828164
1504824107371835392
1504599431391367170
1504581236714610693
1504567049405751307
1504541873561640965
1504497641740279809
1504481620773928963
1504265346018123779
1504251263998992384
1504235494028234759
1504205142429736961
1504186928144523266
1504170413156409349
1504134047173382150
1504127632044179467
1504100792961323008
1504088237782056964
1503919289396514820
1503895886425903105
1503881362222243850
1503847104292261890
1503832621708681224
1503820751861948417
1503785119060004867
1503767084173611017
1503756708463710211
1503734724547723269
1503543903416369158
1503529063289438208
1503488271858507776
1503471849535119367
1503465589502877708
1503445126177345536
1503423516716191745
1503411893377110024
1503393078178197505
1503366643573010434
1503164953825533954
1503128680368803843
1503128679261650951
1503128677801934863
1503094292906053633
1503078235373985795
1503020779205951489
1502830684280442882
1502768541979881479
1502707932538023939
1502462081655877643
1502426330687758339
1502402417312342020
1502388982335905792
1502385185748365318
1502352549961158667
1502321394583052293
1502306462542016518
1502291903143944195
1502122640441417728
1502117538637004842
1502090332711829504
1502088150922973187
1502076680654966808
1502050507518619665
1502025305082548224
1502022608606347264
1502022569167360000
1502014106391433218
1501949345179922441
1501929677312647169
1501742133518077952
1501729080139526144
1501696004189474820
1501684263955345410
1501643627055005699
1501619707459289093
1501599711089807362
1501570628893167618
1501392298516566041
1501383520257658882
1501379242243735553
1501370434108854275
1501366407421837316
1501363000376180741
1501352074394619908
1501335162243719179
1501309601605734408
1501296949991022599
1501291441720643594
1501285487301984257
1501256452283027458
1501256416916553729
1501214381119520770
1501214301574545427
1500993142216183809
1500964112892846086
1500945261300006913
1500928345906765830
1500912523553484806
1500899073834070017
1500888778042482688
1500849493939568640
1500652300104355844
1500610116823011329
1500550841979314181
1500497028132003847
1500224184487759874
1500224182818381827
1500224180696109056
1500224179056091136
1500224177005076485
1500224175688060930
1500224174018727939
1500224171887976454
1500184675180060682
1500178119734571011
1500130620713877511
1499928407899090945
1499887091379060742
1499831097055539200
1499813332601167872
1499813331246489604
1499813329749032962
1499813328415244290
1499813326926540800
1499813323566731274
1499813322111258632
1499813320173535233
1499790900804960264
1499776380120219657
1499765346596798466
1499755422491848705
1499552873105006592
1499525813695397893
1499525025182932999
1499508568407609354
1499493243393871878
1499461134784548868
1499447856423477251
1499437671390846976
1499393485102727174
1499202901465460739
1499190318796730369
1499182277821177859
1499159784360235012
1499153828465164289
1499147365281935361
1499135107839447044
1499121899489660939
1499056194975055875
1498891295556882435
1498874586221486081
1498858201453842433
1498855318058684417
1498855252312866828
1498855049417699330
1498854719908888576
1498854280886898691
1498853069504794630
1498852616083750914
1498852162968903680
1498852028923195402
1498849967166918660
1498849282627153920
1498848991508934656
1498848788017987586
1498847858547740673
1498846890045095938
1498846315417157633
1498845932095483908
1498843862579793927
1498843580374396930
1498843384034869248
1498842766394245127
1498834255610269697
1498826219961430025
1498821796803526667
1498795970661736451
1498790433857617934
1498787723905323010
1498785903866646528
1498782632343064578
1498777850857463808
1498777753776267268
1498773572860395520
1498760225968594949
1498757949212303372
1498738910280798211
1498715983720112141
1498693399817465864
1498672436648325137
1498480642429960202
1498469499431014400
1498455824288690176
1498430773862481921
1498398743946797058
1498373408823857157
1498328770104725504
1498096735146680325
1498023755809017861
1497971088101462018
1497642814783561730
1497585244853178374
1497398307110461440
1497372791540260864
1497372789938044934
1497372788151275526
1497372786536419332
1497372784908980226
1497372783084335106
1497372780563685378
1497372778722377732
1497351667653791744
1497337417522688001
1497304746264248322
1497283846051667968
1497266507423764482
1497029077953388544
1497017396820951045
1497006673583648772
1496977945373650944
1496967071682514952
1496957076660273156
1496876730367320076
1496868304408879106
1496638262718443527
1496602274579238925
1496597763613671425
1496597761428443138
1496597759830511616
1496597757469073412
1496597755824943117
1496597752645668875
1496597750909214732
1496588830614474752
1496565512762966017
1496559381978259468
1496512991319183362
1496508924278755330
1496319052905648135
1496241899014868995
1496229015484567558
1496213624863563778
1496184248952369152
1496149145584873474
1495912392227753988
1495912390642253825
1495912388964589568
1495912387207221255
1495912385445613569
1495912383151284232
1495912381490286596
1495912379871375362
1495912378109775878
1495912376293539840
1495892614859603975
1495870493458636811
1495837045285171200
1495775835550371845
1495549847574913024
1495526174503567361
1495510696955629568
1495506545387487250
1495478359433777153
1495448663933526016
1495439352565878791
1495421348625240065
1495130836185796610
1495084769671065608
1494856849937604609
1494830790093508616
1494810468602494988
1494768869570924549
1494753249680834562
1494733694707322880
1494718866441785347
1494706247085572104
1494681950245818372
1494511462424924179
1494511460688572419
1494496310887690266
1494486679763263490
1494472580715008002
1494452069603979271
1494418527863906305
1494411477268189185
1494398809245376513
1494380998062137349
1494337121536020485
1494337118830616578
1494320902170980354
1494133191145369600
1494126785734361098
1494111621370814472
1494110867927060481
1494064749344174080
1494042074039177220
1494024968606261259
1494015482080509955
1494012423136849922
1493974015681212417
1493958158666055689
1493767483186024448
1493741168298840065
1493709265621630981
1493672736476041216
1493651630734155777
1493614074160197632
1493598561216471048
1493391659773706241
1493379517041332229
1493357027925635077
1493346983104417792
1493324602948390916
1493295778156187658
1493272426129592323
1493243472366735360
1493002238293389312
1492979553203019780
1492971854428086273
1492925136307118080
1492892878493958151
1492599857995030532
1492499853435449344
1492245587407818757
1492221172041359367
1492209144572563464
1492185806731100164
1492143851036975106
1491977794074693653
1491970204896792580
1491954034852438017
1491888382510784513
1491884860738347008
1491884857982607365
1491872428829683719
1491853836641869830
1491819848753725444
1491807063327981578
1491602822873300993
1491596531329241088
1491590981275295744
1491586298460655618
1491577560794386437
1491567298901004289
1491543263555248130
1491533636314742785
