1534681504101580805
1534678447628464128
1534653892461576193
1534644871126040580
1534632806005018625
1534558927043579906
1534547304107196416
1534543916783095810
1534276772161900546
1534218738375004161
1534174080370413574
1534001479488528389
1533927074829852672
1533916027599441925
1533868557678829568
1533822102226317313
1533577244769140737
1533443906225983488
1533413624664006657
1532865712158646272
1532842750667890689
1532822854714138627
1532822853065887744
1532822851367100422
1532822849160785921
1532822846564716545
1532822844895547392
1532801034472390656
1532799652608856065
1532772529038839813
1532772526820052992
1532744226081017857
1532497997631614976
1532457220293611520
1532419775757942785
1532140272573816832
1532088328027156481
1532073182043049985
1532029553593372672
1531794616776904704
1531768245413261312
1531329145837432833
1531280099227607043
1531042126485770242
1531038353721794561
1531020026844655616
1531019933408059392
1531019284230578177
1530918367657435137
1529939180821921793
1529894132096937997
1529843498765123584
1529562993301852161
1529536622181482496
1529493129375760386
1529486762552307712
1529463356041613313
1529267497794519040
1529266043662761985
1529220378559660036
1529199233525460992
1529161036972052482
1529151255465050113
1528858313278070784
1528833887954161669
1528789262304432132
1528493979515469824
1527802314613989376
1527802313368272896
1527802312151949313
1527802310960812032
1527778858300329985
1527755303349002242
1527739309243224065
1527706306693541891
1527385105374728193
1527385097967521803
1527363681939357696
1527345966231146497
1527282012964503557
1526989337472253954
1526975062041034752
1526959015359561730
1526630041836191744
1526613714169905154
1526587476487426050
1526230153357033473
1525956607011594241
1525956605434638344
1525623468515115009
1525538479412809728
1525538037190512642
1525525263073034240
1525233723741986818
1525217033687900161
1525129890550398976
1524858882438447106
1524853717895462925
1524792244351401985
1524486984844075009
1524479923351699463
1524453107966484480
1524418053743820801
1524403053054541824
1524394836375359493
1524376857692487680
1524142649975787520
1524129968883740673
1524120079931035648
1524088427070828548
1523829697301434369
1523786068738605056
1523755477842403328
1523755476613464064
1523741891237359616
1523706480578285573
1523706476698619904
1523684785948102656
1523437088493822080
1523344825784827904
1522670666964680704
1522670663772819459
1522618286407565314
1522617598676021248
1522604480369410049
1522292442543837185
1522253947100086275
1522230295063375873
1522004758298513408
1521974354212491269
1521897365992624132
1521889951427829765
1521871787511930881
1521854434443239431
1521826142285705218
1521632090890162176
1521612508150353922
1521597685022744576
1521581730376916993
1521580306096078850
1521496921965305857
1521489074875469837
1521245225317974017
1521210557445120000
1521194686911766530
1521165312539901952
1521154867196268544
1520876450097815553
1520146940138295298
1519822384601128960
1519784848709332992
1519766263970635778
1519689222843777024
1519662862242824193
1519438274309337088
1519438273097121792
1519438271897559042
1519438270614151175
1519438269288747008
1519438266805764096
1519398033733177345
1519355332115542018
1519352333444038663
1519334795616079872
1519301137647771649
1519017677284651008
1519001964960485376
1518993888857440259
1518983309216395264
1518706604287401988
1518692698902962177
1518681294707769345
1518649564261240833
1518364424259653634
1518288666996752388
1517594354646405124
1517563625304739842
1517563622012162049
1517563615083171841
1517563611463491584
1517563571793809409
1517538780999258112
1517518966024986626
1517247156612124672
1517231703936405505
1517215606852014080
1517213140227919877
1517209810390896642
1517207197008158721
1517204821568282626
1517202220495818753
1517188496817012738
1517158597704273920
1517130149661220864
1516912579813294081
1516876649354174464
1516856945180872704
1516547834140635147
1516530674559328259
1516517195769163778
1516476176084217856
1516459174229594115
1516443786502680582
1516419926009028617
1516177878387499011
1516177877452169216
1516138814905143298
1516131136493260800
1516063276383318022
1515706661159116808
1515329548572844041
1515327256381509635
1515327177352482820
1515117769020256257
1515072470029508608
1515049820821598216
1515027172125147138
1515004525500768258
1514985648700071937
1514757955001978886
1514726570866483205
1514726568018550784
1514688210114383882
1514672547853475843
1514667768762843146
1514647466842464263
1514633166706954244
1514627110006046723
1514489038635511813
1514347695980355590
1514330559211839492
1514330557647360006
1514330555944480777
1514330554090631169
1514303579481419778
1514285016829808646
1514262873949839369
1514034904841007110
1513985091495735297
1513962624039505928
1513905334103982085
1513905332069847041
1513621406394814469
1513601988197601282
1513578215167701000
1513496037746479108
1513293022619918341
1512550702270361604
1512522753731145729
1512504281101963270
1512487029275348996
1512481658007879681
1512170256600551433
1512132546099884032
1512118671241584641
1512117208247320577
1512094461219819525
1512075977223925763
1512054621803622408
1512053060301905920
1511844953881649156
1511830872546287619
1511822727212109843
1511791052549771267
1511777544680452096
1511748344783286281
1511734392015802368
1511440832238436355
1511411844560429063
1511407276879396868
1511401131091628046
1511391249772724229
1511363521094762499
1511335763245469699
1511331090048372742
1511069924114018315
1510980576030908419
1510939548787871747
1510751127746359297
1510622361141362689
1509994439502094346
1509994437941813252
1509994436322865173
1509994434578030596
1509972759346040835
1509941700353040386
1509922281195196417
1509897917825495055
1509620160113647622
1509559814162104325
1509544075208413187
1509187634756833285
1508929404600213508
1508921246452436993
1508914909882552320
1508899980848807940
1508860130040836101
1508823142491426816
1508812277360869382
1508799754012086278
1508555639534071814
1508555338747891715
1508219456358596611
1507888193936441344
1507829802035662848
1507811588442521600
1507504545139552261
1507455370339311619
1507416457784684544
1507211366188261383
1507121058729496576
1507073104811479049
1507062137948033030
1507033123535552514
1506762145425330180
1506749590057336832
1506705173586092044
1506641632296574980
1506405366887821315
1506382451853119503
1506340762346135553
1506047487781400578
1506032301410426882
1506013145915035655
1506003546830884869
1505985923657338884
1505933236483989510
1505227608740413440
1504948259160174597
1504930643154812930
1504914490361589762
1504813863346315285
1504813861442101258
1504570479813791746
1504554671309996032
1504507856896331783
1504460306357145608
1504246631394381827
1504203207337299976
1504170011149094915
1504147828951732224
1504118594887692289
1504106617050120207
1504088955167326213
1504086003266605057
1503883620498522114
1503871332672585730
1503843419772403719
1503831081174421509
1503800579310641152
1503736437115691011
1503480379222761476
1503444604485615620
1503415814111870978
1503150437872156677
1502683367199936512
1502405970831499265
1502402761459179535
1502383530017542150
1502364066081394693
1502044361340637188
1501993411863363592
1501976383089790985
1501957719552671746
1501934390040940552
1501934304733007881
1501933368237178894
1501662120190132224
1501644603459612675
1501629087856660484
1501617898661593093
1501597101230280704
1501567140184399875
1501562204834996237
1501324403187105792
1501305845270859780
1501300393183100931
1501275154894229506
1501265401036091394
1501254850780217346
1501244441297932289
1501213976830648339
1501209759181152272
1500994316306726914
1500927723690246144
1500841210889572361
1500834087812145153
1500622508227244042
1500605448231260161
1500517140134309888
1500478138639388676
1500120927035662342
1499872803914452994
1499871095117262857
1499859731544002563
1499854714137108483
1499853628835774465
1499841160235397127
1499515589181816836
1499513297195913216
1499415446591885313
1499382823916081155
1499226397436432387
1499142502946910214
1499142501327900683
1499116079460741121
1499108530569334797
1499100153239773195
1499090585470308352
1499076245254025218
1499068352639246336
1499050236047773699
1498860059501154306
1498857709931839494
1498856700891353089
1498855927126147072
1498855291957489665
1498855048876597249
1498853115579322374
1498852080609632257
1498851674038878210
1498850824780398598
1498847891871485953
1498845017871368192
1498841625556049921
1498833368066183175
1498825550890160128
1498822853407428611
1498818498679787520
1498817982541312007
1498794689738252290
1498774558878351360
1498747377108279297
1498747376173002755
1498747375220932612
1498747373547307018
1498747371932590082
1498709386310688769
1498676079141261321
1498463865641779201
1498460547557302273
1498432377185517570
1498413279097593863
1498405371580456960
1498400295642091526
1498399242980896772
1498366662726270979
1498345726832742402
1498322559464615939
1497436932544073730
1497368314456195073
1497346527106375682
1497293376693096450
1497266165185458176
1497232286944800772
1496954684229271553
1496918937908367360
1496912112425349127
1496707019541483527
1496696160060387334
1496581649664028674
1496246090663927816
1496245633816092677
1496213209329463296
1496156887947096066
1495941098497265670
1495838861775314947
1495549086199652355
1494813435753689090
1494776357552799752
1494720692616581120
1494712055273828361
1494703774056820739
1494483893478731783
1494449310980845570
1494428935958016000
1494405837091135488
1494370198522155010
1494328304375005189
1494125733966450689
1494121138854711300
1494053975942778885
1494047569327972355
1494028192243503107
1494013475093372931
1493994231958024195
1493963687639621634
1493771194557820928
1493735011245244416
1493734997047586819
1493715091036033025
1493662789088518149
1493641210484998151
1493622764980383746
1493376390175076356
1493323486584086531
1493272575270600715
1493260044955172869
1493250973812334596
1492967474500980740
1492951718841233409
1492925465719459841
1492544027002028033
1492319127289012225
1492272242159357953
1492259526040563716
1492253707047690240
1491924889548251136
1491887347637661699
1491843440014995461
1491814098828410882
1491539908527374347
