1534567187188416512
1534534691675684865
1534227392377630726
1534182326212644865
1534175771832483841
1533924234107531264
1533894636070219776
1533861069566910471
1533823255794094080
1532755301648281600
1532525264743301121
1532478763665088559
1531994065146892291
1531792386090848256
1531779665592991744
1531667336394067969
1531306973572079616
1530942505331605508
1530220698945437706
1529950704135192577
1529894236988092446
1529894234010136589
1529866259118030848
1529553319600996352
1529545352956755968
1529207241471053825
1529176282126336000
1529176278586298368
1529123413440217088
1529106181905686529
1528477097764716546
1528411866623524864
1528017857581301762
1527741548028362763
1527700929277042690
1527412783259734042
1527355795939086336
1527331265728245760
1527059861552476162
1527059858314362881
1527022478710677504
1526972113709584386
1526933036318740480
1526933031801479168
1526928224432930817
1526713142407053312
1526695789757620225
1526690475784257541
1526569111567880193
1526313250794745856
1526267168853204992
1526237486372081671
1526237483607916546
1526007227747815432
1525912937029718021
1525857419401875461
1525588075212165125
1525513447911333890
1525169265921478657
1525155874448236545
1524792670161362945
1524472238107504643
1524398140127907846
1524398137741398016
1524398130472570880
1524171380606091265
1524163133442564096
1524036995814670337
1523784637679550466
1523301824824233986
1522970962907611137
1522708184074493953
1522607749472964615
1522607700789637121
1522287977875091457
1522287971214544898
1522258194248175617
1522238752030081025
1521996803247378433
1521895729224114176
1521588519793217536
1521556580843589632
1521547524347248647
1521231606463221760
1520879448085704706
1520497987323105283
1520132292714405888
1520085279276736512
1520064517388046343
1520040847185793026
1519798332788514816
1519779761647755266
1519755895982501891
1519745367687970816
1519700485111955459
1519681906874494976
1519673151608733702
1518962999922413568
1518663390180294656
1518295141966135298
1518243518925488134
1517896098374897665
1517529588724862976
1517505228937043970
1517261168401952772
1516892112998043650
1516878820003004418
1516508391862116360
1516425947653750800
1516169902146609153
1516074216688427011
1515700396848779268
1515364427566039049
1515068814848897027
1515032288324685835
1514989479370579975
1514668831792369671
1514629779047301121
1514351632959553552
1514305577425514496
1514280552593035268
1513630681959739392
1513255604541874182
1513189043554684929
1512885809455763461
1512844189532401667
1512793826099974147
1512559662767431686
1512540418658942976
1512540290057445382
1512530525050884099
1512464584539574279
1512077216405856273
1511723370123042820
1511482627232043013
1511462283909677056
1511406186842796037
1511355756389584903
1511341606477217805
1510684898016870406
1510270089442045959
1509996531474178053
1509920764341981184
1509655475738062853
1509558867159662603
1509541512622792711
1509535659811348483
1509301568943894529
1509277141548023814
1509214009538625545
1509192079670493193
1509180519803723777
1508858005797982218
1508451981760864258
1508256322080415749
1508221318210199560
1508199495468789768
1507836178074112005
1507826320981598211
1507446121848836118
1507391102957113352
1507147967769284609
1507125296847327233
1507020281893822465
1506806802587033600
1506779100354068480
1506760371708862465
1506685248536522753
1506432742493405189
1506394420450668545
1506371888624377862
1506284826416099344
1506063687160938505
1506044264773468170
1505965265376448531
1505536119575924739
1504615791873908739
1504468978625912832
1504461447807524867
1504180838719709184
1504170767600304128
1504133581932740611
1504103080312418304
1503874910619418626
1503748469059690506
1503082551732322309
1502662926100054021
1502396308061143050
1502355122495578115
1502301053747961859
1502031248839090179
1502010067700305941
1501945898191843336
1501931769863426049
1501588668649287683
1501250275272765442
1501217665322557442
1501212757550587909
1501017895773556740
1500982420518092802
1500141745220333573
1499864896942583808
1499836520378814464
1499805321920983044
1499792847289135106
1499480668350431232
1499438749469618180
1499164590105673729
1499110443889180672
1499040841985318917
1498808341635772416
1498792615394828289
1498781337976819715
1498686749073154054
1498686747126939653
1498485837239095302
1498466916150784003
1498460434613121025
1498448890584043528
1498424074472669185
1498338961655226370
1497605003091095556
1497332548065763332
1497315951561302024
1497006032966631432
1496975829108199427
1496624198592221186
1496542280945221637
1496184643242106881
1496153967235149825
1495864842242121736
1495813639810465792
1495488863694991361
1494442296057737218
1494389951185973248
1494326012649172993
1494096992464785410
1494021092909932546
1493983652786864131
1493719995360190473
1493658372767371266
1493606924084031502
1493606922431442953
1493379786856710152
1493339761406263298
1493232337370427394
1492941731666530306
1492665351963918337
1492539192370470915
1492275797167677444
1492186809299869696
1491880443263819778
1491819570033840132
