1534569882687356928
1534569880871223296
1534569878912393216
1534569877540950016
1534569874995003392
1534569872025341952
1534569870393761792
1534536398275022848
1534297551251423232
1534278694713405440
1534241094984155137
1534180697728065537
1534165710645215234
1533863899107409927
1533124020568264709
1532796165602918401
1532734564904452096
1532453566111268894
1532429448083030016
1532429403971588096
1532379681013612548
1532372571978612736
1532037091491708939
1532027388023955464
1531993009851666433
1531731134740148226
1531730929798025220
1531692452561682435
1531383123442909184
1530958458194956289
1530614480463400961
1529837161129861126
1529570348341022721
1529162791277539329
1528833038083407873
1528761528413044737
1527668788673531904
1527355178357338112
1527290045958430720
1527095799661862912
1526977221725921281
1526937235756658688
1526694401392758785
1526683677241098240
1526607154093899776
1526584562754658306
1526561218789531649
1526561217707376640
1526561216562438144
1526561215627071490
1526561214414856194
1526561213399846912
1526561212267364355
1526561211311177728
1526561209557950464
1526561205309124609
1526561203564208128
1526561202591129602
1526561201349591045
1526253590062432258
1526222876646457349
1526217732752134144
1526162497530695683
1525484515279482881
1525207423719546882
1524852836630249472
1524823169567281154
1524496933817098241
1524419166761017345
1524410366863757316
1524381416875859968
1524160246754729988
1523814091193729025
1523694144140419075
1523390886771527680
1523294903723528193
1523054572251787264
1522990696994512896
1522939071529631745
1522685425604874248
1522250116844994565
1522238468860092422
1521919973689634816
1521919972200652809
1521919970506158080
1521919967511334914
1521919934799953923
1521919933424320513
1521919931826290689
1521919930236555265
1521919901744701440
1521919900297662464
1521919898569654272
1521858596321075200
1521580586997067776
1521533554567561228
1521135821620981762
1520398551792115712
1520148740954370048
1520051675251281921
1520045287745757185
1519828913991659522
1519707179154128900
1519358781179801601
1519346781921943556
1519320410596290560
1519091788027514885
1519063268899368962
1519011320347217927
1518990412677095424
1518950912949202945
1518727926120087553
1518624403155791872
1518588269138694145
1518355945751031809
1517571803669049345
1517560618592747520
1517295310569152512
1517226012647505921
1517216256000147458
1517187443472150531
1517142340460105728
1517130208398217219
1516919367568658436
1516876875003572224
1516835644466679809
1516824973830017027
1516506471827226633
1516494933938642950
1516487325177593864
1516394049942573057
1516206981194911753
1516136978995204104
1516059624788705286
1516059543054213128
1515663187974176771
1515348999351451651
1515026925961588747
1514964065185054723
1514937435175542787
1514753400428183562
1514753328034496522
1514593319657033734
1514386972462268416
1514327086495903748
1514028344911749123
1513987354721198083
1513906601513844739
1513652746288869377
1513604819575005185
1513604149774102533
1513593860550807552
1513587800884580358
1513584513036832777
1513577329469054976
1513563056344813571
1512892332147986440
1512527307860324352
1512474282173124614
1512434654799933449
1512160145366728705
1512152175505555462
1511816717634256898
1511707433269346311
1511421851565760516
1511393829185892353
1511377262918180865
1511334319180165128
1511116848917630976
1511077028405170177
1511053404776370184
1510990740356321283
1510644789804515329
1510271208205471749
1509987689419976705
1509901402591670276
1509640264687792131
1509602595836514315
1509537275507527689
1509288299252359177
1509223929629532167
1509181127176691726
1508929840036069379
1508874044044558336
1508833932313255949
1508562308410355714
1508560035152117761
1508545837298855937
1508535823532277774
1508435112064696321
1508212815265505291
1508090132800454661
1507804892324323331
1507513699111739395
1507378928423514112
1507371326734225408
1507360609842704388
1507353314651955204
1507041304076861445
1506679340452433931
1506644777076498438
1506382182536863745
1506372942095175691
1506297630674018313
1506046749399556111
1506006622459633667
1505659676062629888
1505213149586329607
1504885880263262208
1504831069585133568
1504827059461312513
1504574162991521798
1504547341516349447
1504499176649940996
1504459482147000328
1504242950737469445
1504214647519555592
1504140268915900427
1504105312575438855
1504092991174103049
1504092989156741120
1503849446504898564
1503756612649078787
1503740363571404805
1503737693469085699
1503737692160499713
1503737690646364163
1503497962877509635
1503458755245223942
1503439808458276875
1503081507094773765
1502768026759880704
1502721416097153024
1502425522009423872
1502396387488669710
1502333445623668742
1502016508310204419
1501930391967617026
1501635533184905218
1501616298102607877
1501296736085876736
1501260500918693890
1501260098949337096
1501248207120224263
1501003834038099969
1500942495303221251
1500570238278160397
1500200597781368833
1499897864780136450
1499843620400242694
1499805766756278274
1499774292724174852
1499440882214387721
1499414119815987201
1499398736425877507
1499193767030579201
1499188650571182081
1499131088832192518
1499072437778096129
1499060072768548867
1499035426195181568
1498864571548938242
1498862087275220997
1498743734892220417
1498732579809382404
1498690532867989510
1498676888545505284
1498407019115601923
1498391813132017673
1498342249536577539
1498330943400128524
1498023918086639620
1497712794518577160
1497651870860550146
1497596434098663426
1497348873471377419
1497328721736437770
1497262681065201677
1496894797176578052
1496658251970236416
1496558931518316547
1496516655521882113
1496272231084744706
1496237348375474178
1496196532940455939
1495806446595981313
1495792214370406401
1495435326034264064
1495137614294405133
1495073441472389128
1494768790235721735
1494734622349008900
1494709274697687040
1494463203983695878
1494406288188530696
1494354335219826689
1494068982655164417
1494015648271319041
1493979528229707780
1493979345370636289
1493764966884720643
1493679650538770432
1493654127611682816
1493351822370783240
1493282612223397889
1492945467147276294
1492563014616240135
1492553546469888004
1492225930563133440
1491842898920415239
1491821230751731712
1491808898638045187
1491533242670931969
