1534630243650125829
1534556051726557187
1534537540677541889
1534266253988270083
1534205882896105475
1533904741134176261
1533843572033835008
1533815955750625286
1532811836134936579
1532806108682895360
1532463586655756289
1532369127574208513
1532069522856767488
1532049370983587846
1532015596749086720
1532002472084049924
1531676991027658752
1531637686389424131
1531369719122518022
1531274240988676098
1530256322758942720
1530204141418594305
1529545536570806274
1529501370046349312
1529197177435734016
1529176417107382273
1529168440275177483
1529162465367449602
1529150675875241984
1529133423356481537
1529133279105916928
1529094860241879040
1528784442189393923
1528772510476640256
1528740135180849152
1528154302388264961
1528075319864963073
1527737183100076033
1527654307444703233
1527332291659194378
1527290766862667776
1527088812182093826
1527026162748243969
1527022922501603329
1526977936724738051
1526935483997110273
1526927971076001795
1526672147799744516
1526635367595757575
1526579827251240961
1526561242080583680
1526257421261348864
1526239861522448386
1526212933839200256
1526004526972653569
1525846998238302209
1525196554281394176
1525195051843846145
1525139859500941314
1525135955534954497
1524752584413753345
1524745405904441344
1524737727182295041
1524502054777065474
1524501097523646466
1524495381509382144
1524477849905860609
1524464997438566400
1524464996251537417
1524396248031186944
1524386628088836096
1524145229263220736
1524117862503399425
1524087287126147090
1524051223380439040
1524024361509916675
1523766061618761728
1523708394900946944
1523681365044072450
1523661140894842881
1523300726847377410
1522656727732305922
1522656720992055297
1522607601879498753
1522577669237399554
1522555205207924737
1522279497214701568
1522270236703002624
1521943783960633351
1521930206184882176
1521913885921619971
1521913884612911112
1521899723245957124
1521878523769729027
1521589559640870913
1521569643026128897
1521552491112026114
1521541757741281280
1521222634335350784
1521194240826613762
1521180305352187904
1521125576144211968
1520125041744257027
1520108056721465344
1520058479741964290
1519795204575928320
1519772248990699522
1519747367372824577
1519725408182317058
1519699032641261568
1519691938080952320
1519676577289838592
1519450367049797634
1519422516929998848
1519400228885078017
1519350882122489857
1519319766783213570
1519065567549956096
1519038216967446536
1518953662378385408
1518680758264766466
1518662143100469256
1518621345432616967
1518589459503239169
1517563565317709825
1517551285934903297
1517230700033941504
1517198179820879872
1517148518028234756
1516872394606104576
1516818969289801729
1516787286452715525
1516467702457643013
1516407137534103552
1515691558657437697
1514966786390822927
1514610723082579972
1514347620071882752
1514330653386493962
1514267731490742279
1514265200077193226
1514248584530694151
1514240965342543877
1513973792044990466
1513956117579186190
1513935254574313476
1513900847729623044
1513863912491524103
1513671607360888835
1513631433637740545
1513603837730426880
1513588761162092551
1513177135598510080
1512429558531776519
1512127173502672899
1512114164134785026
1512084828602069003
1511774245071855619
1511757441884688385
1511694301323005952
1511442178039586822
1511402591334318086
1511391833540206594
1511366854622724096
1511353818293878785
1511064640125607944
1510993335003099138
1509932636365594640
1509614796278272008
1509531457206689792
1509229643840344071
1509220398000394244
1509191925508751360
1509173271740231681
1509156954010230793
1508891001267658757
1508829456462495759
1508829386996424708
1508527635080622097
1508515760024563717
1508456856750108681
1508126707101978625
1507357361211592707
1507357360133652486
1507349797715521546
1507079860145074181
1506991974674575362
1506711749138993157
1506665684998184964
1506651650622214150
1506374956652847109
1506356259003551745
1506300328236437518
1505991895431925767
1505938889801969677
1505917357784551427
1505005962821832707
1504897902505771018
1504897510141214724
1504839173970214921
1504806735881687040
1504800004782936064
1504518083167281155
1504472911570034697
1504132297133596672
1504111704170536961
1504095717849243654
1503812643575980041
1503806355957850128
1503788693533954054
1503428922268336130
1503380850003648528
1502694735961632768
1502385420650401798
1502359659876954115
1502299324826492935
1502000950822768647
1501988745960210434
1501948445292068866
1501927349922807811
1501674036522369036
1501623514993942529
1501591656201703425
1501591654557528066
1501575430981263365
1501558867448283138
1501264856288092168
1501235392753897474
1501214730274451462
1500964242824085517
1500928634718244866
1500867789782933516
1500846847140716544
1499810661848735751
1499802593698140164
1499760616462065672
1499451949711872031
1499399013161832465
1499041120290017280
1499040265046269952
1498850993341140996
1498846629457285123
1498840323006554113
1498837436478201867
1498753767369547778
1498689235498459141
1498682331896455178
1498377385959378947
1498328784449249285
1498307765852327938
1497299901063041030
1497249031969554432
1496947009898483720
1496937273551687688
1496867968231350279
1496610519222005764
1496596515460112390
1496543630982586370
1496530781912633347
1496199795513380870
1496190483411968003
1495760956235915265
1495115237489618948
1494689296816746497
1494411267561381889
1494371523188113410
1494363208697761793
1494333438677061636
1494056955589152771
1494013441731932165
1493983602555736075
1493980821681840133
1493695026538369029
1493678094921707524
1493618661692743681
1493602728341344260
1493323728800862208
1493296609035268102
1493294902549094405
1493279531129524229
1493247466602471424
1492229139503398913
1492167304964153347
1491921566845874180
1491876474655326216
1491866748240465924
1491848942774108161
1491830894428102660
1491804685853986816
1491797536100663299
1491796866261929987
