1534646480530702336
1534619686591160320
1534604205624905733
1534582293322399745
1534335919238565888
1534248569460469761
1534230897616101378
1534220604454457345
1533874847767572482
1533839153837838337
1533798068927315968
1533476334759985152
1533230705160896512
1533090677223043080
1532797766195355648
1532739727920713729
1532468524161064984
1532448691470098432
1532428870170857473
1532411940911333376
1532077043373838336
1532035810962333700
1532029965117579269
1531714153416622080
1531714148983267336
1531690546695135235
1531280212066979841
1530972237842587648
1530942038732115970
1530624956274442246
1530564565045432320
1530278243802152962
1530278240539099136
1530238995673784321
1530238993505329152
1529887933142024194
1529873965975490568
1529873963702177793
1529852173370241025
1529538770457993222
1529491699038289921
1529234874808545280
1529234873260642305
1529167121330184193
1529131189860179968
1528813281292566528
1528809978022305792
1528803879542050816
1528774219189964800
1528753200068698112
1528425354230128642
1528390761850478595
1528071043113525248
1528011115275362304
1527730244857352200
1527685828872486913
1527685825173020672
1527679167621386244
1527675237491417090
1527671727311962137
1527667877498826752
1527664319990599680
1527659130000924673
1527647906332909568
1527394782984687616
1527353079850422280
1527333755937243136
1527316846051196929
1527103551272542208
1527030010313334786
1527016243210895363
1527015403943247876
1526999534781489152
1526987275032223744
1526972719832735744
1526971187083067394
1526707887451553793
1526640240408072192
1526616917024415746
1526602528686735361
1526602526556053505
1526346928866398209
1526319378681147394
1526319356921139200
1526245414483243008
1525861969181417477
1525552750603517952
1525499878461296642
1525192198970650624
1525163683609038848
1525142631050780675
1524873114907181057
1524842537491517446
1524842524606615559
1524817125247832067
1524817123280924673
1524817122232258561
1524817121187864584
1524817120185536513
1524817119250202629
1524817118230986754
1524817116993560576
1524776756904853510
1524517630887006210
1524503526940024833
1524499084467482624
1524490834837745671
1524475748194701314
1524433722518421505
1524379113364103168
1524094007533576193
1524093802239119362
1524087356780863492
1524064627725897729
1523784914575183872
1523738750152769536
1523720915200397312
1523413190167564288
1523325250129174534
1523005199081631745
1522977730136092676
1522645408761188354
1522637289259679750
1522615822816096257
1522575847709888512
1522327886723751946
1522294982865993734
1522294974741626886
1522279550176186369
1522271350018260994
1521959513548595202
1521914440798646273
1521882724499349506
1521876411295965185
1521865023806754817
1521575374441832450
1521550719668703233
1521523272097181697
1521514844251373568
1521207125397151746
1521153452730204168
1520804940150722563
1520783398587019265
1520502253420957699
1520477355449499659
1520123586987581440
1520072424968097794
1520032223780560902
1519776214168358919
1519776206769606663
1519773695765622784
1519731974537199621
1519711335193485312
1519691499071496192
1519453436907040768
1519453434499457025
1519452376268161027
1519417040305631236
1519386870635016192
1519386790519521282
1519366680383737857
1519364260626845698
1519364258957570051
1519363449654026240
1519356368733577216
1519347925100466176
1519001828549140485
1518701987327533060
1518675677167460352
1518638955490648064
1518273562792112132
1518228266405965825
1517926281911967744
1517880978747789312
1517600095314661376
1517578993008054280
1517541238144131075
1517534177343680512
1517518591251271680
1517223488762773504
1517171305791037441
1516854213862592518
1516808916109299718
1516778724967870465
1516514264428670977
1516511291468402698
1516511197104857094
1516446525320278026
1516144146800472065
1516128269694767105
1516127770056671233
1516127564892291072
1516099243416555520
1516069040753557509
1515767048407863299
1515706658693001216
1515404666225397762
1515351812223737865
1515329162810036225
1515052654501797890
1514986886913216516
1514963186222514177
1514726668467949579
1514726513383559176
1514698611841503238
1514688383615963143
1514662294021718018
1514657330796900358
1514332543537098757
1514312224269127684
1514312222553657349
1514285928461840385
1514235340898418698
1514012750086914049
1514012745800290305
1513987199502630912
1513987195945766920
1513932136885194753
1513923285716811778
1513656212260327429
1513601971814649860
1513225207892299777
1513188657783611392
1512879075009908749
1512826094038171657
1512535880237518851
1512503774643900421
1512470264449310725
1512204553009217542
1512194621912358915
1512157264282591238
1512156625578168326
1512139177156300800
1512136179566751744
1512116358154264588
1512113891979010057
1512089329929125893
1511843980228583437
1511818129999110151
1511811573588836357
1511809874472099844
1511809871984869379
1511763180523036681
1511723076735619073
1511712143284084743
1511421993777864711
1511411354267226117
1511405299864854538
1511387052675411979
1511370733800275972
1511364555271770119
1511357046670737409
1511339469462548486
1511336818154905602
1511078713487675394
1511045479940993026
1510674333693325316
1510674332472721408
1510659300682870786
1510332626405572624
1510307055747411972
1510004381030260743
1509976374693580815
1509945265960202247
1509931794967273477
1509643383270223874
1509638920367222788
1509611755093250060
1509595043136430082
1509573320227889157
1509557117795151883
1509289527059300357
1509268297304453124
1509253488320131076
1509224746700967944
1509224745455300616
1509224744071090179
1509204400346124298
1509165784379146257
1508925509849202696
1508925507466891264
1508900277482627083
1508867722284879887
1508858527456153612
1508847031309193224
1508794388784328712
1508541940358258689
1508521344174067716
1508463327344840708
1508093361537884165
1507764819537334275
1507733494985859075
1507469454854471681
1507439084951715844
1507438717824376841
1507418093236064258
1507398491840127034
1507115034991865856
1507082272532574217
1507057960828215296
1507031171934343176
1506751074853609476
1506725260871311363
1506725259940007936
1506725257842995213
1506716434210172931
1506683959261999106
1506373393737732103
1506338631618809861
1506300949748461570
1506300947697438720
1505985866434555917
1505985383884021764
1505951238990573571
1505940162294988800
1505940160550166531
1505574808980971522
1505551861851566081
1505184331848900619
1505160139271290884
1504909573479620610
1504891087508410368
1504891071213547525
1504891052230070278
1504891043266928640
1504891033821364234
1504891024761622533
1504891016599515136
1504891007413981185
1504890998580813831
1504890988350906369
1504863060430884896
1504826575166091270
1504580112574038024
1504560192494706698
1504515260690092036
1504515259901612037
1504515259025047560
1504494790091542530
1504464318343098368
1504459454754045958
1504185161507905541
1504146728215269379
1504128575427035145
1504128573162065930
1504100337036238851
1503866632317423619
1503839656659537925
1503771246118506496
1503751102642151427
1503514981039497219
1503466821034418176
1503446402164211712
1503429774642974725
1503411293465858048
1503410624629555209
1503085734793777155
1503047924049227781
1502697567594893314
1502368348927152128
1502368347371057155
1502336027947671558
1502046939155738626
1502002234242084869
1501968015818215424
1501959660387147790
1501900801706446850
1501684668902649859
1501670864663756807
1501646028994404360
1501360564173479944
1501338460094935043
1501318429520941061
1501287613872979974
1501250315164819460
1501249514023309315
1501246395189182468
1501205459218452481
1500965314309378050
1500945192257470464
1500927498623799299
1500903876618301450
1500891894448103437
1500882436678422533
1500536036715282436
1500535810986332164
1500232550190657536
1500155912237076483
1500136118804701191
1499868370283507714
1499827082733535234
1499815110390525961
1499508773785845761
1499482570496565250
1499444567279648770
1499418486656974849
1499152409284730890
1499126498875387906
1499098221049745414
1499054078541930498
1498861737138958342
1498858778258817029
1498857055117000706
1498855773115461640
1498854267507159052
1498853231522365445
1498852897714495488
1498850880023580675
1498783972536602625
1498754909390487569
1498727562721247239
1498710418017210373
1498432603833217037
1498423855945330691
1498398474206949376
1498377230421999620
1498340649048883202
1498337079457202180
1497978969613901830
1497641301524762625
1497603754748792837
1497314901668380672
1497294941030080519
1497213647663284241
1496906601646948354
1496876670103531520
1496694310317744131
1496587374335303683
1496568284761804801
1496563437719244812
1496541922604765188
1496192065948078081
1496192064379396101
1496166147804352518
1495849325309702148
1495823398328586253
1495808956220026885
1495461029588914184
1495162774258962435
1495074094827638801
1494779718834479104
1494744145868566528
1494722949819076609
1494721413344808964
1494688325772484615
1494438591136768002
1494392027747950606
1494373257738338309
1494085252876279814
1494049874635018244
1494031734614151177
1494010232959385605
1493712923709083655
1493689178055491586
1493675495870894083
1493659881160822789
1493655981041016836
1493629256072634369
1493609752059863059
1493609672561025028
1493350428385423368
1493325713046446083
1493285849995350016
1492919714242248708
1492891626779389959
1492630087031795713
1492574527733313542
1492549885052305412
1492527242697658368
1492262717725491202
1492249445655842816
1492230573531836428
1492227055555076098
1492215570363731971
1492197207868645378
1491917768790360085
1491897297747300358
1491882678098006020
1491880724953239554
1491868507427983372
1491861034642161665
1491838789341351936
1491819436189401091
1491538015688306697
