1534683102747971584
1534683100424331266
1534683098465574915
1534659019142488065
1534638870528200705
1534638869140094976
1534630814746566658
1534550320696676353
1534531142182895617
1534283556914069506
1534272727116292096
1534267868086517761
1534252236091625472
1534224668911144960
1534192457998643202
1533915899618643969
1533895954985889793
1533873131764568065
1533840813482037249
1532757501958991873
1532747485264977922
1532739148020424704
1532457370802176013
1532437952751620123
1532412248823631876
1532385786305433600
1532065219971002368
1532040770269618177
1532039976883478528
1531727112855556098
1531727107776192512
1531727102201962502
1531697387583971329
1531668240509849601
1531655526387433474
1531275234686509056
1530272828184051712
1530210720217972742
1530196375392210945
1530179536071057408
1530179533051248642
1529921061373956097
1529903950966706188
1529885667492343809
1529856011179278337
1529828488215240704
1529577025731760128
1529553388983025665
1529531308128579585
1529500169745616903
1529482997874966528
1529218863761608704
1529218862255939584
1529207989869199363
1529204755893043200
1529197419728084992
1529179692997267458
1529167860358074369
1529142167192625152
1529142165590376451
1528831881277755392
1528815891697356800
1528813522146283524
1528034127823441921
1527692414374273027
1527662957345361920
1527450521090547713
1527390653788872704
1527390652505501698
1527390650966192129
1527364346065879040
1527342832633073676
1527302851155767298
1527276615398739973
1527276613301420033
1527276612005384195
1527105344685723649
1527041148937707523
1527030014532800513
1527010364159844356
1526993132927295490
1526950410036060161
1526913892521213957
1526682119141052417
1526682053110075392
1526674074403057665
1526646162727571456
1526629861074378756
1526629847224942592
1526606262749868034
1526552775177424901
1526328942986149888
1526312338432921601
1526308903142797316
1526290455696220165
1526290454177783811
1526290179023151112
1526290177542524929
1526271216943874050
1526247297549582340
1526236603940851712
1525879508846387200
1525210723781066752
1525188460541353984
1525131421597171712
1524892006367088652
1524892005196759045
1524892004039249931
1524852048927367170
1524832645271670785
1524819556497342465
1524803919351889920
1524753169091338240
1524523112125149184
1524512503983661057
1524494747217195009
1524474867831263234
1524442739684827136
1524433030592577537
1524432929677529088
1524404626853928961
1524387749083725831
1524150887597359104
1524150799538049026
1524119870568337409
1524067532616908802
1524026603931643904
1524014533186146305
1524014531810414594
1523772540514041856
1523740835552305152
1523718013006266369
1523348731671633920
1522680918401560576
1522659658921652224
1522659655960469504
1522643141463052288
1522621793021931526
1522329287310860288
1522310161678815233
1522297742265131009
1522293048247418880
1522275285281947649
1522257333707022341
1522225660332318721
1521940278470483969
1521924620743430144
1521916051113533445
1521899873741778944
1521491221499232256
1521309655082930181
1521309653120045059
1521248415174119424
1521231679733608450
1521211650069647364
1521211648517844996
1521210027410964484
1521188442071257090
1521164923434319872
1520146655546249217
1520129773699280896
1520062500535943168
1520021286507921411
1519784425927675905
1519779180690481153
1519752264331763714
1519752195838816267
1519751836563091456
1519730091844067332
1519727323616059393
1519682573882081280
1519673458707337224
1519668351282434048
1519442761153454089
1519412449178537986
1519412447878258689
1519412446561243137
1519391706852036608
1519369594187747329
1519369592631701504
1519369590853283842
1519338381318266880
1519299340837216257
1519059678566785025
1519037094269706240
1519020770126663681
1519001235478749184
1518977949965369348
1518952457627480066
1518698732501540871
1518692127848468482
1518663292922830849
1518628412495126528
1518617010606952450
1518584612548534272
1517594589330300928
1517577421222039553
1517558868817158146
1517531264164761600
1517530786408374272
1517240771061161985
1517217769997090824
1517217768692723713
1517191563281154054
1517185013380485130
1517168323112300547
1517137052550135809
1516879885742096386
1516840054181830660
1516809369039609865
1516780165992431626
1516780164612599811
1516527991140098049
1516502672077119489
1516430025544847360
1516157508766904321
1516135876476260356
1516135875029127177
1516117816226856968
1516091719623880704
1516072831464919049
1515708410637041673
1515336306209050635
1515060390710984713
1514998986066874377
1514677683640315915
1514628187644481552
1514628186792992776
1514628185769627651
1514374579111739394
1514374453219794952
1514357809995038733
1514357807553916929
1514333123567407107
1514291743990112262
1513988326537240583
1513971143702687752
1513971142209548295
1513961495511683081
1513943189337554954
1513912071443861506
1513912070185566215
1513867542581944333
1513598060475080716
1513581598674984970
1513567482266759168
1512531884483522566
1512531883183251457
1512512164564774912
1512493406320275463
1512482580578410496
1512482578686971904
1512475552162144257
1512467426667114500
1512427978025836547
1512427976406753290
1512169759382642701
1512169758023630864
1512169756912230408
1512153468844355585
1512116969801199623
1512093001149034508
1512061972736401410
1511809317783146501
1511802823188623363
1511802821628375049
1511789382436540427
1511767805749829632
1511735260761006090
1511734807847444484
1511713023752351747
1511713022129102858
1511709601326153729
1511692213696270339
1511444510605258764
1511424739759304708
1511416882838093828
1511413867733295108
1511400896537714695
1511342025760727046
1511103819693785091
1511092162280185856
1511092161009365000
1511082752589938689
1511066100267634697
1511038033671475202
1511018290931503108
1510978300805619721
1510005098952499206
1509964230870589445
1509931374970609677
1509911707740774406
1509911706226638851
1509883780495933447
1509706579800641539
1509657343549743107
1509657342270484482
1509648344775368709
1509640804947701772
1509631651197984768
1509588491528724486
1509583584822272020
1509536448827039755
1509290662746857472
1509288897355960328
1509267131564756997
1509248498377576450
1509245079315259396
1509244987912990724
1509226376041316353
1509198472397864969
1509194074707963910
1509191931737395204
1509158895545196547
1508923122459758593
1508914737848987651
1508907052663549955
1508905406390804483
1508885373874749440
1508885253389266955
1508879245493387271
1508865880712699904
1508865879228006404
1508865877378220034
1508844633933156357
1508844404907327491
1508825910610432006
1508825908391591936
1508808548456845318
1508802493513412610
1508588301724356612
1508588300646375433
1508588299358814223
1508576453729923074
1508555190672232454
1508516713612128264
1508516712152502280
1508516710508339203
1508498325212909575
1508498323681992707
1508479167200964614
1506708419943833607
1506654703211499526
1506364003727126532
1506355577181589511
1506302815811121153
1505995034872541184
1505936983205588999
1505568437111820290
1505264251086290944
1505264191963381771
1505204781425602560
1504890060071649283
1504851037907206153
1504815267297304581
1504558778741661696
1504550644631453700
1504546978386124809
1504526228451061764
1504508699628478473
1504488064172838914
1504488062734065666
1504471923161329664
1504462135459553284
1504450024889098242
1504450023324631046
1504450021659455489
1504205466632699907
1504193830127607819
1504177915185045507
1504166650152726542
1504160436161290249
1503882083818684418
1503880407674064896
1503804817168293891
1503458744906178562
1503436605897703425
1503404321668575240
1503393265864876035
1503378513214201857
1503378511981129737
1502736686790299650
1502685084683747328
1502400472644268033
1502399646504734723
1502398896391090176
1502375343973441536
1502375338445361153
1502375337115664389
1502346322359246857
1502310972928712704
1502310970823217156
1502017067884724224
1501979773492506627
1501945427335081991
1501945425934229504
1501937850496872449
1501933031799459852
1501766278096293896
1501766275042881536
1501764624487796737
1501764622126403585
1501697442466705411
1501671524138463233
1501600293347332102
1501564334404743169
1501337664649408515
1501337065434324997
1501299050519408641
1501282745041002496
1501265114330132480
1501261706747518980
1501256990659645444
1501226792094294018
1501226789976215554
1501226787820695553
1501225242303557633
1501207068728078343
1501195181877608449
1500958526449008642
1500940288210186242
1500940286754709508
1500930113902370820
1500915527497232388
1500888952097673221
1500869875958493185
1500846452670664709
1500155532027605001
1499883843838427137
1499883842089402374
1499875468140589056
1499841468218937346
1499824325653901313
1499795230949842945
1499773984417665025
1499523628999843840
1499523340461129729
1499509421335932956
1499491647666761734
1499475073060806659
1499475007533109264
1499462073759277068
1499453821537378316
1499443138267697158
1499436768617283585
1499435870776180745
1499435869442297859
1499404223573807105
1499392739229806596
1499385082028732416
1499164397796790272
1499157011962941442
1499142510261719044
1499127102540500999
1499124834244218880
1499101900309938176
1499087951871029255
1499075520629288963
1499052347812687874
1499052346474700802
1499041250233757699
1498862313025282056
1498859151543447558
1498857706848931840
1498856629785223172
1498854713177124880
1498854185286221828
1498852949161910276
1498851666824736775
1498851601590722560
1498851540362215424
1498848245371617280
1498847197504454656
1498846826312650754
1498846342558502919
1498844657081593857
1498843461692370949
1498842547145392130
1498839185607778311
1498839039570546693
1498838917314977792
1498838207697498122
1498823842088853512
1498823803186696197
1498775281984811019
1498734643067109376
1498680958723231748
1498675944499859462
1498658557444739077
1498644771132350474
1498463871320875013
1498428921188073473
1498428919971786764
1498419058315771907
1498419056566841344
1498394411553722375
1498381195180228614
1498372060590055427
1498342242356199425
1498312891723886595
1498014615283941378
1497336855678763011
1497320833131417600
1497275892640337920
1497263717532241922
1497262393558282248
1497217329305894939
1497217325795262481
1497214166196760580
1496956856916393989
1496956855586897923
1496956854051745796
1496956852445360134
1496889932270481416
1496889931192541185
1496837544046211075
1496595885408587797
1496569046426271746
1496556793492914176
1496540921898352641
1496525526617542664
1496495076905820161
1496494994361835524
1496493853771280390
1496301634464489478
1496301632329560064
1496301630396022785
1496301628114325506
1496261415631572997
1496244278644912133
1496244276660998145
1496242899155095557
1496218382911344649
1496218379228794883
1496198280769937411
1496187113150332931
1496138711091789828
1494797402439565318
1494774305300881420
1494750201134960657
1494726813578317824
1494684499946397702
1494672015093080066
1494385485317353482
1494349874506121218
1494316749558276099
1494069839350140930
1494069838221922315
1494031031825047560
1494014423761133571
1493994875985006592
1493707529242693635
1493686095304876036
1493666209111416847
1493627794143813633
1493350775820627975
1493326889351630857
1493310607738683392
1493301654225051655
1493277236220375042
1493277121845805062
1493240644420128770
1493240643157643265
1493240641643556865
1493240639273803787
1492543736739512322
1492274532434034691
1492253726588944385
1492236498170613762
1492223309131485188
1492162923640332292
1491895128830664705
1491877185212358656
1491876863932866563
1491860242602287108
1491848913355255808
1491820019449307136
1491788562961866761
