1534588190014808070
1534563496108642308
1534558777135058944
1534211467955916803
1534211261054984193
1534170501932793856
1533803999648010241
1532781062048436224
1532389301484404737
1532123911550377985
1532064643463921664
1531373705452040194
1531291845552128001
1530292432784482304
1529902446293700639
1529902338793779200
1529872741507256321
1529496259060551683
1529223838218989568
1529154155406827521
1528831050650161152
1527733039077412866
1527674109571760128
1527309464595968000
1527233612705300485
1527027475817062400
1526961689123512320
1526951366291243013
1526923835014103041
1526917396140896257
1526641446501199874
1526287694434820106
1526230476649897985
1524868946788245528
1524832656172666888
1524753043035725825
1524752022267961345
1524485605438152705
1524485455600881665
1524454222451859460
1524390203842076672
1524382663716528129
1524112141585891330
1524075256452980737
1524063791016816642
1524027358239469568
1523767905061863424
1523758447493144576
1523757869531037696
1523739202302910464
1523326833873145858
1522742850890440704
1522318924104323072
1522289561929457665
1522262504981897222
1521981661159862273
1521899855718797315
1521592809156927489
1521591702829645825
1521591677630230528
1521523102328537088
1521139441808650240
1519733656973193218
1519719228533837832
1519686995911618561
1519505916961374208
1519438623896215552
1519413870430932992
1519359999138537472
1519329442769813506
1519301172372414468
1519057951507595267
1519041019370688515
1518978295144103938
1518652434683465731
1518603657612337152
1517606956902588416
1516527677712351245
1516436846607278085
1516436845122531329
1516429438229127169
1516047092849983500
1515701224032686086
1515032346470367244
1514978713208827910
1514978153575428101
1514340655098744843
1514329504621240325
1514292168604672009
1513922368565088257
1513908367911276555
1512136657235066897
1511812214939860995
1511789966476644365
1511709709606297604
1511413665320292360
1511410546050060291
1511373132514447370
1511349093389451271
1511081584660733952
1511014445606187008
1510970654677426186
1509680248366981129
1509577927725395968
1509577506965405696
1509272921067474946
1509245975029714945
1509168129024622594
1508880131774898190
1508828711893753861
1508569974662705158
1508522188466438149
1507382556781645833
1507374287367327753
1506795447393865738
1506288085939720202
1505919349097480194
1505721868866801664
1505003070694072321
1504925733688418304
1504853917838245888
1504809638956617730
1504529151016984576
1504453597077123085
1504104438180499459
1503771186391572487
1503458749192851458
1502000383991943173
1502000382544912391
1501984609726345219
1501934452024348692
1501625568533614601
1501611319245615105
1501588438256074755
1501339563213606917
1501294074539696138
1501277804842954756
1501277803370536960
1501232101554720771
1500910854442827776
1500862179272241155
1500178738788581382
1499833462550941698
1499186430760919043
1499081772361043975
1499058756751343621
1499040482768437267
1499038828996268036
1498867170159337476
1498860039477596169
1498857728977997828
1498857505463705603
1498855643670884360
1498853968319062021
1498850935073869828
1498849685649436676
1498849281402408964
1498847295412051968
1498846230000115722
1498841823833468933
1498774941302509572
1498741080317173767
1498704099218440199
1498641509175943170
1498315050955808773
1497382958629539843
1497338279464771592
1497273158516236298
1497261707781148672
1497022426533797893
1496852503828307969
1496852502595227653
1496852500867330054
1496852499176869900
1496613012412809217
1496566629458661383
1496204276791746567
1496177175376105477
1495851350856552449
1495837310885240838
1495126652506058754
1494798869384863747
1494798823046234114
1494798751650693128
1494680424253202436
1494379176790577152
1494362745608749061
1494096538070667268
1493972261744881669
1493751594239803395
1493745485118464010
1493308682297356300
1492151933976596480
1491799600956514309
1491538956189679617
