1534684636684623877
1534684635677990912
1534684634646298624
1534684633656397826
1534684632708526080
1534684631747919878
1534684630820999168
1534684627738284032
1534684626597433346
1534684624957411329
1534684623267143682
1534632176251195394
1534616310365278210
1534578181105233922
1534545889565544448
1534531457586192384
1534324792823791624
1534318132969492482
1534290044176957445
1534286101942308864
1534286100717608960
1534286099564085250
1534258946239782913
1534245217062248448
1533875215809249282
1533875214504845316
1533831110228066305
1533809711866429440
1533490111777804289
1532800583480053765
1532757779919822849
1532711268439805954
1532478523667013639
1532478522614243331
1532478519674036227
1532478518247972868
1532478517128093703
1532478516087906328
1532478514590539785
1532478512594051085
1532425636853256192
1532425425636446209
1532402938362179585
1532385489440890880
1532385488245600258
1532385486274277379
1532355254607613953
1532164125832495105
1532111225923985410
1532063222345650176
1532015654903201799
1531761242779656194
1531747506157236224
1531697080619655169
1531697079587938309
1531697078258343937
1531266681581862913
1530526804556926976
1530329697623719936
1530237428736434179
1530221143193419781
1530149386440916992
1530019246750703641
1530019244364144647
1530019242883665925
1530019241910476801
1530019240413118469
1529973913219891200
1529973910321643522
1529973908862033920
1529973907373142016
1529973905821253632
1529967007826862081
1529810975167332352
1529585685203759104
1529585684041945088
1529585682729119751
1529579663055519744
1529575643683471360
1529575641934356481
1529203545244938244
1529203446364221440
1529191138464260099
1529160420602388480
1529120210787131392
1528814346016628736
1528754356434124802
1528084288658350080
1527991426457403393
1527742267909447681
1527668171787870210
1527397452562710528
1527355006856286223
1527352135934890005
1527335994869313537
1527060614258085895
1527056531929419776
1527055018058297350
1527052269857931265
1527035135622844417
1526998614798737408
1526943283762630658
1526895597374021635
1526698259749773314
1526658064568537088
1526586315592048640
1526560714151829504
1526532997721096192
1526300372993814528
1526279010744942598
1526276439246520324
1526255778939691008
1526183187600355328
1525841131954745345
1525607419967045632
1525460924890587143
1525237155722928129
1525181970614984705
1525172163325591553
1525135951793639425
1525131134811635720
1525124487313866753
1525105752855269382
1524809542332256260
1524809540650377216
1524805041651163138
1524784681421623297
1524784680150736896
1524499647544410116
1524469777065992192
1524448163972763648
1524431372986851328
1524424533989634054
1524418008843759616
1524393948776747008
1524393947421982722
1524393946113265665
1524393944599179268
1524211384711589888
1524146657226547200
1524111281921347590
1524076847046213634
1523996277960323075
1523766091147001857
1523711013853757441
1523332149767667712
1523271506205102081
1522658677139853316
1522653286469443584
1522653276336005122
1522653265539833856
1522563359253712896
1522332879082168326
1522312052991270914
1522312050642460672
1522274570392190976
1522274290695118848
1522268553600286721
1522246076652302337
1522246074219565057
1522210319531229185
1522208952779522048
1522022219320369152
1522022218011713536
1522022217214738432
1522022216359104513
1522022215549657088
1522022214245273600
1521990687763447808
1521951524951310337
1521934833248788480
1521907429461700619
1521888263916695553
1521617101101973505
1521600717911375880
1521547584799744002
1521521700030062593
1521486972954497024
1521486971364909056
1521459566235373568
1521231047224135681
1521120031207211014
1520128381156835328
1520086852224667649
1520061636631011328
1520002455177596929
1519793269894524935
1519775280671473672
1519732085925294081
1519702239144812544
1519662717086351360
1519651476364267520
1519651475072471040
1519440553401896961
1519424447786196997
1519378785568575488
1519378121065177092
1519359514167980032
1519341560407678976
1519285240899858432
1519032680364617728
1519000381396860928
1518965978494910464
1518922848055840769
1518673935512084481
1518640553528893441
1518607080571166720
1518433117362663426
1517847002570133507
1517606113902051328
1517589128614981632
1517507715194662912
1517469615881924610
1517286171583336451
1517271610490765312
1517271609450586113
1517271608485896193
1517271607575732225
1517271606044860416
1517168423079489536
1517117939236941825
1516865062752845825
1516858767337525248
1516827508406206468
1516789482971926529
1516481139317301249
1516458623731445762
1516458620719968265
1516425689829883907
1516115532260556801
1516094339142893568
1516064461450321923
1515680470436098055
1515415502625067009
1515338638091030528
1515314071318499328
1515068929470828544
1515036255179968522
1515013413159718918
1515000841308151817
1514984497527377926
1514712106108661763
1514712097174831105
1514711978572402695
1514647639534579715
1514360528143097868
1514346131014176773
1514297035368931332
1514297033464717319
1514277716538834950
1514263148517371906
1514245544532709377
1514216026996625412
1514044710721101829
1513994840844947458
1513983829488320512
1513963782933921793
1513912871360598020
1513903321911808004
1513878610125504513
1513857328109568000
1513601624501063693
1513579545986805769
1513524836152262657
1513215232247668738
1513186176945070088
1512807666242015234
1512528560745070593
1512508957314752517
1512462059061100544
1512399862679031814
1512149984543662081
1512128155322130435
1512109777077350413
1512104351568830468
1512101330596282370
1512097520196935695
1512081179201089547
1512081176629964808
1512081173484253195
1512047525137727491
1512045335010590729
1512031962982236168
1511857042218225665
1511826757560713222
1511774433953910784
1511774431852515340
1511726471198478341
1511696600040714242
1511458943171764225
1511437546059878401
1511430203196772356
1511403432791490562
1511379699750035460
1511312700873269248
1511082483269386240
1511066413393457153
1511046771807510529
1511046770234695690
1510999285738913797
1510977898248818702
1510009851740577796
1509991642731892741
1509932554601656322
1509923901714931734
1509911496507248649
1509901605214302230
1509869436659896325
1509651068099170311
1509628317074436101
1509582234868760576
1509565307458887683
1509545234425958400
1509525483297423362
1509298813529382915
1509283072524500993
1509270560194416647
1509237463864201224
1509206468070936579
1509195082989195268
1509169516449865732
1508957680311881728
1508932714233278468
1508927041009328140
1508927038807228417
1508890153321967623
1508862869521195015
1508846278356131840
1508815611492810760
1508569776913801227
1508496851858862085
1508489383762145290
1508489382604394497
1508489381220433922
1508449746092019715
1508449744833626113
1508104054949482504
1508066311598792707
1507711468887699462
1507439718639800362
1507385832050671617
1507372386873757706
1507351718262157323
1507351716777312270
1507117024379645958
1507087933618196480
1507060333789257736
1507043348338589699
1507037942056955910
1507021234785165313
1507009049602125838
1506803115881869317
1506769159249702918
1506750998869680139
1506733930896109578
1506718706310647808
1506718704301756418
1506718702363938825
1506688292372324357
1506660813456691204
1506640726800613385
1506413093231996937
1506397810752557057
1506382792032239620
1506364958430351362
1506348824687779846
1506314946812030984
1506065694710022147
1505977804730556426
1505967473543335943
1505948364361420807
1505941420825358346
1505913232698986497
1505883313378058245
1505570814334320646
1505544387777937414
1505167212713283586
1505009738240700425
1505009737183674374
1505009734818148353
1504915582931591168
1504895607277772803
1504876537518039043
1504858408767393803
1504827664439328780
1504803661691686913
1504573351624331266
1504573350407987207
1504572700194480134
1504543421977006084
1504517582832951300
1504492858635694155
1504440228022566915
1504223649867476995
1504223485576589316
1504202695091048451
1504171696781246466
1504131715165528066
1504110606873419778
1504080268226924544
1503842412493430792
1503806584694128655
1503787964538789895
1503770304585379858
1503750736974340108
1503732785504215041
1503497692558864391
1503449397614493696
1503422228163182603
1503363018687754240
1502755371978530825
1502419595864555527
1502405360853962761
1502357759223869447
1502334573727858691
1502329859007291395
1502309380628389893
1502287091509739521
1502011643236163587
1502011640660774913
1501920818594467845
1501777986361643010
1501777983417335809
1501777982263808001
1501777980644896768
1501672402652217353
1501644073538658305
1501602813595504643
1501584959882121219
1501370152960634881
1501358392652316674
1501346513737289730
1501334900003192833
1501305031928127489
1501304648761675781
1501304647344177158
1501213692578439182
1501213690745524235
1501213689512402947
1501213688384176142
1501213687255818244
1501213685766836230
1500992044147294212
1500966256098357249
1500917300299509766
1500896236173414406
1500839466361139206
1500821094311383040
1500148825364832264
1500101325194874883
1499831017665974275
1499802880047468547
1499792922362929157
1499747043442577417
1499731395605786630
1499508666830975003
1499474839068938248
1499450547983814656
1499121305530126337
1499098621387681795
1499083582266040324
1499077428928565250
1499043137368559619
1499043136118607882
1499043135103643648
1499043131018334220
1499043129986539524
1499043128828960774
1499043126383726592
1499043121757364228
1498873588585316354
1498873307113918467
1498870821712019459
1498868580565372929
1498856084517367809
1498839850518257670
1498830389581955075
1498821902378409986
1498770358270320643
1498766398054707210
1498741404905975818
1498714794190323717
1498687016984264714
1498440561996533763
1498411315630641152
1498344311695593476
1497988736520491020
1497949143645446148
1497617268934463490
1496718712854003714
1496718711436230656
1496718710157025283
1496718708680663044
1496469892987428865
1496194685068627968
1496194683810287619
1496168183203606539
1495959391773892611
1495959390616227845
1495484676995272715
1495484674562572293
1495092132398477317
1495064233431732225
1495058276219854854
1494835031356891140
1494747584354824194
1494719642400661509
1494700166196121604
1494669464532660226
1494434417556733959
1494405261162913801
1494344959834611722
1494072135018553349
1494035511727603722
1494035510435753995
1493953390451335168
1493740716673146881
1493709821153091589
1493667505310679055
1493664813569957897
1493664811183390721
1493627334531895300
1493604785911648269
1493590659424477191
1493338527437889542
1493315728786829317
1493277307527647234
1493277306407854088
1493242874049216513
1492877444298248194
1492877442784059393
1492598375555948546
1492265135951564809
1492242344921468935
1492178653299548169
1492158604383764485
1492137266671599624
1492106152947113987
1491922001363185665
1491917779481640963
1491896197300301832
1491862899597451271
1491824785243975689
1491813290200207363
1491766402574921734
1491751303176810496
1491619281464967174
1491540895619072005
