1534573961786302466
1534209443709210630
1533834256505622528
1533116064162275331
1532778723283546112
1532409588569579525
1532078930404032513
1531690055034601475
1531259131461525506
1530220852893065216
1529917411159330827
1529825235368718336
1529163633451737095
1529163622118825985
1529163617773490185
1528844771640414208
1528119440113401857
1528013241997221888
1527685158924652546
1527356909166071813
1527356906561425418
1527020369458122755
1527015370883846147
1527015369679962116
1526923422202224640
1526655657151176707
1526655655108558850
1526594901663789056
1526594897133948928
1526560359246663687
1526191444830179328
1526001942274637825
1525852093256433666
1525166657966063616
1525120580898459649
1525120563471167491
1524836108000968705
1524770700980105218
1524770699759521794
1524770697700065280
1524484175859961858
1524437952721559553
1524437943573696515
1524393115267833858
1524393113703399424
1524030423021543429
1523718433304506368
1523330455034122240
1522668619913650176
1522601634324525057
1522601633166856195
1522588727926837251
1522309751274622976
1522309748334415872
1522253310224445441
1521958624293265411
1521958622116433927
1521915552058458116
1521862035646074881
1521862034249367552
1521590234697371648
1521569805584801792
1521569801377882115
1521217671588720642
1521217668195536896
1521217662310825985
1521172486724984833
1521172484397092864
1521134039549231104
1521134038269968384
1521134036957212680
1520860302140755969
1520860300521660416
1520860298793603072
1520860297006927872
1520860294876127232
1520417700656254976
1520084111293140993
1520084105676869633
1520084101864341509
1520084095530946560
1520084094125846530
1520084092414537728
1520084088404721666
1520084083644194816
1520084082209742854
1520084080863416320
1520084079223492609
1520084077461843968
1520084074580385793
1520084067093565445
1519753835849334785
1519671855849914370
1519432073408397312
1519319215622270982
1519071849795235842
1519025858073317378
1519025856294924289
1518970100702920704
1518602437929676801
1518585282546880512
1517539164207648777
1517495700820484097
1517208296612155394
1516865655391277063
1516837377452519426
1516521864092340225
1516521857813524484
1516521852058935306
1516487253844971524
1516445138171670541
1516131319876489219
1516131315590082563
1516131306727485446
1516131305473421319
1516131303992799236
1516131302759612416
1516131300398272521
1516131296329846802
1516131293288751109
1515694066129797126
1515347030050103306
1514999178455396357
1514973260747788293
1514697799593598976
1514617125117181961
1514322319853985814
1514269667824705539
1513980890891927553
1513980882524282886
1513980873745567749
1513971228515704841
1513882215863758848
1513882209337364491
1513587964697321475
1512529277572505603
1512511224319291393
1512184260031135752
1512145176558510084
1512112434873573377
1512112433283883008
1512112430582833154
1511795433512783878
1511795432262930446
1511727513235607552
1511727510492483586
1511453295629553668
1511453291124776965
1511440729154936832
1511333723354148874
1511330359283175429
1511104291687309314
1511104290563231746
1511084671538503685
1510010367510028291
1510010364594991116
1509988959258034176
1509988956695318534
1509927420752662531
1509606560909209605
1509551925770993673
1509240444030537737
1509240441316773892
1508928911555637250
1508928910398009350
1508916514497478656
1508883237589950465
1508882168616992777
1508829980704321539
1508552214394150923
1508491868895649797
1508491867574480905
1507431623150686209
1507411038878126084
1507375739628404739
1507375736239316992
1507048903119712261
1507003992387293188
1507003990218838016
1507003982006439937
1506712097635319816
1506638664784297987
1506373595144073230
1506373582728970246
1506355806618464260
1505907083304005633
1505257809939677186
1505257808534585351
1505003857713278985
1504840541556588568
1504840537580490757
1504793488835162117
1504583572115623938
1504583561541791745
1504583550913368067
1504583540201119744
1504170504810385411
1503810856186003456
1503801138432417805
1503784541084913668
1503738149452886020
1503738148341309440
1503471818241421314
1503471813069840388
1503471810976825347
1503395501672181764
1503089191684554761
1503089019097432069
1502731080985677827
1502326855856267268
1502305797476339717
1502289067463127046
1502035745887956998
1502035739911102465
1502007931188953094
1501985402789548035
1501968661959094277
1501968660096864256
1501632744564080647
1501632741938536451
1501569334447157257
1501273225942249472
1501228309870362626
1501228307349532678
1500953593742036996
1500892218546135042
1500216119377944580
1500216117972852745
1499882450729811972
1499854067534860290
1499854063189508115
1499854058907127810
1499854049054801926
1499854045435027463
1499854043438592007
1499847373408935942
1499847368069496837
1499789006602752000
1499773582116798468
1499773580808183823
1499773579688398851
1499773578094563328
1499559069190959136
1499463673387134979
1499431312352071685
1499390427320967170
1499119762172956676
1499095634531475460
1499095632329457669
1499065416836079624
1499047973191405577
1498804226549555205
1498804225253548041
1498804224112668674
1498804222732689410
1498804219779993600
1498804215925383169
1498804212398014465
1498761227715153928
1498761223801872385
1498740376080990217
1498695839782514692
1498679775799431173
1498459214221557766
1498417897357598727
1498402431562133513
1498402426134609921
1497985101690454021
1497985100067348481
1497949645883981827
1497322187119812612
1497297929631059969
1497236136321851393
1496916027833266182
1496867462708613122
1496511964176080898
1496190770411458567
1496136393558536197
1495790426141323268
1495428035339698177
1495065645901361155
1495065644638818306
1494781264724992001
1494781263508832256
1494716783512719365
1494716781314949127
1494716774499110913
1494716770023845894
1494716768035741704
1494716763791048709
1494716759479398407
1494716756195266564
1494716754400063490
1494695689137315843
1494411397475848194
1494411395835871237
1494365376016269324
1493986112452313089
1493623162692583426
1493594575763644418
1493346171871506432
1493346164795752449
1493246032788000774
1492999802925330437
1492585548330024963
1492565113513070592
1492224107953414147
1492224105369817093
1492145220326203392
1491871529931530243
1491871525418545155
1491849326552879108
