1534606317188521987
1534584067219496967
1534274064759640076
1534220799879565316
1533872942324621313
1533840817152045056
1533167055532335106
1532810306501627905
1532441082692112384
1532418220560371712
1532121402391810049
1532064645707603969
1531687665858387969
1531334572151083008
1531283373007720448
1530606328896421888
1530291428483637248
1530279209892990976
1530244395315888129
1529921953779306501
1529495741340782594
1529171379609866247
1528734317651828736
1528421974313140230
1528359519344017408
1528047266203852801
1527770456085905413
1527305991536054273
1527292348098433033
1527275924621873157
1527030100037931008
1527013605375463443
1526676270221860866
1526617119391158273
1526341448806842369
1526341447410122754
1525107659799678977
1524792106648231938
1524763718369918976
1524509262168346625
1524430396527628289
1524378760467861505
1524101481116446720
1524049956814069761
1523372307044966401
1523284840191340544
1522279820851392518
1522200460450537473
1521979946612236288
1521966496209063939
1521858748549111809
1521529867434704896
1521475818081427457
1520062649924521984
1519750754189381632
1519735368303656962
1519702526735618048
1519440344454246400
1519416706870956033
1519390834080325641
1519338553280450560
1519305327186956288
1519016340371251201
1519005620522864641
1518997064553844737
1518977699175452673
1518620173602799617
1517211845974802432
1517161064902926336
1517140902275297282
1516889664942223364
1516805188044140556
1516759700766920706
1516463763079241729
1515723658022555648
1513914383319109639
1512465733946642433
1512098967064043526
1511817338659778560
1511790272149086216
1511765962990759939
1511429790431158274
1511372761427582987
1511106814175330305
1511079985573941252
1511064942312660994
1509570704932544519
1509287902840332297
1509270735646343169
1509256101463793664
1509240730195308552
1509228447163420672
1509190448069423109
1508899990420267015
1508869709449596932
1508819084649148431
1508532408647360517
1508495145439748098
1508495143917264908
1507046966445883406
1507028381275234313
1506728055749890061
1506403539387568128
1506326925870080004
1506297303384084490
1504866360664465414
1504864885464829985
1504489944257019906
1504477885268066316
1504215580206850052
1504205350240665603
1504196893382950912
1504166931234009090
1504137281044627462
1504097394551664648
1503862701105233931
1503848858157305862
1503841036501671948
1503825745872932869
1503425055476396040
1503401538949111809
1503401537430859790
1502318875391705096
1502125985092804608
1502050467433656323
1502047128545374224
1502022911481327617
1502011479142379533
1501991814286524420
1501973041500368898
1501949736533647372
1501575693133561862
1501293317320941570
1501268854684602369
1500957088738160643
1499870604434055170
1499485374413955078
1499147976039714825
1499117379665776643
1499078301897347073
1499040058749460486
1498872892767055873
1498823569945493507
1498793456172474379
1498777180318449667
1498765600893583365
1498724950957568006
1498705669809221639
1498482855176986625
1498397225025691659
1498046025512230916
1498021378565492738
1497992571003494404
1497977119477055492
1497965604833222663
1497930403671330816
1497604185994506240
1497228001939005459
1496573755543461889
1496504006855868421
1494727702007496705
1494712054317473800
1494687547703934989
1494674992520482820
1494473050254888961
1494450722842284034
1494439981326209026
1494397451188514823
1494349499594158081
1494315306445160449
1494078571966517248
1494069149794017284
1493997287818907652
1493981502979325954
1493962800007364610
1493725691103305728
1493675319282343943
1493661748070596621
1493625224553709571
1493247755426451468
1492945053110743043
1492906335184162816
1492896329802018818
1492665243520036865
1492531604459118600
1492520642347864065
1492247511297368079
1492204207197282304
1491856307061678089
1491827194984865793
1491816072122707970
1491779702989725699
1491552087649533956
