1534636357158584320
1534597595263295488
1534547264177418240
1534536146469928965
1533901669238456321
1533781650043289606
1532848679857569794
1532481877868793877
1532425864331284482
1532037878192259072
1531820525839843328
1531460234253828097
1531324803461824514
1531259181021466624
1531244734852780033
1530232509736402945
1529975723531898880
1529886165784047635
1529483690799144962
1529472110753726465
1529466073359196160
1528873446087741442
1528763918444806146
1527786301424128002
1527620315395854336
1527356551169658896
1527305353721171970
1526925932333867008
1526894122912600066
1526662590591549440
1526640847319707648
1526593396474642432
1526323485575942144
1525098542431318016
1524872046852788224
1524838939407925253
1524824237579591680
1524459639752085505
1524459599037812738
1524397460554231811
1524357409547948033
1524117313326305283
1524011591028649987
1523828927130701824
1523634282442506247
1522968258290143232
1522728000046960641
1522667630712311808
1522592203897511936
1522315967644282881
1522229696817160194
1522184749804105728
1521988087601143809
1521920107554955264
1521882480554524676
1521501267490750464
1521172730934087682
1521097454451662848
1520766241828392960
1520435320466157568
1520118229586350080
1520096093614358531
1520061744139411456
1519707628234059778
1519687761669799937
1519344077841514498
1519329913337262082
1519283979416850432
1518711635740962819
1518702481685061635
1518575840216457216
1517594326985220096
1517530449802711041
1517504013381554179
1517502823319101440
1517246919264903168
1517141492820631553
1516914692572254208
1516831598657867780
1516780481676722179
1516763805245751302
1516537209180012547
1516464011545481216
1516416612232015879
1516205640343232518
1516117545450975232
1515826284059926530
1514937013241319429
1514574708024479744
1514574601438867457
1514242529809637382
1513970305638834179
1513909704203898883
1513608042163679236
1512520808190599172
1512460742812999689
1512188526384848913
1512083612992106498
1511513919436861446
1511456166697750534
1511448341619650564
1511343308706136080
1511086384903299083
1510950544646549512
1509984069840429056
1509886356423680007
1509878443097341955
1509651790303830021
1509554395607965702
1509549028660424716
1509516329711292417
1508925583530598402
1508866757334908931
1508866755317444611
1508806581626023944
1508549572200697859
1508519367604068360
1508485805446242304
1507341808749191170
1507150531076177923
1506753951126982660
1506636897510170626
1506634187490664448
1506356695181766659
1506284965918650379
1505892284306530322
1505205452644274182
1504872617899175940
1504805090481348632
1504533248399007746
1504442658906906628
1504215994784440325
1504171203778461697
1504170715792265224
1504133192818872328
1504097724643393541
1503817436637839363
1503784423149481985
1503778158516097038
1503747049153605640
1503363318744027138
1502374148802330626
1502041691750076421
1502011675867820034
1502011495735037958
1501992543264948229
1501984811170377733
1501921110027350019
1501619078150205441
1501542074197458945
1501528345586057219
1501330487595438084
1499841307153514504
1499746956301770753
1499384472705323012
1499093320655683589
1499055392780959748
1499043237901840384
1499023109730578437
1498863175583809537
1498855628961423365
1498840538371526657
1498805292666179588
1498659754926825473
1498417915762253826
1498297287998586887
1497723794160594949
1497300567928066057
1497210040134082565
1496968813459423238
1496507693049204747
1496243627286315017
1496149185925636110
1496137959342546947
1495881176925589507
1495760672541622280
1494831607261413377
1494733591233896449
1494719860823236612
1494695719101415427
1494430211433193475
1494337636936290311
1494000346578014214
1493945769942032388
1493691670910615555
1493593466542174212
1493583379488559112
1492561236717969413
1492287430233362437
1491562890331099137
