1534673298742775809
1534673296930766850
1534673292111511553
1534673290534461441
1534673289037111299
1534673287468425216
1534673283794214912
1534527063360684035
1534284114798551040
1534284113682759681
1534284112462327809
1534284111170396160
1534284109316505603
1534264523380645888
1532420390106058764
1532385537549549571
1532385535540482048
1532098860478255106
1532098859089989632
1532098857466744832
1532098855147274247
1532098853809360896
1532098851426951173
1531696252534104065
1531696251342831616
1531696249983967232
1531696248557821952
1531696247408578561
1531696246402039811
1531696244761972737
1530252051065851904
1529920306185392149
1529920301089312777
1529920294416175147
1529920286635634688
1529920281220894727
1529920276036820992
1529920272370913284
1529920268730257432
1529920262652710917
1529920256545804317
1529225989078794240
1529225987212328962
1529225984662454272
1529225981831311361
1528840941171507200
1528410266635059204
1528019912094105600
1527754828738330624
1527754827874414593
1527754826448257024
1527662011944951811
1527662010422411264
1527320143126462464
1527320140781522944
1527320138671722503
1527039073906569217
1527039072526532608
1527039070462955522
1527039066818195456
1527004004517036033
1527004002818437120
1526996544334901248
1526919198651342848
1526697725298884610
1526697723902185473
1526697722555793410
1526697718730698753
1526651025070891010
1526639151570898947
1526639149989695488
1526594132554260480
1526594131321139200
1526594129932824577
1526594127579717635
1526272301003681792
1525940200546918400
1525940199246659584
1525940197988478978
1525940196633718785
1525940195354415104
1525940193999704069
1525940192665907201
1525940191197810689
1525940189457264641
1525676238123196418
1525676237229895680
1525676236386746370
1525676235086602240
1525258209136615425
1525258206536155136
1525147443767148544
1525141587449233408
1524898966470643712
1524868943231475749
1524868941595697174
1524868938856861696
1524831229492748288
1524569620807565312
1524569619054399489
1524500127569879041
1524500126705795072
1524500124143079425
1524187443364257794
1523799251905806337
1523775380221403137
1523765039647584256
1523765038367969282
1523765037105840128
1523765034102362112
1523472390742630400
1523472389220175872
1523472386040811520
1522955964219105280
1522955962746904577
1522001623114997760
1522001622137778181
1522001620220977155
1521522277522755588
1521522276000280576
1521522274175799297
1521522272099614721
1521499215268040704
1521499214177607687
1521499211145129988
1521262729390174210
1521262726391214087
1521262717469925376
1520496328274497538
1520066777727832064
1519871148732862464
1519871145494855680
1519845418888216576
1519793871538081792
1519793870208385026
1519793868518174724
1519093565539991558
1519005047232901121
1519005045794250753
1518942265548455938
1518942264520810496
1518942260850741248
1518709772157132802
1518709771267944449
1518709769019826177
1518709761419661316
1518709750355177472
1517216189965078530
1517193719119818755
1517193717236613120
1516865190297587713
1516823545871060994
1516823543828394002
1516420647471173640
1515123215089160199
1514589007912611845
1514589005525962763
1514382398938664969
1514382397130911747
1513979848485658626
1513979846870843393
1513931935034261506
1513931933033586688
1513576914769915916
1513576912840540163
1511787983225110530
1511787982033981445
1511787980637319175
1509696831416111104
1509696830107488261
1509696828895289351
1509696827200835585
1509696825934163973
1509696824625483783
1509696823383973891
1509696821928640513
1509696820557103108
1509696817692393481
1509614941795401734
1509614939081687041
1509549808155041792
1509202174231863316
1509202172206108672
1509202167827255300
1509202162915622918
1507451079851659268
1507097230263660550
1507097228866990091
1507036723481620485
1507036721027993602
1507006428866748424
1506731288002285579
1506731284034433024
1506731274173657088
1506332329920368650
1506332328804687874
1506332327785422848
1506332326808240129
1506332325793128469
1506332323230408706
1506109137322663936
1505926483046547456
1505926481935060996
1505926479288406020
1504962142554013699
1504888180528631816
1504888177437335560
1504623756119056385
1504623754646888450
1504623753262768128
1504623751773761539
1504623750377005060
1504623747814367237
1504623743171182598
1504623741732536328
1504623740273008641
1504623738897186819
1504623737349545991
1504623735621492736
1504623734111543299
1504623732219912193
1504215094238003211
1504215090090090496
1504215085069307908
1504215082640756737
1504215075837599746
1503806201590657029
1503806200202379273
1503806198902140937
1503806197492760580
1503806196079374338
1503806194284171264
1503478421510402052
1501779165183422468
1501779163891515394
1501779162721366017
1501779161505050627
1501779160058015746
1501779158887804929
1501779157553983490
1501779156232773632
1501779154957750274
1501779153661669376
1501779152285880326
1501779150268510210
1501584278769045505
1500941123019284481
1500862730529554444
1500862721901965312
1500862718190002182
1500648053384040453
1500151011012456451
1500151009972215808
1500151008865005569
1500151007484985347
1499544756346572802
1499544752727142401
1499117276557103110
1498828693485019137
1498802475335356425
1498802473724690439
1498802472143441920
1498802470612615168
1498802468586729476
1498802467110367237
1498802465608810499
1498802463499079681
1498784635534381068
1498721716134109185
1498721706382442496
1498682035220660226
1498682032599318528
1498405821448867854
1498405820618395648
1498405819766951946
1498405818735202309
1498405816600301568
1496976252795863041
1496976249712889856
1496976247280349189
1496976244956868611
1496976242280697863
1496976239466266626
1496976237146824716
1496976235062247427
1496976232482750466
1496976229689344006
1496844980358619136
1496700979382833162
1496700978023874563
1496700976711020550
1496700974664146944
1496256894381535233
1496239760477761536
1495920624501415938
1495920623062814726
1495920621464821765
1495920620059701248
1495920618033799168
1495920614799990785
1495920613101350915
1495920611117383682
1495920608881922051
1495565048789573633
1495565047912976389
1495565046998523906
1495565045819920396
1495565043043381250
1495565042066116608
1495565041172721666
1495565040157609985
1495565039230672896
1495565036802166787
1495158842774196229
1494739743627792387
1494737509800189957
1494737506847363079
1494026731447099395
1494026729962328065
1493670578561208320
1493670577189658629
1493670573678989320
1493323725248335884
1493258811641110532
1492266676011687936
1492266673663008768
1492266672346050565
1492266670563508224
1492162136554065925
1492162133051727879
1491832626285617160
1491832625039921152
1491832623827668994
1491832621873217536
1491603594008793094
1491603592763031558
1491603591563513857
1491603589881643011
