1534682548571455489
1534682546402902016
1534652195735539712
1534625054855774216
1534576915553697792
1534526016995086336
1534526015996891136
1534526014952448003
1534526013820096512
1534526012792389632
1534526011727040518
1534526010674364422
1534526009441132551
1534315914937638913
1534264779438710793
1534199754845986817
1533948611205246976
1533901546387390476
1533870418997698561
1533838721824464899
1533795852615045120
1533508954931830784
1533463659472490497
1533116372296708097
1533086173140094976
1532870513109962753
1532824008017707010
1532764542127710209
1532732916819705857
1532527555621822481
1532523126763954176
1532451994656337920
1532419319728070659
1532414090026569730
1532361391444701185
1532112251183767552
1532071843472887808
1532065811912724480
1532007918836531209
1531757420111753216
1531745789386625024
1531732106514206723
1531648643115233282
1531274352926375936
1531016421592948743
1530580439882207233
1530265204931678208
1530236250111762434
1529930380161257472
1529862804269944832
1529825143395979271
1529618966720970752
1529598184493916162
1529557600362176512
1529514588290572291
1529495558712344586
1529455113122762759
1529267985671770114
1529267984136544257
1529267982303694851
1529267980789596163
1529224558368235520
1529209150495854592
1529175768701587458
1529133325792813058
1529116258943176705
1528858312418238470
1528813564508741632
1528782817097703424
1528752700241887232
1528722420357472256
1528435523030863874
1528389107671613441
1528375127250849792
1528073139632033792
1528042946074857473
1528026621101453314
1527997640251539456
1527743957366673411
1527667323728973826
1527635256408522753
1527420554550165531
1527407798044217365
1527326554610896896
1527326551301185557
1527291801769754624
1527291238449221632
1527272868358148097
1527093927177748480
1527084118269480960
1527063461431214080
1527054877335093249
1527038820968964098
1527024990301872128
1526997816773681152
1526958959675981825
1526936430534074369
1526759189397352448
1526702856618708998
1526684901721923586
1526638574908612615
1526627240632635395
1526627238376001536
1526602888339984384
1526548093595811841
1526322609725505536
1526255671125090304
1525845962836480001
1525836184743727107
1525585549616103424
1525258297007284224
1525177807520907270
1525142437076795393
1525113648825438210
1524865750795550720
1524830575516864531
1524811575978344448
1524811489894445058
1524788998861824009
1524760914523832322
1524751866520866816
1524747471712309248
1524508043462991872
1524508038056534019
1524456806461972481
1524422837615874050
1524389510032805892
1524162370209075200
1524128583471357953
1524078303350513668
1524025779885121541
1523781103584112640
1523711223988355072
1523711215540707328
1523286602558156800
1522999708024774656
1522939316560818177
1522696697792585731
1522583179516907520
1522561821777043457
1522347625936310272
1522314470063808513
1522285365238898689
1522285361745043457
1522244730188271622
1522206983322955781
1521975350779121664
1521959645421649924
1521917173987426304
1521865473457016832
1521638468866215937
1521595560297480195
1521512926758289409
1521474663662047232
1521309487755407361
1521306317792718850
1521226903243395072
1521182631991332864
1521153791625728008
1521132429741899776
1520872235380228096
1520845622202580994
1520810178769301507
1520462997222686720
1520176106019692546
1520129560410562561
1520105751112466434
1520025109754482691
1519813713863200768
1519778281855279104
1519778280425107457
1519778278931849217
1519742441867427841
1519693785269252097
1519690472603717633
1519421595453902859
1519390935083360259
1519345633592700928
1519298212741455873
1519077510859866112
1519020849197723651
1518945493178535938
1518703900144058372
1518647999425036289
1518575563601899520
1518373374417846274
1518258473842057216
1518011650942590976
1517865888086728707
1517580820336238593
1517504229535014912
1517269446812872704
1517204863574323202
1517170785579933705
1517126013876158464
1516846980521242625
1516763627033972739
1516523400692486151
1516476727957934080
1516462999418122251
1516440414924025861
1516189839141466114
1516159634096078850
1516133612911054849
1516046388693450757
1515676458487848960
1515461625259732996
1515391252790919169
1515345685121585166
1515057949311475712
1515020251255255048
1514976329006989316
1514699088226406409
1514680397434605580
1514655153076461580
1514626927146983429
1514362796800192517
1514345961631399940
1514234451563220996
1514015515341205517
1513897137733574657
1513864523672961027
1513701017715683341
1513653119816593409
1513620254173315078
1513577173097005058
1513537386524950535
1513509373221429252
1513211727092932611
1512849202904281089
1512822648857927688
1512792446966456321
1512507909309186053
1512484329187913728
1512219805352448005
1512203739771424770
1512166615953125376
1512166609850404870
1512132926527442944
1511826080734322688
1511807918370398214
1511746893054976002
1511709841437380610
1511691783238991882
1511418390627422209
1511418389134249988
1511418385338404869
1511358364399378436
1511336868352249868
1511173639000969216
1511173611939323905
1511116405608960006
1511088803926233090
1510981907957301248
1510965412338421765
1510648319583862793
1510634118295478281
1510618122067361802
1510301032022257672
1510271111321341953
1510270835822530566
1510040485947187206
1509965521135054850
1509926632462639104
1509920625590165509
1509674401905610756
1509650652078690309
1509603949829099532
1509536665907388417
1509515863837188106
1509304471041585153
1509301330615144455
1509274268663640069
1509229786782220300
1509173062805172227
1509153471236300809
1508942083200995331
1508913198916939777
1508895460752334850
1508869071957372938
1508791090479984640
1508555878567456773
1508458953784573955
1508428701687504898
1508156902005432325
1508135411821993986
1508111609671024642
1507749222510043139
1507719021155831808
1507447226817253397
1507404845103341573
1507349079898030081
1507115043774554113
1507073561294483471
1506986691579551745
1506723044500328456
1506709179834249229
1506636007294349313
1506405365927321600
1506396587559460876
1506323415183015936
1506321419373797376
1506242582669582340
1506054501874159624
1506054361415311377
1506052446547845123
1506003168039165964
1506001143893270531
1505996057213341704
1505995795249700870
1505901508268892161
1505576166987599874
1505227602788855814
1505203560908218384
1504902581482577929
1504862125654741015
1504593424866967552
1504563230538096646
1504550061384081411
1504479200895406086
1504449977199861761
1504231041686556678
1504200840181166092
1504176372838805510
1504104634226409476
1504104632280395786
1504104630661222406
1504104628492906502
1504104626576146432
1504080041126289409
1503868646820614153
1503838448897069056
1503798717522092035
1503793155417718785
1503764343330164745
1503517309662552071
1503484930373918721
1503467690979209217
1503371501197836292
1503371498282700807
1503371495795474438
1503371493882925059
1503371491433398274
1503371489172766723
1503371487306256388
1503371485779484675
1503371484173152264
1503371482373763074
1503109050510290947
1503085066163003398
1502655336355872772
1502358705119051782
1502313602832809986
1502302111391965189
1502277253530624000
1502025590639054862
1501987180029399041
1501987178234138642
1501956898601455618
1501924646765084675
1501924644739325966
1501663662339145729
1501636227572940804
1501330473108258819
1501320269423599618
1501316869617188866
1501269585684803602
1501240125514203140
1501237075022131207
1501196042817228802
1500984646909059072
1500964107251552260
1500843549667082242
1500843547662204931
1500843546269687817
1500843544872902662
1500843543530774529
1500843542024966155
1500843540502437888
1500833660039217154
1500575030471794696
1500138665053507595
1500123975686316036
1499854633874903041
1499830123708784642
1499806348585930756
1499746609676136453
1499519994882707464
1499420746917027846
1499384095465295877
1499180233840332807
1499172709049286658
1499117999323762690
1499073030131232774
1498860873795964932
1498860606216192014
1498860605230485506
1498860368340389900
1498860283120476167
1498860207266574339
1498860205668540417
1498859563520516102
1498859459438862338
1498859166882054148
1498858914166841344
1498858729135120389
1498858717252657154
1498858541725143042
1498857197622726661
1498855032468512769
1498853326485700609
1498849498751188997
1498847398839394304
1498846547357933576
1498845507753594880
1498844845988794375
1498843305093873665
1498835807825711106
1498827276078788615
1498817429975314432
1498793326132269061
1498471895997505536
1498448976177209351
1498432323645329408
1498400356392480772
1498361157446471687
1498283062362259457
1498028052768567300
1497988117013409792
1497980920397193216
1497979843471810562
1497957194196664322
1497757094396796931
1497687366450008070
1497683934573842433
1497599286711918592
1497333055429779462
1497297775083597828
1497245000630943751
1497234739169738753
1496987050763067393
1496938933283966980
1496856174217601030
1496637586416283651
1496632214930526209
1496622250086350851
1496622249062846469
1496545392841748483
1496532280910782472
1496517709042958339
1496507180731752456
1496273604480147456
1496244576922783747
1496177864441483266
1495901593908260864
1495836559731568644
1495785369308217347
1495760220479537152
1495441833232580610
1495379639262457863
1495098561050120198
1495050545530388489
1494777745536135175
1494756658949541890
1494733456521244674
1494703557030948865
1494431462178885634
1494380504568766472
1494330047481532427
1494313872672628744
1494070459587076097
1494039926932918280
1494016123406360581
1493975702357618690
1493963777615843332
1493706765850054662
1493664824345116678
1493374500305522689
1493330904500129793
1493306866859925504
1493247442556440580
1492885985213964291
1492880139922939907
1492580662649499652
1492559125544411147
1492513833411301382
1492246782897762304
1492220751981785093
1492196754099421186
1492179951172435971
1492164292052979717
1491974016210505730
1491917382176194567
1491847452776878087
1491781501213724675
1491564742837739524
