1534685458571177984
1534633511155642369
1534615939039342592
1534540588862820353
1534319735214686209
1534196404507365377
1534160770002477056
1533904818414264321
1533857301685313537
1533804556240527366
1532813692705841153
1532770614464987136
1532716369451528193
1532440214492397586
1532439697875558400
1532395366649192454
1532395275901292544
1532351514743713792
1532088645162876930
1532039452226363395
1531979117373046784
1531731728741675008
1531691032106061824
1531627293273395205
1531305046675271681
1530265798916317184
1530235457321193473
1530183160486580225
1529555239950491651
1529212287919304712
1529183591074304000
1529126586150277125
1529087650338152448
1528830004381065219
1528782992184942593
1528731746212233216
1528444330796531714
1528046962657751041
1527739030707875841
1527664186343530501
1527639561928691713
1527379534420525056
1527309909628293123
1527257816028913667
1527008591772893188
1526978173321326598
1526924646695809026
1526699347710296064
1526643628868784129
1526615168574181379
1526557437662224384
1526271724890865666
1526240137352462336
1526196869805793280
1525916317290835974
1525913784501645315
1525583216849068032
1525323658473852928
1525191292766015488
1525141551147515911
1525098756793937923
1524857501589684258
1524831446438924302
1524813021092237313
1524794842731188226
1524744104818663424
1524504007317856258
1524445948751065088
1524423030977540097
1524382391283953665
1524159927819849729
1524106990175326210
1524067586316587014
1524014996702826498
1523762206235496448
1523743189341212672
1523697719268761602
1523655145455853568
1523315574343815169
1523015307710779392
1522977558807023621
1522938132659720194
1522650919032299521
1522611564150505480
1522573188001148929
1522320660956991488
1522301624026337280
1522252691971481603
1522215703574499328
1521970534417936387
1521915309279662082
1521874794630762501
1521849268537069569
1521603498114232321
1521569731949572096
1521510793526841345
1521473975464902658
1521314397125111808
1521217010377662465
1521181912466870273
1521121352576552961
1520177085880451072
1520112681318944768
1520067437101821952
1520034030095417344
1519775091118202882
1519756153848320004
1519712373413761030
1519685304910848000
1519646361678979078
1519446995424980997
1519417173671878664
1519393134622425088
1519348647359614976
1519303889815629827
1519031229923790848
1518996481885315078
1518948815495127041
1518674513780744192
1518627443040559104
1518579617791188994
1517925051118592003
1517633344393072641
1517612946611912704
1517583379499212803
1517572695470362624
1517541818136731648
1517519702066614272
1517506482996195328
1517487335444819970
1517218798138494984
1517181048857190402
1517171626306981888
1517132842316218368
1516915459341365250
1516907369699160065
1516893900107137024
1516893855324516352
1516858292349374472
1516814410559500300
1516766829338931215
1516516179506049027
1516511703772635139
1516505658492923908
1516484939176456195
1516452815551574018
1516415292896944131
1516203694353629184
1516146929859809283
1516089829158789120
1516045193744719877
1515522525500825601
1515418353615130628
1515410750101090305
1515373085284728832
1515364393743261704
1515344345066573827
1515134822347325445
1515113085006192641
1515105519496802309
1515100140452917253
1515053092449910785
1515000367507025920
1514961513945210883
1514739778352152612
1514705399085252620
1514683812118204429
1514652106891874307
1514626531699662850
1514598849746124817
1514339676458528773
1514287073779462146
1514236866907811845
1514088136569077761
1514025574251044864
1514009450255855616
1513996631695249410
1513963936013553674
1513963825246220293
1513963751023726592
1513963480478535683
1513944052726747145
1513911202442878980
1513895312456310784
1513883490026246155
1513697753376854017
1513629139114381312
1513608517386653699
1513589862007554052
1513544446385831948
1513509964232413202
1513275138749321217
1512899574964310017
1512620475901489158
1512544155255332875
1512526822726156288
1512452435863822338
1512450031147696132
1512262773865996291
1512202307915689987
1512172040467398663
1512132664786042883
1512120231824707588
1512105671285563393
1512082800463138833
1512046783224074246
1511857532767285251
1511839165125603331
1511778752669302786
1511750833364508685
1511710699604566028
1511710316752621574
1511688925315698690
1511464194608041991
1511441796739469315
1511412483164155906
1511391296635682821
1511331090409172998
1511110509944356865
1511058904377176067
1510977041247739912
1510637497071636485
1510413231570923520
1510335758715994113
1510009106320568325
1509974919148449798
1509958043630546953
1509880761121443842
1509731650846044162
1509642440440963083
1509622056240889869
1509604691457445889
1509563168263090179
1509523407615889408
1509511829784956928
1509290622468898820
1509267013436329986
1509247360072888330
1509185663345868817
1509149945223294977
1509000632048488452
1508927921788014612
1508885767409569792
1508852905377419271
1508848703133691905
1508816163924492288
1508583609267019787
1508575648020942853
1508558800013316098
1508514787789086724
1508455847759917063
1508237951083298816
1508228192791801858
1508090398731821056
1507871744220184579
1507856422393954307
1507839272719683587
1507833654701031427
1507827828187963393
1507826135865958400
1507713224635994116
1507415485545070625
1507367998276964357
1507075733012762626
1507033355459694601
1507013334897348616
1506985850332188681
1506826172948094976
1506730001537937410
1506712368323043333
1506665076887072775
1506622933690904580
1506432120197197824
1506419323782500354
1506358404264038400
1506305452102938625
1506282474686590983
1506256382760300544
1506032654419783683
1506011429937479685
1505991311052079104
1505986814376439808
1504927503034380288
1504923520475795461
1504884701055655941
1504884580511268864
1504852629016375297
1504829513804492809
1504809537747963906
1504539822320459777
1504495548057141254
1504447110934106118
1504214738062000132
1504214732752003077
1504214727316156418
1504214722387849218
1504214717933494279
1504171642120925184
1504136912977600515
1504117371207753729
1504084015820820483
1503860185814769665
1503859319657594881
1503858446579294208
1503857266256396289
1503790398405324800
1503737425863929858
1503728871362945024
1503456411409424391
1503401819929649152
1503367342125813765
1502685599903326213
1502385371719503879
1502355172676169731
1502334033459560456
1502311887475654662
1502288986680688641
1502052176058728453
1502050110649380878
1502016440747978762
1501999328134578176
1501982467762364424
1501978149789257728
1501970978112425984
1501960572706897923
1501955396466057217
1501931631908724737
1501922084636839936
1501787220331704320
1501663153771454469
1501607496628064257
1501568489789673472
1501456928765095941
1501295188232257541
1501246366789554183
1501227271402754048
1501210954842976263
1500925149008310272
1500482156543438848
1500312873981005827
1500303717421109252
1500144534549778433
1500143774009233408
1500116924427952132
1499857213556469761
1499797570066989061
1499791245127811074
1499791180371947524
1499758059840811010
1499513196335538177
1499490043374841859
1499489922402725894
1499450154218307593
1499444165167435779
1499440467175350287
1499399153272508426
1499393155371716613
1499390181836791814
1499142841586655232
1499120105992638469
1499072290964787209
1499036052203335680
1498866040524222464
1498857150717829126
1498856181963673600
1498855322701676549
1498854266890768384
1498850143331917833
1498846791965593606
1498846092506632199
1498843361238822918
1498841295321804801
1498760738126499841
1498727203277877255
1498692308451086338
1498400088342904839
1498385335734218757
1497315213326102530
1497303636795404304
1497279225996394503
1497237547252166657
1497210020416602117
1496984530191892485
1496927407856513024
1496893434434670596
1496882274717024264
1496862228393259009
1496709471661219843
1496696124098297858
1496619881227194368
1496574834779774977
1496546038685085697
1496488767825272832
1496248513734352900
1496246923900030977
1496228562449354752
1496187606161317896
1496170009239994371
1495410667830095874
1495410591938269184
1494798630670139392
1494767425161678855
1494759875364204549
1494674311969271811
1494446309129928714
1494405037354717206
1494362003904860164
1494316453612306434
1494075616509014016
1494073813478387713
1494056424153964551
1494041139279654912
1494037644308885505
1493997351215808528
1493993419320008712
1493954065989967882
1493714487165214725
1493686552920084486
1493641963962306564
1493591426302717955
1493397129502638083
1493355874080882690
1493320138451419137
1493297167628443653
1493273860891820034
1492228676276023298
1492224418591903744
1492203145828708361
1491863939768066052
1491533113649864704
