1534642826918649857
1534591581092814851
1534591578039279618
1534588188538314752
1534275000433225728
1534207286758998018
1534207182299881472
1534206638416183297
1533817077563379713
1532828142397792258
1532827859412197377
1532827840831541251
1532743160677416962
1532743119669710853
1532095428577136641
1532077572523184128
1531958811619106816
1531728183002800134
1531728181618688006
1531707444665233412
1531669106868502530
1531668824088518656
1531640072734375936
1531474136899411970
1529931525046910985
1529556766836629504
1529555466107473921
1529483583899021315
1529234127651844096
1529177468392939525
1528060803575910401
1527624161249697792
1527624158456184835
1527390696986009603
1527390085951406080
1527370581561475072
1527349263310946304
1527322427134332931
1527058492573483008
1527058491021598721
1526940647181193217
1526669622384148482
1526615530651762689
1526598469095391233
1526598412459823104
1526587738971054083
1526587732583190529
1526583495367213059
1526570777356685312
1526529470760370177
1526378802858938369
1526355992426192896
1526354566131884032
1526353955105779713
1526353824872640518
1526353731087917056
1526353501135183873
1526342933775106048
1526323492056088576
1526323490537803776
1526323489015222272
1526323487543001088
1526308722049417219
1526308721051189251
1526308718824108032
1526302467658596358
1526301712507494401
1526235322333507587
1526234918396772354
1526234913762160642
1525502612015140864
1525234187766202368
1524827930890752022
1524827383676686339
1524732990781333504
1524481624561364994
1524481397859233792
1524481376849960960
1524481348953587712
1524432262586155008
1524405538834075649
1524405525479411713
1524405505657081856
1524399783812767747
1524216190134112256
1523783620321755137
1523732439553933312
1523128050426077184
1522969787386769408
1522750311324028928
1522680285745324034
1522679856772878336
1522641323639156736
1522555716581613569
1522555602412654597
1522552997573758984
1522406117002952704
1521962090197655553
1521901859581083650
1521901857349767172
1521553707065827330
1521553704645767168
1521508519119310850
1521508043187437574
1521232682939731968
1521229037284184064
1521169243164880898
1521159247739949062
1519862834993283073
1519862815829508096
1519807215313604608
1519799423383003138
1519439034484940801
1519424047012007937
1519423299067031554
1519423275004305409
1519423144464900098
1519362262389207041
1519362192017174528
1519334373409103872
1519036644795551744
1518699559060447232
1518676494549147648
1517576987451269120
1517576665546772480
1517484917206233088
1517111315164241921
1516875608688578564
1516854072862822401
1516822731437875214
1516432914187182082
1515663112162136070
1515141173127659524
1514676112332365831
1514676110470131719
1514347046492327941
1514272472807452679
1514272460979453963
1513945544799842305
1513886550811152387
1513886399992315904
1513625992086138882
1513590715238031368
1513582699906322432
1513547475843526656
1513538924844654594
1512489688900243464
1512489687088308227
1512207844589903872
1512165773988573202
1512165770884796425
1512153229559279620
1512153228091310090
1512153226346479618
1512134756095475714
1512100399100018692
1512100395035906055
1512096956549672960
1511815416825405455
1511815414761803778
1511806986102394892
1511738501934587904
1511737231899246597
1511462432752947203
1511434518527414273
1511082177177522178
1510314820280725512
1509960615753883651
1509943351742767104
1509893369153024005
1509657549775282183
1509647156608700416
1509647154989707269
1509632166564614156
1509632164350074880
1509579022534995970
1509234502350086144
1508954411430731778
1508798953738887175
1508797744600817670
1508777994260652039
1508539499088949255
1508498233215131654
1506651710512631809
1506389002571505666
1506363301491613697
1506019276502749185
1504942092128292866
1504942087913025544
1504621285128683522
1504621197220270089
1504559210578817033
1504183030109425667
1504157012078305287
1503878341304233988
1503878201545740304
1503846930169970688
1503842512414429190
1503811322491854852
1503810879049150464
1503810877220343809
1503511643992567808
1503511641505374211
1503509502091476992
1503437464291414016
1503434284996206597
1503407869106036737
1502456691752902659
1502325613251772423
1502325611997679625
1502325609560780809
1501691478384734214
1501374011837665283
1501283969815486471
1501277842121936910
1500986135803269129
1500986134599544835
1500986133135638528
1499513223724339204
1499156344854630400
1499118180626796544
1499102741960011777
1499089837923737610
1499089836862578689
1499070599800541186
1498787110781861893
1498403779149975565
1498383299710005258
1498383297277267978
1498383294693523465
1498383290444795916
1497369324218109953
1497369322104274944
1497014823820877833
1496148655144902659
1494032870259761154
1494032245933363207
1494032241437155336
1493570286842617860
1493358139026067458
1493310837762703364
1493310836701605894
1493310834826792964
1493277579767341057
1493277578681106434
1493277576953044996
1491847286590259200
