1534658528337661952
1534597469690073090
1534555194641596418
1534236805377183745
1534186217956311040
1533832821667778560
1533493350954852352
1533207467441590273
1533160043801202689
1533086419333300224
1532794391877804033
1532729202490875909
1532510933171437573
1532422795870851072
1532417642354589697
1532396641176760321
1532383488762073089
1532357713967054848
1532157172863356929
1532157170346868738
1532098234042171399
1532039155148115971
1531999285004447744
1531813920561844226
1531755821742411776
1531293785480634368
1531112767385649153
1531042789781299201
1530257289927610370
1530246902716981248
1529897125533954055
1529577397279936512
1529478219929473030
1529221055361032192
1529143525442473986
1528736731004010498
1528455848682569728
1528093947892989954
1528069214023876608
1528056458809593856
1528033566340390912
1527801363668819968
1527781673584164865
1527690508402839554
1527658583487401984
1527436824460902401
1527357168894169095
1527335783920975872
1527335736605036549
1527288673368125447
1527097697353666560
1526992507317493760
1526932884707328000
1526660623236583425
1526621264059703307
1526576153686835201
1526324530792341506
1526243435556085760
1526216165600657408
1526200363900084225
1526004267856846849
1525940526045970432
1525593354939023360
1525218943409000450
1525112397396156417
1524854933434015744
1524816123530821632
1524768544541622272
1524462966103543809
1524431376757542913
1524390539096997888
1524123978712948740
1524040378994806784
1524025291387113475
1523689680788942849
1523670387099578369
1523463432623706113
1523297213673197568
1522986129728888833
1522604627769835520
1522572495387250689
1522366113618796546
1522340685269155842
1522282097603452931
1522273369785262086
1522220794125946880
1522208633198727173
1521963180741861381
1521929570756214785
1521906617217859586
1521874634781892615
1521839482387017729
1521600348451966976
1521566575375130626
1521307200467181570
1521226539777630208
1521148607268802562
1521130693732052992
1520916082457985024
1520539406276476930
1520402182385848320
1520146271511760896
1520093579359793155
1520055862848544772
1519806240226000897
1519773347860688900
1519742871775191045
1519717410818961410
1519680453187358722
1519421001641213957
1519378571239825408
1519330310705623041
1519044446263910401
1518963420892119040
1518956369507926017
1518765948316094464
1518663722285379584
1518618206306541569
1518374729559719939
1518222728150593536
1517942883969495041
1517869350371344384
1517594307536080898
1517567469216542720
1517567468017000450
1517567466658045958
1517534936500219905
1517531779137159171
1517513985297428480
1517491759307186177
1517288069216579585
1517257811100585988
1517242723182559232
1517206429018558465
1517147649740222466
1516927946350604295
1516910078686904321
1516885239351685122
1516841159305351170
1516814821945233416
1516774706719903757
1516458463836180486
1516202918910771201
1516157872228364288
1516087911644483585
1516065572743692289
1515727775029764098
1515497189954445319
1515412460647469062
1515389430831460358
1515321108471365641
1515078630585552896
1515040802216587266
1515004048633696264
1514973262689837056
1514756140566986758
1514677975773495304
1514667661145346050
1514638952761679875
1514593056959442944
1514361120735305730
1514320247700004864
1514269403344523267
1514238514795266057
1514047778917433351
1514025823531159557
1513998082316378112
1513988452131422214
1513965319840276482
1513935569994371074
1513894762948046862
1513877983567749125
1513636528936955905
1513591835276554240
1513542861840605184
1513532444452036616
1513509055490400258
1513265738915659784
1513195051442216961
1512893681405153288
1512865375351934976
1512832593594621967
1512819511233232896
1512495763858894856
1512465940113498117
1512217407535779841
1512164426287300615
1512132018640928775
1512117876542562307
1512006871724568580
1511855522860998660
1511836244791148556
1511812477465645058
1511764770004811787
1511734966115315716
1511724086396915716
1511699378905489413
1511477028855369731
1511456341868658689
1511427647527600132
1511379029147979778
1511355642216431619
1511098647609589762
1511075556087013384
1511051258794328069
1510974934897602566
1510620132787245059
1510252654693392393
1510030245977542660
1509983872611667971
1509938855889489920
1509887749150625793
1509674910792273920
1509653415869267968
1509621325131927563
1509597891941314560
1509562642834329612
1509537964703031301
1509275403583643658
1509243240494637063
1509203479432241163
1509184458100023304
1509158212070744074
1508953386749767680
1508908690337849358
1508891549253439498
1508883568428298245
1508869631632629766
1508842417851674630
1508811082051293187
1508590788078456833
1508560302828400641
1508533584575053833
1508514721883897873
1508513283359313927
1508482769348968458
1508447905593671687
1508151903322058758
1507850156535918605
1507781738315014150
1507712967139332098
1507434887455903752
1507434884771557376
1507070608462467072
1507070605769814021
1507033591573790732
1507033581457133573
1507033574456844298
1506734014509506565
1506392791353630721
1506392780926504960
1506392773754298375
1506392743811112981
1506029863140048896
1505899245269917704
1505899240484130817
1505899233047724033
1505899231638437888
1505899230187163653
1504933731123048453
1504898972330205194
1504874752552361990
1504840510808145926
1504807832939601933
1504584218856333312
1504543703679049734
1504503808939995142
1504477454705995791
1504453221808586752
1504453220244013059
1504194202737029120
1504137799729127427
1504112687231426566
1504079916542963717
1503897316377436162
1503853487247048715
1503853478258556944
1503829967947272192
1503805026153766921
1503788309205639171
1503726200417619969
1503466495686451201
1503434795203891203
1503402832480903168
1503373113274376194
1503009484083408903
1502803816621748226
1502773428436279300
1502748581266087936
1502711772322488320
1502657917597597697
1502405172579999753
1502376088651108359
1502324990238240768
1502295853742051337
1502079606978924545
1502053503585468419
1502022937494573056
1501992768008331265
1501968710013173763
1501947056767705094
1501757573204172804
1501683303207870464
1501675447133818881
1501662363694645254
1501619452583940096
1501601326035308552
1501575921341509642
1501367743706279938
1501327398649872384
1501305934240436225
1501278799085944836
1501246373957668864
1500989279836717062
1500962891410849792
1500935294358638600
1500892353602670592
1500854559597596675
1500638108701937665
1500589790076424196
1500529140482686985
1500487617728724999
1500199299992461314
1500142037420720137
1500114911187374081
1499913041449824263
1499866664812351488
1499861375451119616
1499859300180758530
1499838389067161609
1499806216922484744
1499778204927676419
1499765411302236162
1499551279349215258
1499538704095920128
1499521855652343816
1499484089426006021
1499434104458293248
1499401708211826692
1499158405491138566
1499123717707870216
1499106821394550796
1499088354494799876
1499085176634331137
1499042331214950407
1498859904727195651
1498859903225581575
1498859901535277067
1498859109462036484
1498857224269144064
1498856358275395584
1498855588817776644
1498852037517262856
1498848367358656517
1498837976918499331
1498791332235689988
1498703067436531712
1498472337611669509
1498448018131017730
1498417412345061377
1498389325800693760
1498358550992666625
1498075395584892929
1497984429620441093
1497329984142143490
1497310258619990023
1497262613171998726
1497228030657409030
1497015013579571206
1496967651784069120
1496883599731093504
1496828336303128579
1496823592151138317
1496823590888607756
1496646274086576134
1496600635285942283
1496576605677830146
1496545422864748547
1496529107168935949
1496496441337995266
1496494893862166531
1496494820017291264
1496236422872903682
1496179983236182022
1496147692266872847
1496132171471495170
1495884032688730123
1495841075050778625
1495775820387962882
1495500995656364035
1495435074388606977
1495053560626614278
1494757612557987842
1494736788618977282
1494720753975103488
1494689435748868114
1494437765467025411
1494402769003888641
1494402764658589699
1494353208654839808
1494340899454664706
1494323471299465218
1494098769062739973
1494074125354209283
1494021252763176960
1493984104928456705
1493958666768240644
1493722745812787201
1493697827326808064
1493660942625824768
1493636583282679811
1493625180144476171
1493603155510181897
1493376006714920961
1493335361539424261
1493307039732408330
1493270783556296709
1493235869460963335
1493003498291613700
1492933184660643844
1492894186726645764
1492584771666468866
1492541314952572929
1492504181277605889
1492297577571790848
1492233382981480449
1492209695309901826
1492160641255227395
1492151525044592640
1491903851250733062
1491870504487161856
1491846169005338627
1491814119036575750
1491800626447077380
1491550929421848577
