1534677653554352129
1534653990859857931
1534640248977870849
1534301050756386816
1534211612269334535
1534204697409638401
1534175797837283328
1533961364267573249
1533919471638876161
1533862561615077376
1533602758615613441
1533541046772289540
1533177535131009026
1532799644891217926
1532764169128255490
1532548869707268096
1532472354898599957
1532146955383476225
1531753814381846529
1531710297739698176
1531391920701775872
1531348521076436992
1531328695532593152
1531290263779299344
1531127244734681088
1530970882721857536
1530693761147101184
1530566138001649664
1530344891452076032
1530212528554483713
1529972134923055104
1529929262441955328
1529868869673750534
1529214861892272132
1529167245519233030
1528900801325846530
1528845251305152515
1528817717272248321
1528765172910784516
1528762639874199553
1528469929791479810
1528052992120967169
1527792957184786434
1527762628092866561
1527683283999391744
1527481481043517450
1527454181946281998
1527440132894253074
1527411043869282313
1527382930187862016
1527331339501940738
1527107452591824897
1527107451300061184
1527051182740492291
1527033050227417091
1526993241547190274
1526977920509562890
1526967388163518464
1526943792988925954
1526930708249329665
1526725556552744960
1526655351654957062
1526607722967404544
1526364426449915905
1526338500865536000
1526302692716466179
1526293676179214337
1526243935693246465
1525945187356262400
1525537623892189186
1525227600175677445
1525123343157952512
1524940584640716812
1524876958827528200
1524848262473187328
1524837916677132295
1524815614811963393
1524800414591352834
1524566806727385088
1524475622348763138
1524459856383590400
1524080889541677056
1524052057933631488
1523835136218914824
1523802091659083776
1523480937626931200
1523446482619482112
1523045066310406147
1523014728833851392
1522757541893132290
1522693534780133376
1522692254074347520
1522630310613196800
1522413534264631297
1522384483479175168
1522331216967606275
1522012117628555265
1521975590110306307
1521937842326417411
1521894719047061504
1521689059357339648
1521577963543838721
1521315353552465920
1521301738023702536
1521275459018842115
1521237146631299073
1521233280569389058
1521167146126127105
1520956652073422848
1520560953221386250
1520468988920270856
1520206814318637056
1520156877912424448
1520156875010019328
1520156871843360769
1520156869393883137
1520156866915012609
1520156864461389825
1520156861680467969
1520156858631270405
1519827564646354944
1519798855998525441
1519762220615352327
1519689211686932483
1519686973744689152
1519493398490759168
1519414846151966727
1519402095115444225
1519396731728846850
1519377686971527172
1519376753424322561
1519363456176201729
1519119468684795905
1519093456056037381
1519067075356114944
1519062231736016900
1518960045374926848
1518758901562363904
1518706509219311616
1517932057497808896
1517660142107430912
1517609974519631872
1517581556184862721
1517555700280475649
1517543957294505984
1517320692336762880
1517256615107432448
1517230331778150402
1516973821710028800
1516846445827088385
1516810978645749768
1516600302379671552
1516578314449784843
1516545446793162753
1516511884165492740
1516490641613758471
1516446089020379140
1516436802734854144
1516243637218291718
1516210248528412674
1516164857711808519
1515706963144941569
1515426436378628096
1515155077316685837
1515140750866006019
1515063394604228614
1515023155361824769
1514762919589818432
1514690473008402443
1514672501762142208
1514658823583195136
1514639825957052421
1514432748441808899
1514398649312239616
1514398647789793288
1514395526548099073
1514355087476469761
1514047766581977090
1513982891541385224
1513928668636139527
1513684882018512900
1513676687812218884
1513605354785058826
1513580793976786944
1513329478524620801
1513259892903133190
1512557300032196610
1512512029394976771
1512500303215669253
1512471553258229765
1512446239144558599
1512417940683071490
1512252548404719617
1512232503674908673
1512183621767028741
1512183620311695364
1512183618969477135
1512183617639923723
1512183616264097799
1512183614620016648
1512174461591691264
1512132945640890381
1512076576438902792
1511785423936364544
1511738324762996749
1511538125390200836
1511506195651170315
1511483620162256902
1511469237558206467
1511469180121407488
1511440435054530570
1511422295511900171
1511416969429401602
1511403287895023624
1511401795242897419
1511343704862343182
1511157872847171587
1511112256255320066
1511032655072182281
1510047609192435715
1509937659602427921
1509703494437064705
1509660557510651907
1509631459849646082
1509623411219251207
1509584614184083464
1509544656954085379
1509535294755852292
1509351848494436360
1509302311818039298
1509283374833225730
1509272595803348994
1509249007368998914
1509187469081731072
1508967687908638725
1508932893237780482
1508918085734080522
1508878874037342210
1508821174750519300
1508617757830615041
1508592917123899392
1508584597918990342
1508563800173457408
1508505350072410116
1508452392131563520
1508168388383842313
1507854600606474252
1507852478775181316
1507797163857924108
1507549882130878464
1507471061918625792
1507431770962251788
1507415270616625152
1507180953856262146
1507162847125590024
1507146132035678209
1507145647564242953
1507143897511825423
1507109185695240199
1507053976453324801
1507029263635161089
1507028791490760720
1507028421423026181
1507028026797793294
1507027660425289728
1507027535246372872
1507020566494076932
1506816129771188226
1506786300338311169
1506777782365339655
1506750586657685507
1506750561944838147
1506747694714433545
1506747009629409291
1506710354302320659
1506681184474046468
1506680496268492806
1506661295055118349
1506447515360665604
1506428294593454088
1506374426522181636
1506351435616854020
1506299851524513800
1506099466453012484
1506027688959655954
1505995556228894731
1505956085374595076
1505928707738935296
1505719317563940866
1505666548563816450
1505579292645806083
1505311164527489029
1505222922905997312
1504948317297561601
1504929434553487363
1504915287245787140
1504903680801357830
1504829626585133056
1504256058784632834
1504196293681463303
1504173060710150144
1504158468529430534
1504138354090295298
1504131179154493441
1504111375144132611
1503905609393057798
1503888285202104320
1503850598566965258
1503841548508844035
1503828816472510473
1503816054660902912
1503809973633138693
1503808888822546442
1503725643086942220
1503561096124370944
1503528707147075584
1503488766169788416
1503472476289912838
1503141287863603200
1503072193319604226
1502797487702085633
1502757483982598151
1502680027116326913
1502460302528557063
1502387782475522052
1502346749121286146
1502023439321763844
1501783826779062275
1501760882279342086
1501760881461497859
1501760880635265029
1501760879599263749
1501670963783602181
1501578921728434178
1501570405303308288
1501391455893561345
1501372850581782528
1501360637485666307
1501338553913126918
1501316732950130698
1501290677078003718
1501251995960852486
1501235201724325894
1501208277635543045
1501029709894897665
1500970981413818371
1500939158034030599
1500911261701320714
1500859464148213760
1500651707524603911
1500547003226464266
1500183909509832706
1499919811824046083
1499899079370883073
1499872922156085258
1499821661612396552
1499544742450929666
1499481759397863424
1499454540919328779
1499415780924051456
1499410662417518592
1499228891944210435
1499196377867370498
1499156633276096512
1499119869702422532
1499088779637895178
1498879526314594307
1498869354452201477
1498859254379384834
1498859252655529984
1498858063306145805
1498856587548581890
1498851795514400776
1498848133148725251
1498847157486559232
1498839952561520640
1498813593525104640
1498792411757268995
1498770557738831872
1498750872930631683
1498477313503203333
1498449892917792778
1498427178383458310
1498406805814185987
1498377665102897160
1498353173815341059
1498325059357786113
1498319766771191815
1498124937386733575
1498065161684410373
1497989368937684994
1497663248904110090
1497385997692190720
1497345477435666434
1496989782249193474
1496893213667377154
1496640591442104329
1496599889970618377
1496579751607250948
1496572600713199618
1496352135486783488
1496320782405881858
1496246156300795904
1496235474146451459
1496222706504720386
1496222668181364738
1496160180999970824
1495924331741945860
1495837822032527361
1495556330404335620
1495482366051160065
1495147756511539201
1495068158482391046
1494819424796299267
1494757621370433541
1494733190614896641
1494415267518156806
1494305850806222851
1494023748038627333
1493382865945563139
1493345980611244032
1493318949143994372
1493275889555185669
1492998322730278918
1492627691597668371
1492598910547857410
1492583667721543684
1492546047494832138
1492314618873720832
1492296813369507840
1492296585140654080
1492278435795898373
1492269663383863302
1492252090105843715
1492184813855518722
1491982550629339161
1491941506739060738
1491928777726824449
1491896331593564162
1491875842028445701
1491875515979939843
1491848562703011840
1491616023849717761
1491556684271136769
1491539031074689031
