1534611961752834053
1533793075616620546
1533195200385916933
1533170540298620929
1533109931343224833
1532758194933714944
1532424257959079938
1532079034771058689
1531373597977108482
1529939840950603776
1528731753749389313
1527670665192656896
1527436935333134351
1527436794903642112
1527392039377174528
1527391969437155329
1526557846841839617
1526284078709891073
1524508285621178369
1521513529089695745
1521513465273270274
1521513407475859457
1521222207552335873
1521154880110571524
1519741958641664001
1519687572905152512
1518994367402369027
1516900237599645698
1516174504787066885
1515724496262553602
1515056295405047810
1515037992989077506
1515029096195137541
1514700033152720898
1514699950835314695
1514008988727357441
1513523372981903369
1512195676259725312
1511840180453449731
1511838499829387267
1509987145951363081
1509638263929249793
1509637959380840448
1509606831378812931
1509299120686649351
1509298969310081026
1509298887835758598
1509279129010675712
1509169336526811145
1508932261319741444
1508932166318755843
1508932110127702025
1508932054012108803
1508809198049669135
1508499346886647814
1508492301097926656
1507724717985185792
1507395493227339794
1507349973976993792
1507148311047905282
1507115087856693258
1505999717016256516
1504849539634810880
1504800787578462210
1504454672077238282
1504102135461560330
1504087884302893058
1503793651473784837
1503749920569892868
1503446435685142538
1502399665744064528
1502255215348793346
1501895030587412482
1501895028561616898
1501894997309808643
1501894996059951115
1499784987633229824
1499784986299412481
1499784830564843524
1499469516362981377
1499469515289210894
1499469514110640134
1499469506808360965
1499033771437342721
1499033767553417216
1498878335081922567
1498824095697412100
1498418928640577537
1498325162827169794
1497333409416368133
1496623890830929921
1493713770274721792
1493576578441392128
1493370084563238914
1492233821206597632
1491886595905048576
1491877467254145029
