1534660382018748417
1534558668661960705
1534558666833244162
1534538522266320897
1534232517531910146
1534211632770981888
1532107518729674761
1532107514396954633
1531298756263612418
1529279731891417088
1527377853905440768
1527377847714598929
1527344275645939715
1527268194100121603
1526635579290619905
1526625482145423361
1526589356957384704
1525180892154576896
1525133211415764993
1525119996694827008
1524806683934990336
1524756239372201986
1524754075681796098
1524457222822141954
1524434652571873280
1524161392311422979
1524142680959242240
1524057041895149569
1524056962723422210
1524051815096066050
1523691228289986560
1522675691870949376
1522674661531824129
1522647915646562304
1522640216267317249
1522298859560574978
1521926359102152705
1521520203741507585
1521184574432231426
1520091922362208258
1520070605088899072
1519722823912243206
1519702451955322880
1519702352768421889
1519668088685355014
1519446156954243076
1519438904222437378
1519323022934646785
1519072901596594179
1519040667770822656
1519040589513248771
1518995741737431041
1517592265388085250
1516837824129081356
1516533431630508035
1515699879519084544
1514974271369527301
1514632536936304646
1514632535602610176
1513611455408582657
1511819181003616258
1511712019296182283
1511701457187311629
1511689444335800335
1511110031412023296
1511089943610810374
1511086824248291330
1510972506836025352
1510972505883820034
1509906733287813155
1509633827236458501
1508816684756475921
1508477214395879437
1507406234969939975
1507406233485164554
1506352911655313429
1506343257973870596
1505175067998793729
1504493088210837505
1504447373619208200
1504439505151041541
1504148668076724230
1504148666642280448
1504148665203675141
1504103741582106630
1502419134889578496
1502371514502598658
1502370894072754185
1502324389202825223
1502313203732291592
1502008948987211779
1501683576361865224
1501592940896034821
1501333494085083140
1501287938268741638
1501228911589355520
1501224284018126859
1501207276216102918
1501202919349235716
1500938136989454345
1499537713053192192
1499418145634856968
1499146835767738370
1499143328092336142
1499056161127022593
1499046583907799044
1498995027896324103
1498875958064988163
1498875640002625537
1498748628709650436
1498681881977663494
1496888696964096001
1494718968287928333
1494401049699966986
1494356718473695237
1494144996878000134
1494097414671769604
1494025613971238913
1493992558254563340
1493992555964518418
1493986093598969860
1493975836894146561
1493964815928336392
1493964618968051717
1493398110973972482
1493372976535941124
1492235758081617926
1492235669745319936
1492182190293229573
1491821876573880320
1491792076647776257
