1534649575037804544
1534245408339382272
1533915834007044096
1533911633499721729
1533898403029176320
1533888200627957763
1533470807074258953
1533129390153924610
1532820094585298945
1532793198854160387
1532790612658900992
1532752850710929410
1532739166257270784
1532474377903693828
1532400566302826507
1532391182956908545
1532381194196860931
1532375139073019904
1532115660582551553
1532097192235778049
1532069537935683585
1532066644150784001
1531720376442572807
1531663732383879168
1531279020029009922
1530994020993966082
1530917183127228417
1530600802062155779
1530581846223900673
1530214373406515203
1530196762245341184
1529930412688130051
1529896828145217548
1529892729932722186
1529887774635184129
1529863866779373574
1529852733502758912
1529541825677119490
1529207743390826498
1529201208061214722
1529178470055567362
1529170956278808576
1529125206429663238
1529108137248444417
1528833500517900288
1528823278202146817
1528790162066620417
1528494581070843905
1528398226902204416
1528102508253569025
1527753338716053509
1527737555013206017
1527696301755969536
1527401756296105988
1527385668703244304
1527357378403848192
1527303506872283138
1527035360475328515
1527025327700168705
1527003792809594882
1526965007610675200
1526962611098636290
1526709309769383942
1526641857668718595
1526621383480029184
1526588795168215040
1526567604176969730
1526395384385482753
1526309686135468035
1526284065174855682
1526265253037846532
1525906604985655296
1525849535955849221
1525646015465914369
1525548569805176835
1525503151926804485
1525224416086568962
1525144940971442177
1524882804978376714
1524833634234015744
1524833630299820033
1524797709575675907
1524775748191633408
1524498152413442048
1524498151310249984
1524498149884243968
1524479256104996865
1524440335430172674
1524143919759601665
1524103048800391168
1524070515874410496
1523760754473639937
1523731317770186752
1523729624890368000
1523714366670917632
1523689736300208128
1523662123884113920
1523380636412948480
1523010912231251968
1522961886706233346
1522682674112049155
1522633311029452801
1522609093558611968
1522606806203351042
1522596922137133056
1522316932875231238
1522306134853435392
1522289194890145793
1522268233474224130
1521937644460068864
1521922359367815170
1521897347403427847
1521884002239619074
1521877066265812995
1521875544475942916
1521595554324693001
1521587255755825155
1521583689720897539
1521576574419714049
1521572369365716994
1521563230811967493
1521512956860592128
1521511668798349312
1521506680802054150
1521334971440451585
1521324417514680320
1521226122901532677
1521214610073870342
1520806989177229312
1520460516354932737
1520437879612260358
1520135507711348737
1520100844741484545
1520095507175157760
1520067820016619520
1520050695986163712
1519861198099038212
1519781992807682049
1519773340990418952
1519641228144427008
1519427027476041728
1519426639024865283
1519388361894637569
1519341935047200769
1519341811411689474
1519032223202217985
1518673594070540291
1518648193357070337
1518602903354847233
1518264113180385282
1517980013076832262
1517980011705290752
1517898995431055361
1517630070839468032
1517564603223445505
1517534093839319044
1517532717365268482
1517231049805385728
1517200108206575617
1517171725154324480
1516860990662529033
1516544099205230597
1516542309592088577
1516167980257787904
1516111062898290690
1515721641753468931
1515352711277035525
1515116279270723587
1514982612628127761
1514657965894156295
1514308441791250442
1513887966791356422
1513615360716689416
1513199710735110151
1512805946942267395
1512551462714363907
1512498763767689224
1512173355230801928
1512153871300321290
1512143183320334343
1512121865086640140
1512106396992557068
1512094767085203462
1511795699033198592
1511772168874516481
1511725526788022287
1511515547548200961
1511435069872816136
1511428447498911746
1511425551948464128
1511386633685417995
1511038935329386498
1511022502834806787
1510271583184695302
1509635866028912645
1509622257441816583
1509598688259289096
1509557281796595714
1509529055594381315
1509285334483406853
1509253470586613763
1509234220035715074
1508869591245758465
1508510608018362369
1508157882113708033
1507790189493686278
1507512262449377282
1507463702806777860
1507406966477537291
1507390462952419331
1507385937277427718
1507136736819912709
1507046409895395332
1507034610257084421
1506722673195372566
1506720122077167616
1506703174178066528
1506636703599149061
1506389939847639042
1506371408074526732
1506340631299465221
1506330748097286152
1506312789392080896
1506299077142663176
1506274286717358083
1506032156765741058
1506007567851528204
1506002027368886277
1505688948902961152
1505563178381582342
1505254313744023558
1504925004290535429
1504924491360649226
1504884251648577536
1504831435286396946
1504557586800119815
1504552877460762625
1504465528039088129
1504453092825305092
1504258897200259075
1504246891881631744
1504208145681465346
1504157587251544065
1504145281843036163
1503907989878681600
1503853572747841545
1503832593556508673
1503796069494308864
1503794161404846096
1503794159005675527
1503790481339301894
1503491083724017669
1503466411947180036
1503157936469811205
1503048617573203968
1503048551198253066
1502753644034281473
1502676068829904896
1502412283233898499
1502412278804762635
1502412272802873344
1502112988941238272
1502048775396810753
1501786323723730944
1501765702646128641
1501687371980767232
1501676145376477184
1501587982498869265
1501567275731763202
1501299150293508101
1501258566841233415
1500911707287339008
1500589300668321794
1500112216871391244
1499822203449360387
1499817152664289287
1499520098616414212
1499504629436104708
1499489188055601165
1499477490544394248
1499457370337988615
1499188080670093319
1499064371896627209
1498876490166976513
1498759044810645515
1498712903914078208
1498701185972322305
1498426395453763587
1498362257914355715
1497995414670397446
1497654778024894464
1497331758248824833
1497295567994728449
1497295565943672836
1497237955768819712
1497236422545358850
1497231722529837058
1496981710063427589
1496978988077514752
1496972073805168648
1496968598774034435
1496968597440241670
1496948042972504066
1496930220493860866
1496924201441185795
1496619113141178376
1496605162244345862
1496276937664253955
1496267797617381376
1496260544063541248
1496159456723357698
1495862353686155280
1495787619946536969
1495418129106800642
1495115994955714562
1494748436012408834
1494670013994786816
1494414643447701510
1494385097524617219
1494353855282401292
1494337962900746240
1494064614895673353
1494060003635965958
1494029610174058497
1494025926404939782
1493988502308012044
1493694532017438723
1493658935697498112
1493380263539363848
1493357457648898051
1493336523789512709
1493307931596570624
1493300274152230918
1492914088061640705
1492593457940078596
1492593456186806287
1492514673123643393
1492236769236029446
1492200582408544256
1491837043504291847
