1534649271181516800
1534630761592242179
1534622526877450240
1534622497009807362
1534617370353860608
1534603667575296001
1534588569834205186
1534573468288552962
1534543275960545281
1534300149471662081
1534285583660498945
1534277108654022665
1534257995407888384
1534218633181904897
1534217231885901824
1534204228155088896
1534177148990369794
1534177129906184192
1534177079859761154
1534173673015369730
1533910262067212289
1533845329161998337
1533567512754929664
1533508957259431936
1533478760875380736
1533448558740852736
1533146565258379265
1533116370736406529
1533086174524284928
1532823327009607683
1532769078590418944
1532757927135698950
1532757911235076097
1532492057381568513
1532482188645519360
1532451990843756545
1532432865295749125
1532426927813926913
1532364976454881280
1532133002301652993
1532094491158630401
1532094260991905792
1532089601346650114
1532068552945311744
1532059411212115974
1532029734154027010
1532029678080471042
1532029654487416835
1532018928813318146
1531787617179537410
1531697015859474432
1531666823212564481
1531636624647405569
1531368609464864768
1531364828094210048
1531334633475805184
1531304435670032390
1531274233912827907
1531096673933459457
1531042476043141120
1531002440325091328
1530972238232670210
1530942045656842241
1530911846227537920
1530640052363091971
1530612758701539329
1530609851184848897
1530579651910807552
1530549459897053189
1530319993862234114
1530257254074793984
1529900175778402305
1529891144968155136
1529891066333343754
1529860044547825669
1529841514112770049
1529642107174100993
1529642106112856064
1529642104682696705
1529642103386546179
1529551725014794240
1529522689248927744
1529175612769845248
1529153348435423237
1529130113303863298
1528881770925547520
1528750009310748673
1528737516895055875
1528513350019256326
1528465721792991233
1528435526931517441
1528405328907235330
1528375127070711808
1528103336607682564
1528073140101783552
1528042943201820673
1528012739980951558
1527826658509606912
1527756200921772037
1527711115827888131
1527704906999660550
1527379868916142080
1527303136993374210
1527296779389108224
1527041007614926848
1527001077333229568
1526970874590646272
1526965361542942721
1526959015238025218
1526685576510025734
1526674927662817281
1526321827043237890
1526200798194962432
1525929012249370625
1525898809166811138
1525868618667413504
1525838410182803457
1525536422127472640
1525521714280648706
1525506228008300544
1525213568332976130
1525158943625969664
1524889466002984980
1524864713900933155
1524818608467152897
1524745543385296896
1524745442722029569
1524565779252920326
1524524634632298501
1524524598552846337
1524505865834881024
1524474229256826880
1524474157693607937
1524470253262188544
1524469993613799430
1524461948527591431
1524458991438503943
1524458412909731840
1524455462967644161
1524453275994628098
1524453241001496576
1524421719091560448
1524206614953316354
1524126110367236097
1524122383807913984
1524117071805784065
1524086869645938689
1524056674704580609
1523679197398544385
1523400484639313921
1523397331596365824
1523392292890890240
1523362097228181504
1523332053336395776
1523332052342521858
1523332051260248064
1523332050169778176
1523301705043132418
1523059812707487744
1523029905159688192
1522999707575853058
1522998379722293249
1522969505638481920
1522939307622862849
1522682617098776576
1522659968708665344
1522637318552698880
1522607131676930048
1522372460875821058
1522335329964933122
1522317573618028544
1522304747423866887
1522295459464810501
1522276093717368832
1522246359243534336
1522235266316083201
1521988042872950784
1521987434736717825
1521983814511337472
1521971956249202688
1521950132878680072
1521876674891112450
1521621175499120643
1521599283031642113
1521599246855962624
1521582935438241793
1521504417069023244
1521329244617457665
1521252014826700801
1521251898703106051
1521225337316782082
1521172673581125632
1521127367892078594
1520915982432223235
1520865810025172997
1520855579815821312
1520831467865133059
1520825383863549953
1520795181229821953
1520764985428701184
1520523390053797889
1520493190872244227
1520462990910246912
1520441018235170822
1520417520691392513
1520191206960996358
1520185895525269505
1520185777547878400
1520128327322935304
1519833520688017409
1519813711250272256
1519799340478472202
1519799312053858304
1519773060362309632
1519767224130715648
1519766227262050305
1519713662415609858
1519692918918770688
1519482078743642112
1519454069135392769
1519392142241767424
1519300482384158722
1519075825668308992
1519028546466942977
1519024240871321600
1518726549364789248
1518711448251207680
1518604583706181633
1518392326195982342
1518365970460520456
1518349063053144065
1518318863070416901
1518288669886529536
1518280852844814336
1518273564738084864
1518266615674118145
1518266532522074112
1518016178123329536
1517956475905200129
1517926278262886400
1517898037724651522
1517604348011950080
1517518542635163648
1517283116884410371
1517231701058932736
1517201503445864448
1517171304218214400
1517145533596323840
1516918317721792513
1516904217704812545
1516903965971169280
1516854021105016834
1516537128498319361
1516144536744960002
1516114341589704706
1516084136204775432
1516053947701555205
1515751949357912066
1515721749475823627
1515691556170256385
1515434862991138816
1515404659069882368
1515374468323057664
1515087570513842176
1515072473007472642
1515057377300545539
1515042273679097864
1515016484552073224
1514996974755344395
1514715358170693640
1514684191807619072
1514664944192602114
1514608931686936591
1514314761550315522
1514314736413954051
1514283391004430344
1514226992241164288
1514013824885608456
1513940010218700806
1513910479877554185
1513875437864333313
1513607825531891712
1513235821469609989
1513215239516418048
1513185039579815939
1513154834261757957
1512913244377296900
1512883049104490499
1512852847481659398
1512526485302743040
1512526403450855428
1512505190531936261
1512461128995061762
1512460998241923082
1512460895271755781
1512460784131051527
1512216114939506692
1512216078147272705
1512216007401787402
1512215896466628611
1512203566521409543
1512145678016950288
1512145638988857350
1512145593707245576
1512135998414766081
1512088105305600000
1511759205795082240
1511720165133766659
1511411254191140864
1511131505862402050
1511116402848985089
1511101310950678536
1510708720178802693
1510663421636739075
1510618128060805132
1510346329985331208
1510306034065235974
1510301038758313985
1510255737469124610
1510018431050993680
1510018402269679624
1510005561609408514
1510005537043271680
1509999101991079937
1509943279034552334
1509659673980514304
1509639089242480642
1509621554686091266
1509617094370934787
1509556611093782537
1509555063194365952
1509539280607137797
1509523245103521793
1509521210681573376
1509289369902931975
1509274266230923265
1509185732681867266
1509185703229415425
1508930527914516483
1508905232914337803
1508855186609082372
1508855154061238275
1508836385616121857
1508806877928464387
1508202206717116417
1508172002007334922
1508141810308186117
1507839813696868352
1507824715053817864
1507794515565850626
1507417029380345861
1507165098703527942
1507054264551723015
1506994251082698759
1506796909121445895
1506776036591251469
1506631864177467393
1506416009485459463
1506407207973363717
1506389855844118532
1506337316041801734
1506319152306343948
1506319114406699019
1506319064712495107
1506314017748496391
1506269466165796868
1506051045063077893
1505982627295211525
1505960006381981696
1505960004624568328
1505907077016788999
1505665485441888259
1505605095072972803
1505574892577726470
1505544697816633347
1504841931066589205
1504841926226362396
1504793489019658241
1504597964898988033
1504582108228067336
1504581353702100996
1504578668206731265
1504548122759872524
1504517926870786056
1504475376025681923
1504258893966458886
1504238584341094404
1504231046489034753
1504210967441330186
1504193001786167299
1504191328569245699
1504191270893273089
1504178185583407104
1504125866271555589
1504111326808915968
1504111226682490889
1504096966078251021
1504096954481094657
1504082226169921538
1504082224840335361
1504082223548571655
1504082222260838403
1503861836239757316
1503832097449992196
1503475952784973824
1503475918110609414
1503445860574707722
1503432520511148034
1503432481592295424
1503398238631645188
1503388596455227398
1503357656144257032
1503357654936215559
1503357653669617669
1503357652553846788
1503174202454650887
1503113673547546624
1503038174259408900
1503007977048969221
1502789846510809094
1502789781201297408
1502781485438316546
1502751288110587917
1502741801165275138
1502741603659788288
1502741573699878915
1502721087443853316
1502682458784940036
1502358814351413252
1502339819514601477
1502071805682487298
1502060716202811393
1502060499009253400
1502011410150158338
1501996317949628437
1501780361344438273
1501742806850850816
1501358587691610121
1501347337771360257
1501336961424015367
1501333632652353540
1501240783827091466
1501227145690976262
1500984647068659715
1500969542494789633
1500954451229622273
1500592058326827009
1500546758186704899
1500534337078542340
1500534286973345794
1500531665457713154
1500230576661532676
1500184373181751304
1500154169654607872
1500137592993431557
1499902866676498434
1499878731648749568
1499843972784693254
1499843795604676613
1499820306839617542
1499810949280194561
1499804403129270280
1499802335211569153
1499505058865635330
1499490265232515075
1499490263730958338
1499483281871491078
1499483172224094208
1499466447466246156
1499112608623992837
1499029073716252674
1499028130752868353
1499027006717104129
1498875863806640130
1498852148624433158
1498817850483650560
1498799822559752199
1498792062140960771
1498739189663387657
1498682286061105162
1498674423888433153
1498493229657989128
1498481306338004996
1498469218379046915
1498411795010174992
1498406519637004305
1498406517984354308
1498406516302430213
1498406506596900869
1498406504986292231
1498389726583271434
1498296937908342784
1498070441231069185
1498025141669748738
1497979843471937545
1497949654863908865
1497731350408929280
1497708057144356864
1497692955418714116
1497678478728179713
1497602473942519808
1497266512675192837
1497063492649721857
1496872094709137408
1496871856627933192
1496515199410614277
1496500112645840902
1496260847450087428
1496260846015729664
1496260844451213315
1496260842945495054
1496260841372540930
1496228640954142722
1495865915552018432
1495836337370550280
1495836044545212420
1495836009229172751
1495820620797460482
1495775317729824774
1495533724242300928
1495503529380757504
1495458230914461700
1495412934662524929
1495141140093448192
1495095845624160261
1495050546306244618
1494782361761894404
1494782346838654981
1494782306686582792
1494490512212078622
1494432400176304132
1494432326905962496
1494422651552604164
1494420603545210889
1494109638970728453
1494091482294280199
1493997764954533893
1493631195636195328
1493614806645018635
1493604542839205889
1493426013233160199
1493383497859350530
1493374500397744129
1493370423609802752
1493361642347843586
1493344471345475587
1493307952786255875
1493299103631085570
1493272808834621445
1493268802955587585
1493238601261400072
1492981918559879172
1492953497486176264
1492936614703550466
1492906414943223815
1492634625801441285
1492604425231237122
1492222427467759620
1492222384237121550
1492190739773673481
1492157345954213895
1491955094178390029
1491913798214688773
1491903849598054400
1491903810750529536
1491849667340083207
1491804139529113601
1491542141713227780
