1534609731230351362
1534586290577997827
1534586289432977408
1534586288363429891
1534281838805630984
1534244222546726915
1533888580585766913
1533873047706513408
1533577727252606977
1533245391256182784
1532880590004953088
1532860630251839489
1532826256416423942
1532811122222501890
1532522372632289293
1532493914447519744
1532462492802330624
1532446526064058368
1532411753015001088
1532119015111413761
1532075732679426048
1531774109037875200
1531305434950389762
1530635635228176385
1530610740142280704
1529914936666644480
1529895964437360648
1529233108872089600
1529233107299315713
1527753395976691716
1527385565439705088
1527385563921141763
1527069820549832710
1527069818414833666
1527048033136832512
1527039398218432512
1527039354987847680
1527017325030932481
1526708468635377664
1526675348406308866
1526674281207308292
1526656241770143747
1526628073206169601
1526361671123537922
1525639348112478208
1525217535150497797
1524831811792162832
1524536220575019014
1524536219190931456
1524536217467035649
1524519122280845314
1524519080203624448
1524517620048871425
1524494989740314627
1524412765036851206
1524119129950674958
1524100124074557440
1523830944599134209
1523754839049711623
1523333270980767748
1523011211159293955
1522983237823307776
1522981956035629056
1522681144931758082
1522681135142436864
1522681123637190656
1522407257564188672
1522284384786825219
1522004075155537923
1521557180134170624
1521330622903599104
1521280187907854348
1521238701069774851
1521221800486522881
1521172987382280197
1520955687958085632
1520146716086919169
1520130585787781121
1519788662933921796
1519725074416386053
1519423709186076674
1519340149548761089
1519094937173733377
1517974689959743488
1517934230101102592
1517591028009627648
1517544546669785089
1517271064342106112
1516866631300837376
1516589173175554051
1516532552047071233
1516164774178037767
1516164764128448525
1516164730444034051
1515118803373502475
1514770368015179777
1514770162200637440
1514727431000653828
1514372297821351936
1514033613435666432
1514014518518583297
1513630606499930112
1513179529933725705
1512570233948708868
1512153211372806147
1512091801259323394
1511796495942574083
1511738784991305730
1511718139222016009
1511424913495703554
1511413435275399176
1511413431571726350
1511094802955350026
1510022059912531970
1509957524929355776
1509957523587096577
1509649507662848004
1509595827064475648
1509564183058206725
1509527120782974976
1509270674963058702
1509243126740889605
1509191715038679047
1508939879647961090
1508907447397896195
1508892471614451716
1508862394424041480
1508616413556224009
1508513987406745607
1508468399311048706
1508290815197646848
1507105071623987204
1507078768220901379
1506715463321100294
1506431024502349840
1506391688562024454
1506354228796743686
1505286739233058818
1504924184144752655
1504835582467391506
1504558653461999621
1504191350958440452
1504109354831814663
1504109353841926148
1504109352793300998
1503802937214128131
1503492969613176844
1503464109869875205
1502304207881359363
1502003088055586820
1502003086419709954
1502003083479552011
1502003080132501506
1502003076617670670
1502003073920688134
1502003070611378178
1501973166691868675
1501278586883526661
1501278585830588419
1501278584635281411
1501278583452483592
1501278582223654921
1500864688372035586
1499822403056197634
1499486767065575429
1499128190937481216
1498861470146338819
1498849614501396484
1498725154276483072
1498454746377723911
1498424098036326401
1498424093984632835
1498424090742431745
1498424086996922370
1498424082907676674
1498424053790617604
1498402353279647750
1497302236661260291
1497301619058393091
1497237724583153665
1497237723337220096
1497014227374071810
1496991419227070469
1496968048590348292
1496961487264489472
1496615600315154433
1496561186602635276
1496534476893179908
1496513848202993677
1496249257619333125
1496249254947573762
1496210658110717953
1496196670442426370
1496196668836007944
1495949289306087430
1495187396962533378
1495105460956979203
1495097035510398997
1494784599955750913
1494724078229499905
1494515339975172097
1494410458480193540
1494151111179124739
1493714287780679682
1493714286119735299
1493659847883206661
1493364794740686853
1493362081101455360
1493362074675814404
1493250013396443136
1492338735278604295
1492309363700252675
1492307736297623555
1492181709852487688
1492169628675723274
1491860770925252617
1491858305102368773
1491823644716187653
