1534679237025751041
1534659989620637698
1534642076855451659
1534642075014250501
1534607374450839553
1534549601981710336
1534339282424500224
1534289092447543300
1534268405242535936
1533905647384895489
1533811481447374848
1533562244411318272
1533506876150886400
1533465757404758021
1533199255900499968
1533175536327049217
1532834686577303552
1532820186423779331
1532804649291481094
1532771004606464000
1532726362590552064
1532530305571102742
1532484850229428224
1532381764961947650
1532076406884052992
1532032996785651712
1531992654606651397
1531753950416105472
1531718311829970950
1531653410310737921
1531630848365273089
1531326136541650945
1531226364472348672
1530942476109873153
1530233754744147969
1530189709741260802
1530013978956554240
1529989559093809182
1529914982929944613
1529883155418824707
1529855525508329472
1529848940341886977
1529835496578371586
1529560984926527498
1529550100455899136
1529536576123985923
1529527210675249155
1529208113575993351
1529176107517362181
1529131132842872833
1529113216244236289
1529105597601390593
1528826692164272130
1528766404849278980
1528464539372634117
1528110647485026305
1528030409736454148
1527815522015920129
1527786809983475713
1527762921916452872
1527392529951256579
1527371948920958976
1527273652210782208
1527107307015913473
1527092447397945345
1526996673637109761
1526936720524075008
1526934009313431553
1526709201984159745
1526680481084874752
1526649259365392385
1526594508410036225
1526591784360546304
1526569518352502784
1526337113876209665
1526307139056279554
1526295978130780162
1526235690769567745
1525893357398016002
1525605977474711552
1525508214640476162
1525201021131177988
1525143246766235649
1524852438402056199
1524835566625366016
1524812911847276544
1524792222847320064
1524784203543498753
1524755214112550913
1524517100295004165
1524489138036170753
1524484851423977472
1524477546435383296
1524465512528371712
1524404975056601090
1524236800625192960
1524221859717394433
1524146498795192320
1524110414887460864
1524047258186133507
1523838368001503239
1523763721398472706
1523696984846061568
1523323800720482305
1523309490954776577
1523130664845209601
1523092000291299328
1522973018972172288
1522730884264349696
1522614440067321856
1522368014124990464
1522295566528565250
1522295385590534145
1522217591422349313
1521895523367759872
1521885872760709120
1521854713024684032
1521599844195909633
1521584784316768260
1521563854387433472
1521538043634753537
1521481609953878016
1521481608804675584
1521462618963202049
1521219358781018112
1521209704260812805
1521199764745949190
1521137676107321345
1520809065378689027
1520517636420947970
1520128672363073537
1520110326699773954
1520050956481802241
1520005191185092608
1519851189361381378
1519770612176232449
1519770610615922690
1519719279343865856
1519663287964774402
1519403726838153217
1519389877627936768
1519381019010514945
1519362015860600833
1519322449925619713
1519037668113502213
1519024671211114498
1518966630604283904
1518948985838395394
1518897255780163585
1518694119127801864
1518691523088498688
1518664011520393217
1518612134418128896
1518316898877857793
1518316735065210880
1518287968896696321
1518239888424022018
1517932086275063808
1517617710368272388
1517534719885385729
1517502976679632899
1517502974880366592
1517232444881133570
1517199694799253504
1517159981493194752
1517126536058580992
1517126534150164480
1516906251816423426
1516820947730411521
1516783687882481668
1516477058192445442
1516465515081969669
1516452154906746889
1516409813709774863
1516101852294782988
1515839948619927558
1515754699387027465
1515681537806811140
1515395532780449792
1515386260248043535
1515365455191490567
1515153740759764992
1515139420118208513
1515098118601252864
1515040535291076615
1514996409233289228
1514969788099014661
1514778314723913731
1514767115374321667
1514693509479079946
1514643004153290754
1514642534777171983
1514637608298905602
1514575536625963010
1514393772787961856
1514367767603986443
1514341932234850321
1514307013551009794
1514264991783866376
1514249410955423744
1514081893268008965
1514038814188228620
1514026922090631171
1513992053562224647
1513915960129949698
1513666715737075721
1513623248507965450
1513598628480405508
1513582081913274378
1513554272738328582
1513334231824482308
1513293541279154177
1513260384890896387
1512912903845953543
1512829787529789448
1512829126771720196
1512807553054482432
1512614986648109061
1512476362048782338
1512464760540909578
1512460217321398277
1512460213617672198
1512238224198053892
1512166426127347723
1512162435788124165
1512157936134639626
1512126911744557060
1512107456649904130
1511895393549930500
1511872728952889352
1511857401359699969
1511816391338434563
1511784131520307204
1511754493347700739
1511747936283205639
1511516219505004549
1511413927464378368
1511409732959055875
1511389611045658624
1511381721924710404
1511377338772115460
1511128146380214272
1511111188532318211
1511095673814499335
1511089272593465352
1511010150466871296
1510997179254865921
1510689200252801030
1510343743886528519
1510268093553160192
1510039989857435649
1510008843706802179
1509982761943289863
1509939956978008067
1509912876156395538
1509695828163805191
1509617764557889543
1509575701833437189
1509540568266940417
1509533587187589125
1509246595157659657
1509237806249431046
1509223542877048833
1509198834672578571
1509198832789336067
1509167647233040397
1508908304034144256
1508838637160611845
1508571919083360262
1508532380893646852
1508518699199868928
1508474657153953798
1508474652808683527
1508126368449667077
1508083839356264449
1507826521666465798
1507798148181278725
1507518044112830473
1507439698695921668
1507428844021719044
1507374499007807488
1507215200847552513
1507103352508801027
1507050969976217602
1507009496874315778
1506816531115790341
1506816493023072259
1506816265385652232
1506733218611048453
1506705756346798083
1506688138407727108
1506619650179842054
1506601213546184710
1506442203152924676
1506376793489555466
1506376792252289024
1506376790897569799
1506376788720726024
1506336888914915334
1506285914611453971
1506249987545616384
1506233948430647304
1506048842034294784
1505994098334998534
1505945114312642576
1505935752970055680
1505928850018029569
1505917177907617797
1505745278946664448
1505609004952821765
1505583141708308485
1505578992417783812
1505352920547667971
1504926933028683779
1504894907995017219
1504879505772535808
1504871653288947712
1504806598006480897
1504565731115028482
1504526317018046471
1504467951063379969
1504462725346480137
1504457408734769164
1504265329249243136
1504262300429135875
1504221759092011016
1504221757795971076
1504221756013400066
1504188739098226699
1504188735038046215
1504143869272858627
1504140150829465608
1504108148973580291
1504108145731411968
1504099134323765250
1504086167595196421
1503917125890674689
1503861790412886027
1503827440501727241
1503799146720997384
1503780558391943174
1503743217006743562
1503728959023890434
1503432784630751236
1503419226748600325
1503080894902456328
1503080785670201348
1502801557116620812
1502778810743336969
1502636088602644485
1502635945379647494
1502457753922584578
1502379684897734658
1502364404897259521
1502317293291855874
1502110872944230408
1502018514328117249
1502018491611820039
1501761791092826114
1501691493328863241
1501691491735031816
1501691489612713991
1501662959621316616
1501645257657794563
1501610773595971592
1501572047180345348
1501560189232812037
1501349342157832193
1501331548917751809
1501308805895925760
1501304548958212096
1501304546508824584
1501285717506510862
1501271898725834752
1501197938793623554
1501039453665742852
1500975045815975938
1500919996914020359
1500852739693285376
1500852089970466819
1500704601787490306
1500284557098164232
1499915335293620233
1499882311466295296
1499876454280138761
1499867517635993600
1499860351168532487
1499840499146014720
1499822696271695887
1499545637796331523
1499513868384624650
1499508508559032328
1499508507049082888
1499495104830230533
1499489448693837830
1499417993465454594
1499402071967027202
1499402070650200064
1499402068758564864
1499220934590439425
1499150680585551873
1499127344069492742
1499127342760923139
1499127340999364610
1499091804418940932
1499073782639702016
1499071455392415753
1498843448497086466
1498816786841710594
1498809653152649219
1498744460586459136
1498733894316736514
1498733891699589123
1498673515838455810
1498670481968451587
1498510946590994434
1498428589682868225
1498367307759984648
1498305762161999874
1497374990089478152
1497353636560748548
1497349002089619458
1497335949918982148
1497279138067095552
1497244409225748480
1497028558732070916
1496922199512473601
1496888038835691536
1496592522591748108
1496565298547367942
1496527803944255492
1496527802111254530
1496234416393551874
1496171176464457734
1495961315613020164
1495867523971100673
1495852425848274944
1495767888870920201
1495491498057605122
1494863601252904970
1494853769510723590
1494806940450447367
1494519312756920325
1494423140080001035
1494050960628461568
1494046778840256520
1493724740019572741
1493675419018608643
1493425776573751297
1493278446260297731
1493263081618694150
1492530871559065605
1492211408041353216
1492205526868021253
1491940229372022787
1491931527147577345
1491578044686995457
