1532741395013808129
1532443647572160513
1532443636851523587
1532035814120620035
1532035802213109760
1531697854938591234
1531264178996056064
1528842369294032896
1528842368161562629
1527718800350666753
1527718799163768838
1527032804155990016
1527032802415460365
1526584973855232000
1526584972835946500
1526584971053391872
1526562209056313351
1525178527716343811
1525178526202318848
1525118856372666369
1524766506353106944
1524472465006727171
1524472463459033089
1523704090873659392
1523704089506643968
1523704087090327552
1522603169917939712
1522603168877658112
1522603167002804225
1522310271796187137
1522310257179045895
1521252661743570944
1521169577102786560
1521169575731204098
1519464732385816577
1519435147510169600
1519415482805280770
1519415366216212481
1519394903071014912
1519383702224130049
1519364632720420864
1519364463429885954
1519308276319539200
1519308275329687558
1519308273958195200
1518948857467609090
1518948848726691841
1518628940654460930
1517489396404170756
1517175112113569793
1517174985181339650
1517136220869971969
1515350929876336649
1515350928588779527
1515350926177017864
1515049759098253315
1515048924897234945
1514674586671058950
1514674556597948422
1514268799901523970
1514268797468880904
1513906896838799365
1512095446344384525
1512095445258018826
1512095444050092043
1512095442804350980
1509238601208541184
1509238599794970625
1508871282133188613
1508871280409432072
1507379608320196610
1507040905055903744
1507040903441133572
1507010405909995531
1507006332787904516
1506666849697771527
1505901769276149762
1505901767690756097
1504874459118936065
1504817509718966272
1504817508225851397
1504574504235945984
1504520011850948616
1504520010542243841
1504520009103679490
1504211314050281472
1504156707890601993
1503833064572694535
1503833063414976516
1503749134913884171
1503720233864937476
1503720232237551623
1503477307184451590
1503477118021292044
1502387552241790981
1502387550178189315
1502387548622147594
1502387546919247874
1502387544666873868
1501981120635670535
1501981118354046982
1501981116890296321
1501609454827102215
1501215290138542086
1501215288506916869
1499856709627437057
1499790930609684482
1499395118830436355
1499395116322144256
1497322287141429248
1497292632531386370
1497292630971011074
1497292629314256899
1497292627867312128
1497251740835528706
1497251739128545284
1496556129643634688
1496556127844249604
1496526740444921856
1496161749657075719
1496161748163997712
1496161746838601728
1495437087662772225
1495039335263051776
1494764364657840128
1494764307564974081
1494764163192791043
1494448410597933059
1494373401724698625
1494373399543566339
1494373385089998852
1494373379977232384
1494373341867741189
1494373284762337286
1494373282753175553
1493996081209872392
1493996077082628100
1493677007225425934
1493677003811266567
1492138878043451400
1492138876416106497
