1534565940783742976
1534307967603982339
1534279278900264963
1534242033644216320
1534188436030115842
1533868824155418625
1533847181848940544
1533554255243747328
1533492846681935872
1533188591735693313
1533139015309963264
1532871502638592001
1532795502487543809
1532772853019467777
1532504838054871040
1532480677827993622
1532444438366240779
1532411723222769665
1532128355893448704
1532042288574173186
1532038122661355520
1532012844924997634
1531751371711451136
1531671324002852867
1531402574162706432
1531285552540004352
1531048993760940033
1531013761644974080
1530944555549327374
1530687863813091328
1530608339805261824
1530263504808251393
1530243687736811520
1530228588414476294
1530216508051316738
1530213488529969152
1529884319275274240
1529575031222722560
1529531242810470400
1529230196171329544
1529170616443719680
1529122550944411648
1528852017279553536
1528849500659277824
1528799420669734913
1528454355422175233
1528454353543118851
1528405332485087232
1528118437448392705
1528058452349706240
1527725093429837829
1527688101669179392
1527681052071821314
1527384038075289607
1527376658520387593
1527355561016442881
1527316651057696771
1527315643808333824
1527066250307698688
1527034289916981249
1527024223562121217
1526986978843103232
1526679200232398854
1526661335357894656
1526646736059387904
1526593396017700864
1526331408947392514
1526311527178985478
1526274281692450824
1525966756443000832
1525868608491991041
1525604367897968640
1525503955916050433
1525174724795449344
1524868995072942080
1524861976559554560
1524739655601688578
1524527270198751232
1524419561562464261
1524192568480714752
1524181744278196226
1524099199473635328
1523786388755210240
1523742096628191232
1523437593525833731
1523328118823473152
1523075265781538817
1522984612313673728
1522682615454527489
1522681356987224064
1522660721192050691
1522629768490876928
1522611899589967877
1522282730523869184
1522244733526953984
1522244513523249152
1521995589537337345
1521989045605199872
1521936101073686530
1521886368770756609
1521662141060857856
1521587623294296065
1521513259299389441
1521169897522356224
1521150018849325057
1520851802056314880
1520787628915838976
1520516803641987072
1520449135052210176
1520157225167245313
1520109158447550464
1519788545648447488
1519766399706488832
1519483535916109824
1519427164206026752
1519356699928190981
1519353504120377345
1519061253326401537
1519021239813160960
1518692322443157506
1518627646262939656
1518380518127116288
1518307536897773568
1517976606228324352
1517930131364454401
1517624536950317057
1517609190809907200
1517534191654772736
1517519595380170752
1517171803604631553
1517161485197357058
1516873588355350530
1516814448593301504
1516559712476704768
1516466657190834176
1516409027361751051
1516111315361832965
1515826186542276608
1515706649310375937
1515448699203244034
1515394592702713867
1515132616432828417
1514999992708067332
1514743552881922064
1514633223065776129
1514346184625721345
1514300382809190400
1513968948995407881
1513955112309297152
1513919875646779394
1513620402160865281
1513252981935951873
1513212715711434752
1512884302014386176
1512826420451545093
1512520662686048261
1512488946852253696
1512149459693715458
1512106678057066509
1512093972721811459
1511772475641806857
1511748911056453633
1511507479452020736
1511448598952611840
1511404803246673920
1511373108673855489
1511090230186504194
1511064057893175296
1511056007077634049
1510708717112676354
1510650834849177600
1510333745458413569
1510282155900907522
1510075113449922563
1509965821141032968
1509919768178008097
1509665143977881608
1509635897074991115
1509547314439852037
1509317046231834624
1509269952041267201
1509239535577751558
1509221416016789507
1508941823930101766
1508894763797422090
1508889229094318081
1508861544809086984
1508566852900831239
1508549495071465472
1508530110995046405
1508474243394113537
1508165466631675913
1508165463188164618
1508164501341978630
1508164499752243202
1508112861964480520
1507824257073659904
1507750042895097861
1507484219127259140
1507425834843344897
1507417278501036035
1507401936793788421
1507110003534020613
1507049102164570115
1507047090949480456
1506728977838321673
1506692754583261184
1506664568466026498
1506633362743517190
1506390263308169234
1506377129876930561
1506301928812163073
1506051528947220486
1506001894770192394
1506000442156851209
1505973766513258498
1505961173300264965
1505673035931545603
1505590573486518276
1505291772620013573
1505225334857236483
1504954802177859584
1504925616461676548
1504921331648778241
1504885093080481792
1504870572571901952
1504870571141648386
1504593672922300428
1504582348154757133
1504537049742798853
1504521699290759174
1504490241259933700
1504187747946274817
1504154277450854413
1504121562500194320
1504109147217965062
1503853548496318468
1503838446577598465
1503802962673602569
1503774368522031114
1503481092216664065
1503439819757826049
1503411634047496199
1503116187089002500
1503063339274055684
1502800356153217026
1502766388192038913
1502697679415123978
1502404000595038208
1502390073580527619
1502329504148049923
1502055512652849155
1501992533680865282
1501967619045265408
1501680477450633218
1501621589082660872
1501355586214154240
1501282605349679114
1501237306824351744
1501230009062625285
1500970297792638977
1500923992386924546
1500903104866406404
1500624770534019074
1500558081171853314
1500242250143522823
1500197835337310220
1499837086026850306
1499820257367797765
1499497090086367244
1499429897571213341
1499157605284859907
1499155338020466691
1499105761749778436
1499104755129335815
1499055320810799104
1498862134834442246
1498857274533625856
1498848122063265794
1498846949658841094
1498825162480926722
1498786658862256129
1498729532311814146
1498429052398436355
1498370919521210369
1498351503404322816
1498057856511315973
1497992425226182660
1497700502288674825
1497646646900846592
1497346922260033536
1497334842798882820
1497240762328797188
1496990827062521883
1496949302064648203
1496870249160798211
1496542873961082889
1496245917162164224
1496214711607566339
1496209175323586562
1496205655710965760
1495813067669577731
1495782865954488321
1495554863710846978
1495522399797743616
1495458227118555137
1495187191169011714
1495167561591410690
1494761133554626560
1494737729522847748
1494446151956934665
1494429196428455939
1494374335032795139
1494317140622864385
1494099020670803977
1494061020549160965
1493986529735106560
1493662897280454660
1493600990351740945
1493306045824847875
1493278866751827970
1493242376806092804
1492984426480877573
1492940386729402370
1492634873453891588
1492589376810979341
1492293121228492801
1492248830728830976
1492136472320880641
1491907580855156737
1491847937894268936
1491535881865285632
