1534557402409885697
1534322739925995523
1534322738487246851
1534287474725363716
1534203208649809922
1533956905856643072
1533839250919149569
1533478755330535425
1533222064210968581
1532867226050514944
1532839541945511936
1532752001771225089
1532501062568988674
1532401059485949957
1532142449153433602
1532115178644557835
1532115177444986882
1532023925349179403
1531778192838623244
1531778191328690178
1531753636602097664
1531666369711943680
1531342841783410694
1531045131364749312
1531045128902680576
1531045127178821633
1530938263795425281
1530669712145010688
1530579656973242370
1530315411119427585
1530214574200438785
1529952858287792130
1529851847808270341
1529601958582972416
1529547726190526474
1529547724999229440
1529547723581673478
1529526848350191616
1529526847272255489
1528874719138938880
1528874717204992000
1528782022650519557
1528747043182845953
1528500213865922560
1528403568428040192
1528148632507129859
1528035465613520896
1527746057634992129
1527746056431222788
1527668218252386305
1527423860278038529
1527403825874755586
1527322873702281218
1527116509549559809
1527025350215098375
1526692266613547008
1526342984802832384
1526311528147800065
1526227800092561409
1526227712276316166
1525527321977008128
1525259496553054208
1525228714702815232
1524890916619800583
1524866731335991319
1524866724658659356
1524782098678169600
1524533788377858048
1524432323424530433
1524403962400575489
1524180262401232896
1524146596748963840
1524071087411191809
1523793027860377600
1523742444575408128
1523693954788691971
1523426265423769600
1523336974052077569
1523067652909973504
1522969837550645251
1522692892317392898
1522360103202181120
1522360102015184896
1522237183930732545
1521993071747117056
1521971412088537090
1521963074491760644
1521916728225275904
1521886664037220352
1521838970988023809
1521529211110014976
1521529210149519360
1521529209281257472
1521529208425660417
1521253601775177732
1521183102407749640
1520810277918236674
1520444366950744065
1520168680813907968
1520098076978995202
1519814900960444417
1519720589841383424
1519720588629131264
1519445170936336384
1519102422475550721
1519078962978332675
1518737142993805312
1518643502128648192
1518601977936154625
1518354427073155074
1518354426070712321
1518354425080856576
1518354423847825409
1518266015116845056
1517995837800042501
1517911177225031682
1517634470337294347
1517574462954258434
1517511763729821697
1517265715677519876
1517191575331291138
1517191573959806978
1517151644382683137
1516938369145741312
1516892809109942273
1516892808279379971
1516821427835613194
1516786377169551362
1516577086726623234
1516537692057649156
1515846729693810689
1515721749056274433
1515472607654694914
1515374467198992391
1515023396945469440
1514764972772929553
1514736506539180063
1514642155947671553
1514622516697911296
1514280775948062729
1514023057148428292
1513998665454694402
1513888424532582410
1513660113026011138
1513660111952265216
1513541214687084556
1513281699714588675
1513192584679677952
1512943444502753281
1512841519966920704
1512480502145437707
1512443702253395978
1512199791362551810
1512134316574355462
1512134314745643013
1512109194417041408
1512082770775838724
1511833629168529410
1511766454370291713
1511746806853496836
1511500190032793601
1511491379280678918
1511395668769845249
1511356582738731011
1511105077897043974
1511022001514766339
1510746464888098819
1510654821845676038
1510400911834705920
1510384076938653696
1510293480127533066
1510029242540593154
1509961293607813121
1509690583157248001
1509571221574148107
1509323338069512204
1509296915493625859
1509206320230154245
1508942080013266945
1508936494710464516
1508819748506767377
1508481541738954755
1508444044199878656
1508217301698420737
1508119153609039874
1507839815143858178
1507756767010205696
1507500828856365064
1507481199324803076
1507394378418962433
1507160339888197635
1507130136990306304
1506777450344296450
1506777449366962182
1506777448398077960
1506777447349563399
1506777446334541830
1506777445336334343
1506742102675406856
1506673376789676034
1506409135419527168
1506310988785717261
1506073174584311809
1506001449553043456
1505952379228733441
1505688135631474691
1505593559428345866
1505215268674437120
1504955810237067264
1504865231457030151
1504594639319408640
1504594539625000966
1504570773763248128
1504499049239654405
1504249440537911298
1504212913803849729
1504125676391174146
1503905539008471044
1503905536688934917
1503905534851919877
1503905533039947776
1503905531089625090
1503897837620260866
1503867917993189384
1503506761176735753
1503489396271566853
1503474200207630342
1503009484200886279
1502782488648855555
1502738951873994752
1502674616527081477
1502439981637283843
1502393173103943680
1502381345531641857
1502055118572769284
1502055115884273666
1502055112834965504
1502043871450128388
1501972400631533606
1501941639975034883
1501732318767194118
1501326142162317316
1501290658358870018
1500985397140201476
1500942866620682241
1500522331063656453
1500247534920368128
1500152144879620097
1499900246658371587
1499874073983078400
1499842390697418757
1499537103683682309
1499505395059945495
1499475664491397120
1499188305686007811
1499174212744859648
1499144090499395584
1499143989194371076
1499100980369100801
1498856538877878273
1498849970434322435
1498846737099862018
1498839496779087873
1498784076563722249
1498451559411331079
1498354777083854848
1498066916170215427
1497975428555890693
1497724661043396611
1497668681723166732
1497309292294291461
1497291203368259585
1497017753173069836
1496965911420575744
1496918458239442951
1496614596743819265
1496584266918113281
1496528575473897480
1496238517957103625
1495874469860192263
1495797926685253636
1495506293666107394
1495435829463982080
1495178131270995971
1495029652863205378
1494799627312418818
1494763841518977027
1494409063907667968
1494063788529631237
1494020769386541056
1493723546639601666
1493707189244026883
1493674167845236736
1493348576034004999
1493322151969148929
1493244564399923208
1492982665204613120
1492907167774617602
1492608700762275841
1492492721847689217
1492155969656270854
1491906574087974912
1491898051631398927
1491777976974729216
1491571868846989313
1491533113763188740
