1534654589705797632
1534554268799221760
1534175616454516737
1533889709461712896
1533809253240164357
1532776902271942656
1532494047696375809
1532113238829178894
1529195624133951490
1529119951789129729
1527341854441689117
1527338752254758918
1527338117598187520
1527279357848219650
1526966974462545923
1526646297851269120
1525200714573795328
1524821042031730693
1524420206910656512
1524377682275966988
1524151515597975552
1524080206499168258
1524077212881899521
1522671126584909825
1522598556544253952
1522217760180244487
1521941010024128512
1521567188112625666
1520133616222838785
1519689528541339648
1519435140635807744
1518632172999135232
1518609738526863361
1517600253784084488
1517600249866563589
1517174226326892546
1517144641308569606
1517084672991404032
1516515152866197508
1516513201525084161
1516513199658606592
1515041762611449859
1514998774388695043
1514998773348503556
1514254069287772174
1513879358162845700
1512501563054510087
1512501561913663488
1512081748577857542
1511807996350935045
1511804445952196624
1511471202560356357
1511371593817206793
1511086657633722369
1510002961967198212
1510001539624189952
1509953319866929156
1509892853383712773
1509701915340378115
1509701913931038722
1509666863726448652
1509653884737835017
1509653883471151104
1509199372709470212
1508888529052569602
1508808153168764929
1508231433063739394
1508087987661381633
1506975902005092356
1506668378290798603
1506668377212960768
1506668373131907072
1506361270227939334
1506321904168222727
1506202628988063744
1505955828049842182
1505955826560815112
1505238651386671108
1505238648589070339
1504827401859182597
1504596077172957194
1504589456967450633
1504527788971372546
1504524772172042240
1504497092127084549
1504236016516927488
1504231407211663369
1504155841171275778
1504113632183033861
1504098361263202305
1504098359702966278
1503764529393676292
1502343494496665620
1502298304222273537
1502290199858106378
1502273276621598724
1502268100887994369
1502245451692531712
1502086907194396681
1502079356742426626
1502056710038458372
1502014894371131397
1501929283572404228
1501929149786734597
1501608133713707008
1501579942265561102
1501547081596649475
1501370935252770817
1501349700087263232
1501279083262406656
1501271541224337408
1501248037594746886
1501217005948616715
1501158286246039556
1500943814269313025
1500154855217840130
1499864410717925379
1499453960494759940
1499134408812548097
1499097066253033481
1499059942300524544
1499054161660362760
1498757468276596741
1498746755726336000
1498743185690042370
1498736075812093954
1498723493038501892
1498712169302659078
1498665611748069392
1498658978011795457
1498388787751120901
1498349782355619847
1498323356432703492
1498317001730797568
1497317064805134340
1497282941906526216
1497258927813283841
1496960101638459402
1496870948691394561
1496800608019521539
1496541449856368640
1496242142624337924
1495760222085861380
1494749516087631881
1494390886393913346
1494389500289630209
1493698130944184322
1493640056648704005
1493240264504356868
1491805793280151552
