1529522762397646849
1529496008031408130
1529496003623149573
1529495997432352768
1529495987064131584
1529480936773017600
1529464457541431296
1529246437078446081
1528742931363930113
1528495843082481670
1528399290590175233
1528128763153760258
1528078931458506752
1528029535924535300
1527762556789698560
1527713586763771910
1527650655808126981
1527393659687038988
1527348370494279682
1527287965516541952
1527036800044236803
1526986194185334787
1526944903342718978
1526668886816395265
1526623589083906048
1526578286180159488
1526306499902980096
1526261201583411200
1526205845008154627
1525961014780563459
1525919676282421253
1525880303289606152
1525581719579025410
1525536420533702656
1525491132901097474
1525252654204653568
1525212033226088450
1525129655472340992
1524876207325601814
1524811371724013568
1524759827351805956
1524516089136308224
1524479574607761408
1524452192224174081
1524141341973917696
1524093150276562945
1524048686078214146
1523782441000861697
1523751509577826304
1523664479833141249
1523444904671600643
1523343013774123008
1523050905771425792
1523001636775514114
1522946567220731904
1522682617593741317
1522637327402684422
1522576951579348995
1522320488114098177
1522245034787151872
1521233068870098944
1521187770223448064
1521125341435207681
1520885335391100929
1520828926385401857
1520776362285535232
1520458926629736449
1520430703095205892
1520178230988316673
1520138530122518533
1520104485175111682
1520047507514044417
1519798599303024640
1519785576341377028
1519771238738112513
1519692672222564356
1519461729587060737
1519435671332610050
1519415086661742595
1519397177034162176
1519369595102113792
1519324550080700422
1519078178937049094
1519054574392422407
1519014431128231937
1518954693677965312
1518696352204611584
1518651054296080384
1518584351843401728
1518319355855093761
1518289108321320960
1518226819933167617
1518015640543637504
1518000964132917251
1517991559689641984
1517598007063154691
1517537906616934403
1517504684080173056
1517228445889175553
1517157279598100480
1516940253688434690
1516931939512438784
1516886240716591108
1516862577736880135
1516802868338176005
1516771616197382145
1516578306623250440
1516566414198517765
1516522022162952193
1516476731569319943
1516431436068261888
1516159636063277058
1516114337039106050
1516056009483161600
1515691547051888650
1515434861963620352
1515389559890190343
1515331911300038660
1515103769461202944
1514710082549813278
1514664792203698181
1514604397774336015
1514347701550284803
1514302398755389442
1514242002111504387
1513985306504019968
1513940007936950273
1513899508282839047
1513879620566798349
1513622922925121536
1513577625926737923
1513502131273097225
1512899969333743617
1512863475986489349
1512810035939844100
1512538989063979013
1512491307297648648
1512471363558256640
1512174906380898310
1512129780988223493
1512069267805511699
1511812724388515845
1511770454754742281
1511728965634994179
1511462899193192449
1511414588578934787
1511353553973096450
1511092173936205832
1511046158717706241
1510974008187043845
1510732762654945286
1510675731541549058
1510618857865687053
1510425824071229444
1510409820377079811
1510363467940835333
1510320233390743552
1510280770010689547
1509999355750670350
1509955016504885253
1509898493103591431
1509654473764917249
1509622028470566919
1509583526487891977
1509284003358158864
1509229234371375110
1509172124057051142
1508912204179021824
1508879087464587265
1508821880907706374
1508550195428081665
1508510464849895431
1508439603384094730
1508219996782141441
1508192729129488385
1508158307952906260
1508132563197566986
1508112099200880653
1507832427837894662
1507784370337239044
1507719041565265920
1507512644302999557
1507493193172066311
1507470168070533121
1507440632272502796
1507414689994711055
1507112583832260613
1507055305330413576
1507001310515769345
1506779163621044233
1506753994840068101
1506734592442703882
1506697518293340164
1506677844042305541
1506423862283677701
1506395107733676034
1506376794672410629
1506330494371311616
1506299527082528789
1506270018862034951
1506016327818903557
1505968242866761728
1505902805516791816
1505654911672979466
1505608418668822537
1505566329574723594
1505319064390017024
1505289540164067330
1505251616978526211
1505218900815921162
1505184623827030019
1504925633775906823
1504885550272200710
1504821828656709640
1504564236424462339
1504518362017239042
1504473796698202113
1504202251723841549
1504159261533876225
1504115646677893123
1503839505828261888
1503794274520944642
1503749145806446594
1503478043310010376
1503432403817308165
1503363470762336260
1503125901306957835
1503087831681482753
1503009328881672196
1502771300187652104
1502725101804003333
1502662413015035916
1502439168789594118
1502359937376268288
1502305914094825474
1502045254555693056
1501998065187762176
1501953130640158722
1501778139739049985
1501681246677913600
1501634645603069955
1501606567397015557
1501327198514388996
1501266671402688513
1501225002586234880
1500956844382167046
1500912339633283089
1500850072132722693
1500603584815280128
1500560104755765251
1500531290747121664
1500238923699826688
1500185910230589447
1500130052222197760
1499926078495891456
1499897744923762688
1499873980173496326
1499855039392796678
1499508649286381569
1499476210577027072
1499415823416451073
1499173525164331010
1499122682733936642
1499100999201574920
1499048005491728387
1498804557928931328
1498766472025411590
1498729715905015812
1498681373296664578
1498456840748863493
1498377574036262915
1498311050407600130
1498055612755755010
1498014681499373571
1497956482385539078
1497728662732525578
1497685546650451973
1497645134334382081
1497607619799887879
1497333084546555904
1497298462584365058
1497226224841728000
1496954720769949707
1496899499696037893
1496606125671829515
1496560738479005698
1496514746731872262
1496254737901047811
1496232522660954122
1496209367116525577
1495776442055114756
1495537051818672129
1495488364820238342
1495448113129078789
1495156394378551300
1495113661798658051
1495053970343141377
1494794572714684418
1494749567493062662
1494689457467006990
1494432264125652998
1494398205416677384
1494340459170205704
1494069088234229765
1494022457455480832
1493969853513973764
1493708053740404737
1493663741212254211
1493604498702540807
1493360230670995462
1493329790019026955
1493300055071207436
1493270829613916173
1493232931195736070
1492983376214728705
1492937861389295617
1492876964742504451
1492604577329340424
1492552392549806081
1492514307418034177
1492210366880927749
1492155300933402627
1491895097583194118
1491850661176254473
1491805380766220288
1491536506560909317
