1534686235586924545
1534639524692873216
1534295601562943488
1533992170725822464
1533970756195041281
1533892999956004864
1533850589506899969
1533838900724047873
1533629769337782272
1533481762281644032
1532935185989345282
1532897432111038464
1532883699888439296
1532561466641063946
1532542601806626821
1532511899073449984
1531861358874066946
1531827076214530048
1531380190105976840
1530993672745107457
1530624998305583112
1530340585751601152
1530324229593485315
1530278743025111040
1529990839740649475
1529968135616487551
1529911061553500172
1529485168460849152
1529174148232228866
1528933814726270976
1528903621739483136
1528835034756554754
1528556335029166080
1528450636328607744
1527808900388503552
1527793809731600384
1527743968074682370
1527438998062391310
1527388145708191753
1527347204759101440
1527092934079815684
1527069033496989697
1527002454776238085
1526971086738538497
1526744391263698946
1526714236151418881
1526364384515211269
1526350539574976512
1525901333127213059
1525551544137043973
1525264636601323524
1525249551619264515
1525201437533388806
1525201435868397568
1525201433863364609
1525201431720087553
1525201429560016897
1524947541711798276
1524909805218955277
1524851920120303616
1524570083766513665
1524486892368113664
1524480210644701187
1524224029586034690
1524178729647460352
1524139729003991040
1523862897851604995
1523816344029995008
1523739151883026433
1523342967146049536
1523024870388297728
1522735470622527495
1522687359136976902
1522311407655690241
1522290067586396161
1522266919323291648
1522038370137874434
1522001834713440256
1521992568371875842
1521925732632608768
1521628167252811777
1521287673578594304
1521271315960901632
1520809271172100099
1520431532573347845
1519867314539143169
1519817486614425600
1519763517146112000
1519443773956132865
1519375290824339456
1519134989438365697
1519115109347463169
1519009160297431042
1518745674073837568
1518687540730945536
1518624626426867712
1518292940820471810
1518020646231416833
1517929798336761857
1517642907410329600
1517562088184553472
1517342678991527936
1517297129286295554
1517241250751172610
1516932476182175745
1516887177887723521
1516835604792758281
1516617148415852553
1516525028917063690
1516154969732354067
1516142730648428547
1515693822268870656
1515404813445574666
1515348251498663939
1515172630168432642
1515111477203644421
1515045392303411205
1514767245779501059
1514684413107322881
1514618554934611969
1514413026224529410
1514047214418464769
1513962380522315781
1513921205685923850
1513689608210378753
1513578637794197511
1513319167364980737
1513213470757441538
1512926076925841409
1512850328131039232
1512578285397590023
1512547834645540869
1512482415448834055
1512269500669902850
1512163552752250890
1512160941978398727
1512120588353036295
1512084477094203396
1511922463877353474
1511861814174257153
1511809859943026697
1511553784765460480
1511493134991208454
1511442225665912835
1511164721004785667
1511129237138386949
1510988766374248451
1510677510475767808
1510420567614267393
1510314619478323200
1510058934685548550
1510038047148187655
1509965156297674752
1509679357597519872
1509622559796572164
1509568023815929858
1509567984225984524
1509349006681378816
1509298205095256069
1509254654739296262
1509185845911339017
1508947897001422857
1508911624744325136
1508860252921475076
1508612403176509440
1508567104844353543
1508500094605303810
1508202703687598080
1508126954712612864
1507824717545316366
1507764063102648320
1507552419135168512
1507476921130528772
1507383972405432326
1507185500842602497
1507109500355952645
1507058309056053257
1506840980741230594
1506750132158566401
1506684386393169922
1506460725149007873
1506413161846501379
1506329067171332105
1506092549177446403
1506031899893936133
1505963752016990213
1505554891917438980
1505178721174622210
1504995067576127490
1504934417990516737
1504873516880957441
1504634693202812931
1504558188955254792
1504507531485495308
1504247147650236416
1503900605898764292
1503809757454417920
1503744259949797383
1503556588975579136
1503460381603377155
1503053776181071872
1502811932600016896
1502736940482895875
1502453319700156420
1502407769244135426
1502124402384650247
1502064004004556804
1501983066591539206
1501588716887891973
1501390474631946240
1501359364996841473
1501359063141072900
1501329536864161798
1501006355376787463
1500896902820343812
1500581485446840329
1500505736320851968
1500263892601106435
1500158196635340807
1499884895308369921
1499834353576288268
1499589448614354946
1499543646999252993
1499478096835231764
1499470940727558146
1499108871243239426
1499046799172161538
1498795206153486337
1498674868937805832
1498500523246424072
1498424522587840520
1498373870125993991
1497980428518576137
1497598788231442437
1497367953611890690
1497242806728933384
1496617793411768331
1496538360579514372
1496240493319106566
1496162858677198849
1495474836432474115
1495006752277860355
1494795107870167047
1494744771935576067
1494472733295452162
1494457633675296768
1494407427579600905
1494101034041364482
1494040384560930817
1493714424095719426
1493669357678993414
1493397786213056512
1493355352737271812
1493317310039281664
1492964293813452804
1492706847274504192
1492615998842687488
1492357797626847234
1492256127483985922
1492204047398547461
1491979806904406041
1491894998140399619
1491828913940619264
1491629749977948161
1491554252694724609
