1534588569867649026
1534554640896954369
1533877728239394817
1533825361791881218
1533551201685577729
1533505177835012097
1533074842412453889
1532794892325425152
1532738905593765889
1532463360675135490
1532372406194606080
1532021124766347273
1531693570347917315
1531362308345278465
1531276744250081281
1530960913192427523
1530643823725928448
1530269104682110977
1530199395551088643
1529939181056585728
1529823301538787331
1529581793262850050
1529450410309828609
1529251728490651648
1529172017441816577
1529098642128138241
1528770760000655360
1528760144770760707
1528390235381321728
1528076909719875585
1528008962255233025
1527654125478981632
1527407212641017856
1527308498216042496
1526973818354401280
1526935920427122689
1526926457854996480
1526660983640444929
1526614399347302401
1526607057440342016
1526554617903042560
1526276798723637254
1526212976709083137
1525834886526943233
1525503452540985349
1525118969736208386
1524853168223334400
1524829637611769874
1524829634780602373
1524790182708396033
1524485746765180928
1524472602521219073
1524445482109440006
1524435487850647555
1524413621014573059
1524149116623892481
1524134171580502018
1524071634772054017
1524018536980652033
1523752166220984320
1523752130963963910
1523730429559570432
1523667580522704896
1523374675719426049
1523296661350404097
1523292112770506754
1522943081858969600
1522666677242109952
1522648899852328960
1522575620168945664
1522334485861257217
1522218857108176897
1521974482033856512
1521852105962758145
1521581623359193088
1521540712545857541
1521532197085356035
1521529060651933699
1521526092175183872
1521519979996356612
1521248470274871299
1521169586405707776
1521130780982136833
1520899616534802433
1520886098448334854
1520757429742587916
1520504261762715649
1520493420749504514
1520395293912707074
1520079910211043329
1520059078982180864
1519775207686348803
1519743739043803136
1519684535759290368
1519437499105521667
1519413364497297409
1519335688281509896
1519067495109378051
1519035718701662212
1518956816440430593
1518624255872749568
1518292437378027521
1517891042552524803
1517606211562221570
1517495290219175936
1517259282537979907
1517194734913171457
1517194721168343040
1516885334725910534
1516824764706430983
1516783236067774474
1516551210073042945
1516550959257772037
1516480317288292353
1516119299663941635
1516072988382277632
1516070961094737930
1515823669980794880
1515705138958192650
1515353069277622272
1515072519254028289
1514970954174189568
1514619725074079744
1514294222953881609
1514294159682768897
1514262900470394891
1513982102211112960
1513938915778043920
1513895388545179648
1513619976233656320
1513573176072151044
1513541293976207363
1512913997607100417
1512892822579560451
1512547084737654790
1512508048270581761
1512508025759748097
1512468319424724997
1512450279572127748
1512156066020306948
1512091704777756678
1511814754678976514
1511799281874788359
1511790033648427008
1511731171209752584
1511413895365369865
1511408314906775557
1511359748767162375
1511359727741059072
1511064896863182848
1511037031073390599
1510653854949457921
1510275109201842178
1510048113431568385
1509994153509376016
1509915362292387843
1509915350808371200
1509653027833237507
1509533738983739398
1509305171465183236
1509173933374910470
1508893111103197184
1508813658582884352
1508534280007335940
1508534278560362498
1508485275193909255
1508149352862158849
1507745692193804297
1507549010046988291
1507469290659889155
1507450013399625734
1507432135510183944
1507403516607930368
1507125103061921802
1507093804012253197
1507039482348032025
1506655005482229764
1506278525170507777
1506015422591733769
1505952052500910083
1505587471135830022
1505551935969103876
1505201176291258371
1504899667045359622
1504899664205733889
1504541335763800072
1504541221162831873
1504462253852135431
1504462212764688385
1504179764768251904
1504102228403142660
1503810660756594694
1503776762563551234
1503481890459770886
1503481855345106946
1503399359102304257
1503074663517208579
1502664644883791877
1502664608091459584
1502389754519765000
1502375737382350850
1502375668889395203
1502315696117714946
1501997524667801604
1501964437175087109
1501765499369230336
1501648978122883073
1501648976944279567
1501583084998828034
1501583056582451200
1501263984468664321
1501211674853974034
1500950668466556930
1500897820320186369
1500872720317308929
1499911417767546882
1499911416530321410
1499911415251021825
1499911413871132676
1499799721359065093
1499766395747422210
1499509924530778126
1499440565427056647
1499392903772192778
1499136212287705088
1499067010088460289
1499033032266641413
1498863051965140993
1498686541174124544
1498343387673600011
1498340012936601606
1497602358431387652
1497310431760642052
1497228643084369927
1496978243009884160
1496944213224738819
1496934474055094274
1496863577436831745
1496863575880912897
1496556205929607173
1496556171389554692
1496243328341401601
1496139253838921730
1496139247505522693
1495815188888666118
1495784124631719938
1495439352515596295
1495055573779292162
1494744077979594760
1494743983477739530
1494424312098529282
1494424265806041090
1494353385818103825
1494353356449591296
1494329605095706635
1494319936679956480
1494037483834773510
1493689069481521152
1493618488023343104
1493336857672925192
1493287162825035795
1492891321941389314
1492253359255871490
1492164147710156807
1491947691357659139
1491947689176621062
1491814216273043470
1491537391525548034
