1534647709377994753
1534339773032280066
1534229277192900609
1534229273506201600
1533828406198018051
1533815282086694912
1533802524339322880
1532544301892255759
1532453201756274698
1532164379428499461
1532076289661837316
1531836106748088325
1531803489856266241
1531704410258169865
1531310074588700673
1531275731124248576
1530218990542503937
1530195229604716545
1529913669567533080
1529909064817426432
1529909062170726425
1529197181831348226
1529132745858875393
1528897251405623296
1528880553923059712
1528880551402299394
1528802258267283458
1528708566500122624
1528374889438134272
1528030602091446273
1527737781233111043
1527695966433943554
1527316342072029185
1527068507061506050
1527026452264280064
1526972315715751938
1526951226402869254
1526938872302776320
1526724505980346368
1526684966205243395
1526627720544849925
1526589618581291010
1526319763940687875
1526221244605112322
1526181564484395009
1525268497919528960
1525195577251835904
1524821264208125954
1524778736586997761
1524721550900965377
1524496780620148736
1524402540510646273
1524402538165985282
1524212055020032001
1524054134487453696
1524037205999722496
1523742595830398976
1523353930431811584
1522660505265004546
1522370789152075777
1522370787294031872
1521941096112132096
1521890379519258624
1521513559322152960
1521513556805439489
1521195239301599236
1521195235589689346
1520901168393867264
1520416502800953346
1519780263613640704
1519779890958065665
1519737066699079682
1519716269129453569
1519466425521516544
1519437905709645824
1519347420764725252
1519087789463281665
1519071129448632320
1519013231251054594
1518743814810308608
1517553108989095937
1517544304864071680
1517254699484856323
1517199977356967938
1516869231924625419
1516583505421029382
1516093044763807744
1516093043522289669
1515789724153171980
1515434727246811142
1515119143216947204
1515095974909206536
1515067710983610383
1515067708584480769
1514969021766152200
1514758771620388871
1514704384214675460
1514586106603491336
1514338687479390229
1513955847700942862
1513937414179459079
1513882528658173952
1513293467161661442
1512566990610866180
1512480914386952196
1512458213857366022
1512077474577846280
1512068715054919687
1511825083056197637
1511769849311211521
1511717174259470337
1511704901889544193
1511422027030220807
1511101225827192834
1511010513949442052
1509892172639870979
1509608457053347840
1509594860768083971
1509563663346278400
1509558504700456969
1509529591907463169
1509333135535878151
1509310491876896769
1509275337665961989
1509260343926837249
1509181452549824513
1508928730642763776
1508906761515847687
1508836227935580167
1508836224898940933
1508834995997130752
1508809716138483720
1508792203048534027
1507706433562808329
1507395132475133956
1507381519526076434
1507326682339987463
1507107293384609795
1506694783602991109
1506693453333377026
1506649330563919874
1506318555385630722
1505003850863894533
1504832993780711446
1504600972009615362
1504574078811885576
1504469424278937600
1504183885315424259
1503858579660541953
1503837938198667272
1503804329031053317
1503799336894963716
1503757770348236803
1503757703860178947
1502675576674521098
1502675574363504643
1501979588259422212
1501683448917934082
1501647581126049792
1501347281718685701
1501327471760732162
1501290672262762498
1501220417603780609
1501012400782389249
1500995435284074501
1499948403912060933
1499945683062865923
1499943499285815297
1499943190299877381
1499940045578461187
1499860139091890177
1499856302729744400
1499855863410049026
1499801964678369281
1499535342424231942
1499487825326219268
1499477697843580935
1499410015622348803
1499167669441937421
1499148841081360394
1499089167476789256
1499047866366636038
1498774027065860102
1498748353185660929
1498475534149468167
1498359257103745030
1498333923977445377
1498071948546523137
1497327894678458370
1497324562102558725
1496710882801471490
1496589414901891083
1496589413362642948
1496224008970375168
1496214029618057216
1496202924594241536
1496126310707572738
1495828636410261507
1495140023057928195
1495103486995963914
1494898887949266946
1494772677122342924
1494772656222187525
1494772655001677834
1494688905312022528
1494513236963643394
1494416382485798914
1494358094033399818
1494358092087439360
1494065504260132870
1494065502146150406
1494028277056475141
1494015728990752774
1493709751712198666
1493676461991075844
1493453929455276032
1493292984514793479
1493031772178821133
1492536440101785608
1492292187274596357
1492162543896469504
1492162542143168512
1492162540645896194
1491941120296853505
1491827921358626821
