1528741543326240768
1527711542996869128
1526641372605960197
1526574842719387649
1522247219570782210
1522235523162681345
1521153236266278912
1519699793802633216
1519334411803803649
1519318216534859776
1517235873032585218
1512095207717806091
1511708262479110148
1511701526019981316
1511045279994322953
1509166519686733833
1508910220537438211
1508809534533423111
1507390391879979013
1507032574404743174
1506373504823967747
1504121808425037828
1504101530483535873
1504101529380433921
1504101528101081088
1504101527002230784
1504101525907558401
1504101523969691653
1503807599396933632
1503758921919574021
1503416426064977924
1501961236413665284
1501672830932504582
1501283765921923078
1501205310576513038
1500221173006745606
1500221099472310277
1500220927430344712
1499501551475384325
1499173898788691976
1499173896204996608
1499173888080728067
1499173887107551241
1499112841865056264
1496941601247182854
1496860025427353606
1496538028973740034
1496248781557354508
1496248780479512578
1496248779376414730
1496248778424303621
1496248777484742656
1496248776524288006
1496248775693807616
1496248774410256393
1496150529264832523
1494421518020972554
1493313968429056003
1492906530525560842
