1534681936366534658
1534681934919499779
1534681933179138052
1534670969649958913
1534649613579440130
1534649169083768834
1534607261166968833
1534516854269657090
1534248999217242112
1534247877857378305
1534216967053357057
1534216643487858693
1533946615404306433
1533880215797215236
1533472935519846403
1532755542581645314
1532529386427129863
1532411367101194241
1532388862571446272
1532364800252076032
1532364050084020224
1532362886156374017
1532174356369006592
1532109068919250947
1532098409594855425
1532084803637587968
1532025000420679687
1531755975211884544
1531302222486769664
1531301567768535041
1531281334152450048
1530245777305518080
1530245075879575552
1530244717513932801
1530184855333519361
1529904598445596672
1529863256805867521
1529567835713855488
1529556286685052928
1529476668846485505
1529461969803169797
1529210777756123136
1529163056495874050
1529136077939826691
1529103150074015747
1528850958389755906
1528846648226598912
1528833710946242566
1528814614774964225
1528019273590906886
1528003144436879362
1527368396546879489
1527365227263602689
1527331776443473945
1527052088609488898
1527030972008615937
1527029279493603336
1527022169485676544
1526996218282487810
1526983131961737219
1526970988059041794
1526969499496419329
1526647544150904836
1526646755336519680
1526628136821182466
1526613513120231429
1526603714697515010
1526602584995373057
1526602245223194627
1526593239461019649
1526589483948429312
1526586851661848576
1526566883801047041
1526239667305185281
1526239016173043712
1525978366716825602
1525971885594386432
1525545862084149251
1525203603287429122
1525148783713173511
1524825872452272129
1524822154981920771
1524794668805914624
1524792649559035904
1524770960917864450
1524759148763750400
1524748862484799488
1524549854231416832
1524518812246237184
1524500856816738310
1524481505850015744
1524465817206861824
1524443177561829376
1524441329291386885
1524434076937199616
1524434048659206145
1524432272933498880
1524151736570683392
1524121377728614400
1524109107833229316
1524093758060511232
1524091779091423233
1524090159087722496
1524061563707170817
1524027208607715336
1523351729386926081
1522635542814466055
1522630343588782084
1522319140039671817
1522318285055959043
1522288967135158274
1522288174155902976
1522001181106614272
1521985300167340032
1521985239026917376
1521983410272706562
1521962160804478986
1521922749358301184
1521910310889791491
1521583260584787968
1521557860068511745
1521479094877233152
1521478966724468738
1521467657480019969
1521465545304023042
1521302206640754690
1521298735900336128
1521289217120342028
1521245021499969536
1521217260878245888
1521201033334210561
1521180215522861057
1521141619139006465
1520469550063661057
1520116883726516226
1520116058115477505
1520047326802456576
1519753598871212039
1519751997620166656
1519742399660150786
1519380451072389122
1519373794552557568
1519364327928647681
1519329005073309697
1519035225044566017
1519020407583645703
1519003336770478080
1518961224821710850
1518680108978028549
1518658398107144193
1517595259454332928
1517585624894689281
1517580631743647747
1517548179935346689
1517545575264182272
1517526683468849153
1517503844648902656
1517195270706053120
1517190438016454656
1517160031891898368
1517156139619827712
1516832714460127235
1516807479765749760
1516526610324803590
1516475544048922624
1516468858940530688
1516452715479674892
1516088469235380227
1515768458767654919
1515039545217236992
1515007884203118594
1514617637921124359
1514584980869062660
1514284191747387395
1514002842985676806
1513581462821421061
1512523287036940296
1512468376811155461
1512196109682331648
1512171427851558913
1512145008580874249
1512143469460004865
1512143467316658178
1512143465601286147
1512134202799661063
1512116311274491904
1512116309596815366
1512055878287044611
1511814243057864709
1511778958295117828
1511753534802440201
1511744020699127819
1511743573842092033
1511741659960295432
1511732374266130436
1511727430775545866
1511722655614918663
1511526315383525376
1511493217312776199
1511459690429009925
1511453693698318349
1511425896602902528
1511413643824570368
1511412753294110726
1511399371681812488
1511384645937639426
1511381417439211520
1511378673932320771
1511376260903186442
1511326012310761472
1511103765004304384
1511103326145949710
1511009154508500995
1509941142321836050
1509874967839657987
1509715937750134786
1509612240961523719
1509611351781654529
1509610519329574942
1509607091073257476
1509606496002314252
1509603642499899397
1509601260516921346
1509579437595140101
1509570363092520965
1509564477829750791
1509254418943913987
1509239582574977025
1509167352738373642
1509167289547034624
1509142486517755905
1508930678393647109
1508853803709308936
1508841865331810315
1508841863721242632
1508839010176753667
1508807959169667081
1508492758322974729
1508492756968263685
1508492755579846664
1508492754162270226
1508492752266350605
1507434996503564290
1507421416798437377
1507396947036057600
1507374281533108236
1507094414715498502
1507013204102172693
1506740409338404867
1506733580109627396
1506713782160080897
1506704352597135366
1506703989181665285
1506703005160198150
1506701547400536072
1506355422847979523
1506318857853706242
1506301469426958344
1505977731967815683
1505972456389058565
1505968068396298242
1505920481534353410
1505018998085275653
1504959646309785610
1504832342648668166
1504589590635716608
1504588104337870853
1504549576388325387
1504479775066234881
1504475343578492942
1504177895853461508
1504168716807946247
1504156390218256396
1504147921159262218
1504138214071754756
1504138115895771136
1504091061207060483
1504083601385738242
1503862756952453129
1503842101339070464
1503841394879868929
1503793974460440578
1503791800313696259
1503785476641198082
1503775697390784516
1503772930475446277
1503469527408984076
1503406489280655362
1502686325467762690
1502389579579592707
1502379818649800705
1502378465923903494
1502356513461047299
1502345501420793856
1501965288207794186
1501622482029187081
1501610728394010625
1501609128820625417
1501317615217639430
1501310281909092354
1501295504772243457
1501293857832640520
1501285535943438341
1501283607645765649
1501282887693320193
1501271648464482304
1501268556595576837
1501264251205337096
1501250548921737224
1501224492290686976
1501221310923485184
1501208331100332038
1501198375026368518
1501197836708372481
1500934638054916096
1500918804464947204
1500918300875894789
1500908509298319362
1500898577022861314
1500878842856099847
1499952246032904198
1499860137745563649
1499810670052790272
1499804054377189392
1499782276355342345
1499775036802191372
1499587664764358703
1499488826758160394
1499471140229718025
1499448659481661444
1499438372967927811
1499393948820951048
1499121545981173761
1499091323508469766
1499085454527942657
1499074137893097477
1499050198999478279
1499036542593081350
1498868030666952705
1498868029102473216
1498865556916772866
1498857808468623360
1498857260407308297
1498856600601300996
1498855806481096712
1498855038587969537
1498854385325166593
1498852985572581379
1498852433765748736
1498851060278087686
1498849610751688706
1498849378714505217
1498849061016948742
1498848767994437633
1498848577187192837
1498848020787515399
1498847930031161354
1498847759700578305
1498847471937675265
1498846026161131520
1498845705716355074
1498845587139182597
1498845130064904197
1498844796080865282
1498844745833099268
1498843945761185798
1498843154996686851
1498840941662281729
1498776622316597250
1498775124287365135
1498736162424471556
1498731456587255809
1498728233373773829
1498725628031516675
1498678476764811268
1498636932871561217
1498380084293648384
1498374582385926153
1498352139625811977
1498086878968520706
1498006264709881859
1497732554945925123
1497697535363895299
1497321063398658052
1497259839872983041
1497237137212719105
1497232393698254848
1497231760257601540
1497010954470453248
1496926043634085896
1496873175392874497
1496705190942158856
1496695022334451714
1496553045416726535
1496522738793603072
1496249695034871809
1496225144393674758
1496219340470992900
1496179379889709067
1496154845908193287
1495924573233205252
1494744523251068936
1494736322615025667
1494728630156595200
1494712529028853763
1494329605511008259
1494037183380041736
1494000292798607361
1493992074085117955
1493990871687217153
1493969782428815360
1493652200098353156
1493652198651305988
1493652196885508106
1493594437393555459
1493348871744983044
1493297577265139719
1493297360449032193
1492225314566684673
1491849592249401345
1491846508710436873
1491844495557726214
1491835116477427715
