1534685086716764161
1534683160419745793
1534683159069134848
1534683157685014528
1534683155713642498
1534633624175357953
1534315147547770880
1534272919463161856
1534266612504834050
1534250136443944960
1534204975404007425
1533903380363501573
1533831165215494144
1533125461718536193
1533123147410587650
1533123146504626177
1533123144415854593
1532823963633651713
1532736714669711361
1532482645019578370
1532433059332640773
1532354746400620546
1532082554483970051
1532066499766063105
1532066498009010176
1532035780734066691
1532016817983528960
1532007084014944257
1531805072694321152
1531713446319902721
1531685419078889472
1531678737879670785
1531655709376581638
1531655708210610181
1531655707187195904
1531655706121752579
1531655705048006658
1531655703852732418
1531406764238839811
1531326730065088514
1531270827185930241
1530974618684739587
1530594486505639936
1530594485616496647
1530594482852601856
1530286406219845635
1530262709215936513
1529908900237037571
1529908898718785536
1529452238338498565
1529212702123515908
1529101893867393024
1529101892596469762
1529101891153575939
1529101889530384384
1528766428815495169
1528766427531988992
1528766425816518657
1528043156452917248
1527761695615197194
1527758699380490241
1527736686867894278
1527736632933326849
1527736631532392448
1527736445280129034
1527698283061301249
1527698281786122241
1527698280569774081
1527698279068319744
1527693882879840256
1527337997028319250
1527337994734432256
1527337992817643520
1527322122171068425
1527322120443035648
1527322118815625216
1527322116957564929
1527284348512358400
1527283233238433792
1527101929985302529
1527101929045872642
1527100187931467776
1527044456108670979
1527042528934961152
1527040034444128257
1527018687097712647
1526980565253210115
1526979736198692864
1526979716774875138
1526979680242368513
1526971617426952192
1526964555854893057
1526947493602373633
1526930812460998656
1526675507957354496
1526672941710180353
1526616292052148226
1526343485191856128
1526343483795152897
1526343482197016576
1526275403702206467
1526266996677087232
1526248510030598144
1525979754863775744
1525893609756696576
1525125301725962241
1524848096865304576
1524767489539858432
1524498665863360512
1524484769450536960
1524430523229163522
1524430520041545730
1524428714188095488
1524381883722780673
1524375673585950720
1524144798269165573
1524100023201509376
1524100022052216834
1524100020617760770
1524063505183297540
1524063503635652610
1524045242814636032
1523803988235280386
1523773074466050048
1523755135650136064
1523710510411124737
1523676934881783809
1523648936753643521
1523448992008339456
1523319364929613826
1522736253170593793
1522663297698471938
1522646113274245120
1522635795860963330
1522622098728009728
1522600859988803584
1522598743815696384
1522597462829150209
1522589569668898816
1522577781061730308
1522568382868082693
1522348779172737025
1522273289699266560
1522221760229388289
1522217729020727297
1521946615367544832
1521898075501084675
1521898074150424577
1521875021332987904
1521863468231667713
1521638604757479424
1521620129301340160
1521620127338446848
1521572973093990400
1521572970061254656
1521532155712753666
1521532154366279680
1521532152906764288
1521532151254114306
1521512689243152386
1521262833530548226
1521164809017962496
1521127465246236674
1520908349021331456
1520060750806585345
1519763715381420033
1519721354953699328
1519685165659922432
1519380551874060289
1519370040805572609
1519349981664227338
1519349980393361408
1519349978866634752
1519313646396051458
1519080284855148544
1519021723336781830
1519021721734586368
1519021719683579904
1519021717934559234
1519021715631882240
1518690446876319744
1518627573303025666
1517976987532464128
1517636311854854145
1517602547376263169
1517594993472512001
1517592947939762178
1517564579563323392
1517519727702253574
1517519726116839425
1517519724380311552
1517519722857783298
1517519721159139329
1517501880620007425
1517327987913670657
1517264958735716353
1517240607919464449
1517143015147540483
1516812902384156675
1516785208170848267
1516575434925920265
1516176508485787653
1516166149003698188
1516166146076164103
1516153510911434753
1516131074031734791
1516090063939063818
1516088114598629382
1516045964842258432
1515696001495011340
1515335768482496516
1515069531521261571
1514738253886377991
1514712161846759431
1514687825748312066
1514430760996024321
1514418996963123204
1514372045093679104
1514340448550199309
1514274723294846983
1513963501622018056
1513912136594079754
1512455419087708169
1512455417812688905
1512455415228997635
1512434297076129794
1512203852493299716
1512194370757345283
1512185762334355457
1512155333958979598
1512155332197429259
1512155330477801472
1512133993260621836
1512105585214382081
1512081691686318085
1511831121427943425
1511820590360973327
1511734649151709190
1511731580020170756
1511688774564171779
1511405150434476037
1511405043349606415
1511103944503795719
1511093645767843849
1511093644647931911
1511093643410558985
1511044129651933200
1511044128599158790
1511044127366029318
1510989709090115588
1510695912972115981
1510612201173884935
1510002473846681608
1509927745173790739
1509926955990360065
1509902201522638853
1509660489420312577
1509660488086523913
1509609700463157255
1509591878731194372
1509591877439397891
1509591876155977742
1509591874625052683
1509545075889614857
1509525515597668354
1509346655266648068
1509277272372568065
1509223795055374350
1509222572377915395
1509159455602135044
1509159085773660168
1508967212543098883
1508962208151052296
1508952628746760200
1508941912727773187
1508941911763083275
1508941910878134284
1508941909976301574
1508941909305303042
1508941908487421957
1508941907631742978
1508925693006069760
1508911310926450700
1508911309366169609
1508911307768086528
1508911305859780613
1508872186588766208
1508858851059290118
1508830233415327744
1508826727920844808
1508609860795080709
1508483315766071302
1508115919368769538
1507534702407729160
1507446332184793110
1507446330414833668
1507444495901769728
1507438725894221830
1507370913611792393
1507115060296138760
1507050633454620674
1506705391895388164
1506695297564647438
1506368483981987844
1506323192369098758
1506052789205618698
1505983952762327043
1505951801807417352
1505677738358853634
1505619216807960577
1505234667435401216
1504899403043192834
1504839129690947594
1504839128415879175
1504839127031758861
1504785537869230110
1504600971325972480
1504581684326543361
1504564966648688643
1504550944117252106
1504522491125014538
1504494210128433154
1504464795256430593
1504445126206279682
1504423506032869378
1504203147560030218
1504144390708682760
1504144389530075145
1504144388087500802
1504087716090294273
1503851810951475205
1503747933858054156
1503478827569266698
1503445591514357765
1503439785842593797
1503153892082823171
1503153889918468100
1503153887875792903
1503153885824831490
1503153882951827459
1503153881261514756
1503153879634042884
1503153878011113472
1503153876257624068
1503153874466652160
1503153872805801984
1503153871136477185
1503153869018255364
1503094362175123466
1502836227891945473
1502679088070336513
1502371472597204996
1502306129333866499
1502306128126005249
1502306126406238214
1502047734345478160
1502001745488191496
1502001743772721159
1501932649157304324
1501932647647490048
1501765370033680384
1501765369052241922
1501765367768752128
1501647279983411207
1501605175701741570
1501577598660395013
1501577597192441864
1501332207276863495
1501277003604975618
1501249205356093450
1501216334037889026
1500951339626790915
1500944938711801858
1500889512377040896
1499786400820084744
1499786399532335112
1499786398165094405
1499418208822046726
1499418207211380745
1499418205823066116
1499418203906314248
1499410799978291203
1499405836879286274
1499392949997785090
1499189617819541517
1499130049500524552
1499111883026149386
1499065242399170570
1499027247335886848
1499020811608416256
1499013367662526467
1498874659013632003
1498857873870409735
1498857351251738624
1498854481538211841
1498848022343692296
1498844097636974594
1498841430596497411
1498416887419617288
1498416885364408330
1498402765223215110
1498365454900989952
1497947698560843780
1497592223537508356
1497328190578065408
1497328189282074628
1497328188023873536
1497300862489747467
1497225655737634821
1497022324888977417
1496996671992918044
1496995913298026498
1496981991874605058
1496927899026395144
1496896252323467267
1496691417053282305
1496691415056801794
1496540989451812864
1496540988579450894
1496540987031703558
1496304198601875459
1496277359955226627
1496246440007553035
1496225558295891985
1496225556999938048
1496225555427078151
1496163078282612740
1495957987495665667
1495957985532731394
1495957983666356226
1495884924800454669
1495801006550142985
1495172879092264973
1494761205868773381
1494713099181608961
1494442064637206528
1494391760713310215
1494326579987562497
1494109418081984514
1493973779374034950
1493973777809649668
1493697239612538883
1493655926531928066
1493632198901182467
1493367619000414217
1493346698353127441
1493346484099690496
1493322846906499079
1493274030798954506
1493248166883430401
1493005548102557698
1492929130312212483
1492879237858136067
1492875898781147139
1492869352709894148
1492863828211769344
1492863760381485057
1492855707976323076
1492293716727451648
1492277686449971200
1492260584771006471
1492213647594201091
1492213645312466947
1492136444277755906
1491839772133928962
1491535725438898181
