1534685562392743938
1534641388100395012
1534610084935892994
1534610068959797250
1534243464409403397
1534182203957067778
1534182202698776584
1533831974649044995
1533829065098022912
1533815018583740417
1533205216207769600
1532863321875136512
1532863257551286273
1532857125864603650
1532741883511840769
1532730398534520832
1532725225489571840
1532427416119001088
1532427403766669313
1532384993011449860
1532367457335255050
1532180037721632768
1532080628535017473
1532076443701694465
1532069685982011392
1532032621793972224
1531719645052420099
1531408828855640067
1531408822056718336
1531368909076582400
1531315276096086017
1531030262209036291
1531030259700846594
1531008497038548992
1531008493976752129
1530650132999462913
1530650129908355073
1530262264682631168
1530262261541048320
1530227937051652097
1530227927287222275
1530227923470454790
1529277961538510851
1529231530983301121
1529231530081636357
1529231529263648769
1529231527980171264
1528149697763893249
1527769609511882753
1527762684938182656
1527747186058006533
1527729167772667906
1527656898052464641
1527439548023726088
1527311563975032834
1527290821350854657
1527290818964250625
1527290817273946116
1527284241746300929
1527284239217090560
1527272490472509441
1527058626715734018
1527058625390186496
1526927477737676802
1526922536478511104
1526710055436922881
1526669996809658369
1526658521055502336
1526637758336454661
1526583900113358849
1526583887861792769
1525905506698776583
1525905505809534976
1525905504895123456
1525905503972470791
1525905502915502081
1525905501564829702
1525267002956435456
1525266995846971393
1525194569356390402
1524838686352982017
1524795469225988097
1524762851835060227
1524751575889051649
1524529228238184449
1524506697141788672
1524495314849312769
1524495310428454913
1524413980957097984
1524392944991678464
1524381941537157120
1524213816267087875
1524213814866161665
1524137155945185282
1524137152111599619
1524088391125680138
1523778606324871168
1523778590336163840
1523335683456356353
1523047513229770752
1523047512160051201
1523047510742290434
1522666999826026496
1522609797463527424
1522609793969631239
1522022056291930112
1521844683839873028
1521631568241979392
1521558015421423620
1521529981481926656
1521526548494442496
1521207228950274052
1521197248658485249
1521166288797765632
1521166286029479937
1521131023723081728
1521102747059245060
1520097653446651904
1520042843284418560
1520042839220043777
1520039274065838080
1519767164458307585
1519758620996648961
1519750810061705216
1519680423764410368
1519459669953110021
1519459668590047238
1519434547645059072
1519434361757700104
1519434033385648128
1519397387101483008
1519343371906695169
1519343370459660288
1519310099373821953
1518952491471224834
1518945624846389248
1518945614632996866
1518593393231867905
1518593391021506566
1518308474052042754
1518308466334515208
1518254120326635520
1518254118078459905
1518254101049626624
1517983716081123331
1517943344080506883
1517925935743438849
1517925933654683650
1517925928785137668
1517892121604337665
1517859891330826241
1517634913050284033
1517546936823332867
1517540481789571072
1517540479323234305
1517507613273038849
1517197400934395907
1517197388754137088
1517165854928121859
1517165849249038339
1517151038356135936
1517151027312558081
1517151017384640515
1517129775378317312
1516848615137980422
1516524976031076362
1516510315189616642
1516409424960708616
1516138814913355784
1516138804498812928
1516138797645316104
1516138796445843469
1516118385347727363
1516077675269525506
1515716901871271942
1515067351267528706
1515047465199747078
1515047456253304835
1515021637581778948
1515021635069296646
1514996627920068619
1514996626619879426
1514995793287168000
1514995789180940288
1514978515829104640
1514963840429088776
1514728203495092234
1514712988040802306
1514712982638452736
1514695190531162112
1514695185820704774
1514667464222814215
1514640317055647744
1514361880613203975
1514361876330729478
1514323936749703172
1514323910703124481
1514319627710603269
1514319625365954568
1514301593746817029
1514044817885601793
1513922070626902016
1513600694586064901
1512865373833551881
1512488414809137153
1512488413278224387
1512157874075713537
1512140351116619786
1512027229995343877
1511837584984616971
1511837581578801165
1511837508618883078
1511429730603520009
1510384152201379846
1510227827274268672
1509950801267073026
1509908864921186304
1509668377018744838
1509668375907258368
1509668374871252993
1509668373789032454
1509652722680840193
1509641642940276738
1509640039810187265
1509639023362555907
1509546745310724096
1509276266012229632
1509256660312903686
1509256655216730112
1509256650435317766
1509256645771149313
1509256639316123653
1509256634606010374
1509256628167757830
1509256623063187464
1509256618294263814
1509256612824899585
1509256606575480842
1508595198145740808
1508455095981195273
1508444044346728451
1508436249295654919
1508436239292239880
1508436228760289290
1507533278571548677
1507404589414371336
1507371420367704068
1507138064824553480
1507016614746591234
1506978586095403011
1506978584765861900
1506806681900138502
1506806680641753089
1505622063431700489
1505307524840501249
1505035736172609536
1504656289930137603
1504579939819003911
1504576600058343432
1504576392159244288
1504576296084557825
1504576198600536064
1504482832151834625
1504099986480500740
1503840535265615874
1503840505569837057
1503840429153861637
1503761411125751816
1503761308017123340
1503756690776277004
1503743077135138823
1503503332928860173
1503478741657436161
1503478635382153220
1503460209913700357
1503455218947743749
1502434811973152770
1502424161318227973
1502415312049917959
1502415224036548614
1502411815707463680
1502407511168720898
1502407470127501314
1502403120529346562
1502403084206718982
1502400686306304003
1502400652311412737
1502395523210391554
1502395422479896582
1502389641097396230
1501773762223558661
1501773760780713984
1501773758717214721
1501696445103194113
1501588300909400067
1501576131258068992
1501337638137073666
1501337636849557506
1501337635830341634
1501310380127264776
1501289247273218048
1501289245096484864
1501265606062096386
1501265602597511181
1501265512138825735
1501258863084855301
1501258861780606982
1501002881981419524
1500845312847527942
1500516496124125187
1500181702177660928
1500169851423399938
1500135234645413894
1500135233374593026
1500135232145707013
1500135230962868227
1500135229578743816
1500135228169498628
1500135226848301060
1499863422535622664
1499863420404908034
1499837057656664065
1499540179429871618
1499508707532627970
1499453087408349184
1499453085885865984
1499453084430393350
1499453079825043462
1499176063641047041
1499160013620842501
1499160011238477835
1499095125569544200
1499076607176232962
1499068909319860226
1499068886108495878
1498756507797704711
1498755418499211270
1497271350511210502
1496898534657990659
1496540299912486925
1496170974806482953
1496170968963854336
1495045328504033283
1495045327229009926
1495045323919609859
1495030244910288896
1495030242469163012
1494764238635732995
1494764235699675137
1494745743135027204
1494745740719140865
1494713530037280777
1494713527558410244
1494423645573234695
1494423634085044228
1494423631232909317
1494421276303179776
1494347264768282630
1494347263325396993
1494347260532084737
1494340402236719112
1494340399191654404
1494340388387237889
1494340385274949637
1494105514002759680
1494105510576021505
1494104300209025026
1494075345657552898
1493624048210821124
1493624046470184963
1493376684195827717
1493376482235850752
1492984606894735360
1492984603983982595
1492966413098700806
1492966408652742659
1492963535630045190
1492909130000048134
1492909118281166850
1492885023917285377
1492885012072521732
1492620943906254848
1492611510698491906
1492611493254336522
1492237610667884553
1492237609199976450
1491856800752316417
