1534654060468609024
1534647305806258176
1534647180883111941
1534647004990775296
1534627728820953089
1534612504550178816
1534607033038675968
1534551677491191809
1534551670608252933
1534352803522613250
1534264625042231297
1534244215554703362
1534231009356562435
1534163984357769218
1533842495213379586
1533494608591671296
1533457111614627841
1533098498345820160
1532821500360855553
1532786442287476736
1532746177136893952
1532714604480106497
1532714600512331777
1532358220215459840
1532023105828405253
1531311231503581184
1531311226017431553
1531311224901730305
1531311222854926337
1530241170839719937
1530199647322505219
1530175570545344512
1530174209279807488
1530159441965985794
1529876119603892227
1529867853016571906
1529834309246500866
1529553627374919680
1529553625328111621
1529201898405957634
1529192612002947072
1529127239031324674
1529110500457562112
1529088244058554368
1527997640129904641
1527728106840129537
1527681809999228929
1527675716241850370
1527671376986898434
1527397684377550860
1527379158875000832
1527372830823723016
1527345637963878402
1527333763260338176
1527325642437832704
1527117625599447041
1527109782024466433
1527107800131948544
1527047616198062080
1527023194997129217
1526999516725010433
1526968839904366599
1526964151758868482
1526671033100652546
1526640445111119878
1526621829632237569
1526603537425354754
1526327724511576064
1526312595568869378
1526240386246758400
1526164986153906177
1525224363460395008
1525204262292267008
1525191875249979393
1525178864074469376
1525138044709486592
1525111695739330562
1524855514571718674
1524846886829670400
1524810862141259779
1524510917114929154
1524476504708726784
1524441038026330112
1524438972818239490
1524398161955106818
1524381615803310080
1524118857237073922
1524089299821645830
1524002929686028289
1523732468217434112
1523732466284261376
1523732463612170240
1523688067181072385
1523673481790902273
1523662069308006400
1523437596063387649
1523344728045072384
1522982089125023744
1522630522127765504
1522622230009679874
1522608404493123590
1522217702068129795
1521882073451184130
1521841518616748033
1521561729540534273
1521550908458291200
1521519474775576581
1521519467762749440
1521519462066929665
1521519457046351876
1521496574408470530
1521153288162320389
1521127223931121664
1520065381955739649
1520064723085053957
1520043634791485442
1519806531759390721
1519683242370252801
1519683234963116032
1519683229103632384
1519683222455607297
1519446290307993601
1519409841428742147
1519395958739456002
1519379571245731842
1519364574771875840
1519319597509451777
1518953612998856707
1518677474669912065
1518666636198301696
1517494642677276673
1517263799748898817
1517263450220732421
1517198011046273025
1517116679985188868
1516801246811807754
1516779177629921296
1516461876451762178
1516454074098630660
1516442749284798466
1516426719212802052
1516148057590673408
1516136986154876932
1516121886668722179
1516106786306084868
1516085506618052623
1515691555197272070
1515096126101336064
1515087047782191106
1515030989701099534
1515013812017057794
1514991280203390977
1514957800258129922
1514719068825206791
1514674389257760773
1514657236928323591
1514645583620980740
1514607122490671107
1514358153755963392
1514337879710908420
1514300403411820552
1514291091654254593
1514278669866479633
1513985337143533575
1513975772515602441
1513893506468745228
1513872170295906322
1513586176963215362
1513576702588375044
1513568930530578433
1513548594552397824
1513516850616971273
1512497091582607372
1512475363351269378
1512460298787033091
1512445169236275207
1512171611004231683
1512135344082374656
1512095837945479174
1512082772176764941
1511873083392593921
1511830209053474826
1511802965509685248
1511751067436003338
1511720393257717760
1511699517485330437
1511459130933972992
1511419493477724160
1511359162260807685
1511065448602869767
1511013212078157826
1510267308098260998
1510003119467470850
1509950211250176003
1509898171027230721
1509622416917598223
1509585250963316737
1509559417846571014
1509232992488730628
1509195071014510596
1508940652503052289
1508873052700000258
1508861640531394560
1508839102069850120
1508529173496741896
1508489103029018626
1507742672693481474
1507431587369078793
1507411241626656768
1507075986889785349
1507054640214552577
1507000811791998982
1506995173972221960
1506705344323534850
1506680725109710856
1506647371551232013
1506327627145097244
1506279323585687554
1506279315851386892
1506279309043978261
1506279302945546244
1506279295714480132
1506279288202571783
1506279282573815816
1506279276328497159
1506279269596545034
1506279263615467531
1506279255197552642
1505977926294061057
1505894836179771397
1505014202146172931
1504906343970447363
1504889371178070017
1504880318297169925
1504872258401144886
1504866565073903617
1504535294544171013
1504510813238874116
1504495507493822471
1504481387897757701
1504468520741982208
1504216690598502405
1504165602016968705
1504147134995701760
1504135301706489868
1504084064990633985
1503839766533611520
1503807425266458625
1503802124580368388
1503782460106199045
1503395360089194498
1503381349742395395
1502688974539661317
1502404565827735554
1502389578635923457
1502374551967215621
1502360923901677570
1502351561770606595
1502329190653247491
1502314583079460868
1502302887204032512
1502287456170872833
1501932061925404679
1501663955961401354
1501574980932354052
1501566242972446730
1501325829070102538
1501274643931402244
1501231757513080832
1501214952459325444
1500944388561776645
1500899078061838345
1500887990838702080
1500883881981091850
1499876600699101195
1499855770481053700
1499772622778867714
1499478336472555524
1499432626561683461
1499432624938438656
1499432623113969673
1499432620765200389
1499401794186661890
1499167395251957761
1499110913420533764
1499110809762504706
1499086669961732099
1498875288167591942
1498863210207846404
1498764598958333952
1498692759603105799
1498429938097082381
1498391034023358471
1498379241481809924
1498347426389889024
1497327787878715395
1497225668114984961
1496929924396961803
1496867852472758276
1496835040784879622
1496645697763954689
1496563090065969164
1496526679954624518
1496504847163707392
1496504845100015618
1496238145842688006
1496218668673421323
1496182886193582085
1496162438206693377
1495799224096763908
1495057838686851073
1494708690460495872
1494392299119382532
1494363516853264385
1494336997560774657
1494073837633294339
1494058090387447808
1494036357978730500
1494013877704613890
1493983532045193216
1493693274871283716
1493677669531398144
1493648998623756291
1493609767163637770
1493345175392899074
1493279822541430786
1493263989047967756
1492970836914966528
1492285304090382339
1492233907521171456
1492163598701019143
1491898124079710209
1491870586699669505
1491849450079199233
1491831181867954176
1491798128378273797
1491555111369330693
1491539355885883393
