1534669841726115842
1534654292921024513
1534641658138177536
1534629209204736000
1534602128852930567
1534602127871442944
1534583213510770688
1534564461746569220
1534552247186640898
1534552245970378752
1534522003423641601
1534290650773995527
1534272606542647296
1534261349840310272
1534254210396864512
1533925208771420160
1533912409232007168
1533897376620060673
1533880208805224448
1533868123677511687
1533842090739658752
1533817715282042881
1533817714044706819
1533083463737393152
1532826621681467392
1532800909985648640
1532785159849795586
1532781906101682177
1532766150181912577
1532739774401892355
1532481462196490272
1532470364315475984
1532468229842558989
1532443813574238210
1532408048643342337
1532350777339133953
1532107402203566080
1532098658304409602
1532088311287791617
1532081783000510464
1532072607717044224
1532058942549151744
1531744073186480128
1531730550607777795
1531730545817923585
1531730544341442561
1531717638304538631
1531708860553109506
1531697259938828290
1531307275784269827
1531307256733655042
1530681877157257217
1530598466606465026
1530309575664189441
1530288036554186755
1530273773500436482
1530255991572414464
1530243088920223744
1530176727233744897
1529901707483828232
1529861973256589313
1529835191258202112
1529480567271706625
1529249502229581824
1529216896297758721
1529201495362752513
1529184818386411521
1529184816918315018
1529181145115545600
1529157570581110785
1529141936841433093
1529128475239624713
1528857601685049345
1528819127066009602
1528790093942640641
1528767172989726720
1528025962792763395
1527765235624443904
1527744348015697925
1527726349472997378
1527703463655878663
1527690584080654338
1527645567022678016
1527391745633308673
1527378826686214144
1527365087257735179
1527352789105463302
1527342743865131009
1527321206177034240
1527303430552707073
1527271651078979586
1527036078074609668
1527013566804631552
1527002908432138241
1526990586120642564
1526971051330125824
1526956788125470720
1526724084096188416
1526717012810014720
1526677442219413504
1526672068338655236
1526656201286635520
1526641839679447040
1526618453586722817
1526618452101894146
1526605869038948354
1526582830184255489
1526372160155045889
1526326229888024576
1526319236687208448
1526297749133705217
1526283321927409664
1526274679886991361
1525458486557036546
1525240376315064320
1525223086672551936
1525202383378186241
1525185470937894914
1525174831087603712
1525158856250249221
1525150509778313218
1524864174102396974
1524851038288764930
1524831675053658146
1524815930915803138
1524802210433011712
1524789448432570368
1524761069520052230
1524502185383546881
1524483700024655876
1524467061354897408
1524451026958442498
1524435589566763008
1524418736840757248
1524399851806633985
1524384966355800064
1524372250442534912
1524157325107515392
1524146858808983553
1524140267581984771
1524004259150405632
1523792934843596800
1523769700974731265
1523760217422708736
1523292763139108865
1523042637695098880
1522683277395509250
1522658199337373696
1522619387500449792
1522603820009799681
1522603818923528195
1522571441702461441
1522559589606170628
1522327415615369223
1522317017604308996
1522316839996604419
1522306768117932033
1522306766666620930
1522299133725495296
1522291681923461120
1522203851608236032
1522042902511341568
1521975051154866179
1521963836982579202
1521951571206103043
1521944645131026433
1521938045188071430
1521615295097487368
1521604397448544257
1521587253352570880
1521577999275118593
1521555256181669890
1521542772662099970
1521524997763829765
1521257530487459841
1521246397286211584
1521237916219060224
1521226427798110210
1521214370637885440
1521206136980090881
1521198313881620481
1521185580536770566
1520554123783020549
1520453704322891777
1520379029563523072
1520164424732053504
1520126284688461824
1520115797900861440
1520082583404613632
1520067407234150401
1520054556616536065
1520037376617328640
1520024197543743488
1520024196608315393
1520024195639521282
1519831531220520961
1519786076776378368
1519786075291635712
1519779285195800576
1519771066436100096
1519756367581569024
1519756366075899906
1519750078054993920
1519744291509309440
1519729217147179008
1519430682208055296
1519421304033656832
1519408637248217088
1519399814554963969
1519066160163131392
1519058699985240066
1519045234184929280
1519027290226761731
1519003373663629312
1518992518561607681
1518932113957048320
1518698842157461504
1518684416607932417
1518673886832963586
1518652192009469953
1518632756686774272
1518617785508716544
1518235499965689856
1517612730416611331
1517606230033850369
1517596807127351297
1517596805961289730
1517490204327698434
1517479325712490496
1517255726208589828
1517228237163798537
1517193130906431488
1517172264990617600
1517163187082350594
1516875522751479811
1516835109806256133
1516802593841889281
1516786458828451845
1516512326299627523
1516497886682525703
1516478391083585538
1516455399351898122
1516438172615561218
1516131522927026176
1516094308260134926
1516064522343178243
1515684586163945479
1515406521219354641
1515055928663584773
1515055927623364612
1515033245058019332
1515016630660747267
1515004113301520391
1514989988018114568
1514936852565794820
1514932174314786820
1514708886112059398
1514692255780679689
1514684390567301121
1514664920943677450
1514664783718592512
1514647463529000970
1514630360260358145
1514611228957573132
1514337213324173313
1514310540864241668
1514296861099794435
1514279118526889985
1514268697740955658
1514227955198738434
1514227953680494595
1513987923850448897
1513960305373720577
1513932108141637639
1513911103050457102
1513897839562219524
1513895468757045248
1513879502555955209
1513615992294940679
1513589863521603584
1513572387589132290
1513559518604574728
1513546681958158337
1513528956338774017
1512528407044759552
1512511835869696014
1512494874888654848
1512471190652301315
1512445700184940555
1512429550608732170
1512415476286169089
1512173998599294989
1512160341811154964
1512154019803893763
1511814916587536388
1511794919765118980
1511776433793810437
1511765330871435269
1511745602815725583
1511744780811788291
1511727058090659850
1511710080156246024
1511468351981293576
1511455463228989445
1511435587462516746
1511424146680471557
1511424064958648324
1511423853054111754
1511414642538598404
1511399142714654729
1511383477819691014
1511373222348001282
1511354775924842508
1511342399196389383
1511342396545581061
1511325338852339724
1511324971607498757
1511324933296689153
1511075951370715137
1511064915267698688
1511064689140277256
1511053467825098756
1511053466302562305
1511044966532931589
1511026391940218882
1510456520089219073
1509999154608713734
1509977819295662080
1509953928712138755
1509938317038698506
1509926973136674817
1509905667586469959
1509892207704215555
1509681984297213960
1509681293918982146
1509647607345434635
1509628923998609408
1509620222151565319
1509612968467701765
1509596051526803465
1509596044643946502
1509596043696123905
1509579557908664337
1509567832719249413
1509561207354757120
1509545694255882244
1509476828838301696
1509466189323554816
1509290107605557253
1509268399679053833
1509255265799057413
1509245869798928392
1509234695069913094
1509225028944121872
1509217347864834050
1508975856441610242
1508910653301481472
1508875673795969026
1508857528603582475
1508841585768816649
1508568821388484613
1508556654207512585
1508545854537359366
1508533938687549444
1508502146198683655
1508478421571100678
1508459774064705548
1508432026814357506
1507758630908669959
1507454842331140107
1507443037919715330
1507426929086971904
1507393920468197376
1507372887958773765
1507076903961874441
1507053433047683072
1507053431634149383
1507028492126412810
1506745780698333186
1506731169269927943
1506692644726005760
1506666989170962453
1506650903167787010
1506418789944107021
1506389648146411522
1506360953323065348
1506321444812247042
1506302890998173701
1506298252097957902
1506269732202287104
1506028788815216644
1506014717151653891
1506002420379357186
1505981924665344003
1505958048103383051
1505946301674012677
1505934288881176580
1505395986054668294
1505159978302197763
1505154448599003139
1504920781310021635
1504899157068333066
1504868628180647936
1504851401779912707
1504838682825703429
1504837282267807750
1504566044110856200
1504559587613188099
1504547710799654921
1504542070320635913
1504518854042693638
1504500810151075848
1504483386739417098
1504479090673217550
1504454680080003079
1504437188334952465
1504224948637810689
1504223322699182086
1504189907132162052
1504157653555105795
1504123228217876484
1504107318178422806
1504104372497793025
1503846527931932672
1503821843748331524
1503796063056060424
1503760355314610194
1503738172127203333
1503450625748656134
1503432167074017292
1503412060658540548
1503396901475045387
1502400269786746892
1502378839942574081
1502359404766711814
1502342349308973057
1502325389355540492
1502311485573378049
1502284461559406592
1502066267888439301
1502052291213418498
1502043771722162177
1502027488121270275
1502014339376689157
1502006182537539590
1501995688229490694
1501966971008696320
1501699013657178114
1501671403761942535
1501658325284540423
1501641010916560902
1501631040808488960
1501630895316426754
1501620430809055244
1501609450649669638
1501602484405604358
1501594255676035073
1501365551154839560
1501354700687482882
1501310487073632259
1501294060346257412
1501291691516514304
1501266335631912963
1501247309287415810
1501217266490302482
1501201301438406665
1500967885715525639
1500955455790919680
1500940955045744641
1500926300151848963
1500903228095049732
1500886409468600328
1500874365986123776
1499967811178934274
1499853632052813831
1499824380632875014
1499808134189174784
1499788101379624960
1499770929651625985
1499499652139438088
1499491844291452935
1499486571862671373
1499475727552499719
1499468078022737929
1499463504985837570
1499450686320394241
1499438848459354115
1499428982881718276
1499385642865897472
1499146932740046860
1499146884761464841
1499138092472614913
1499129774677143565
1499108585577582597
1499096052565172224
1499087863429881856
1499076304469172224
1499064843743240196
1498858261952581635
1498855358865018882
1498853908948656131
1498852793360203784
1498852252638920705
1498851838325633027
1498851689058689029
1498849012220416001
1498848074134925312
1498847351104061449
1498846643822776322
1498841858725883906
1498836542198108160
1498824438011338764
1498804772006150148
1498797274872360960
1498790240500301824
1498779071853080578
1498765495553642502
1498752772900012043
1498750391521103876
1498741559520595971
1498736394939809798
1498727306239557632
1498726154764791813
1498716970203725827
1498712492914225153
1498664505915629571
1498650007213424649
1498437303705952257
1498432621453402112
1498429111135621122
1498413349125738502
1498410679233138689
1498388127060303873
1498312940629467136
1498296546445697032
1498291514044305408
1498144252416737284
1498066824155607044
1498048414654910467
1498012369754079232
1497943804606926849
1497930825295409152
1497733390077988867
1497732294492266502
1497684717813989380
1497656353585729536
1497645248104779777
1497584050130894848
1497320484014338051
1497288022630535169
1497244810993967134
1497228706707824643
1497085325755232257
1497081715403149319
1497065865749180416
1497048086585446404
1497012732960325641
1496988695743897602
1496982461951234050
1496970443034554407
1496969003708915722
1496968297048379392
1496955798173495297
1496943855916179461
1496915965342322688
1496904186847453195
1496895777599279104
1496885016994979848
1496877696827072515
1496854168899891200
1496702575286042636
1496700350220443651
1496689173612400641
1496607784766476291
1496595434579677194
1496576107801362433
1496541898500190209
1496527914036256786
1496513061288652801
1496499359101472772
1496468761502703622
1496431332817313799
1496234869319507971
1496218689359777798
1496171535576535044
1496154463744233474
1496144805562400786
1496135794595147790
1496125086469922823
1496098452060659713
1495865924821397509
1495865922954969091
1495865920736182274
1495846644641902592
1495846193255047172
1495737336264548358
1494823479199293446
1494810771871653893
1494802067474599938
1494759472119615497
1494733805319512065
1494711738897416196
1494706609494405123
1494702908532740104
1494429058058366978
1494405510057103364
1494392084966612997
1494366890126462985
1494335841388269584
1494064317779566598
1494053555929554945
1494041305059667968
1494004010612895745
1493990903463165962
1493946296172007435
1493741560168595458
1493693051771961345
1493676076006088704
1493657604454760457
1493642119956869120
1493629212313460741
1493355164773847046
1493342743128678400
1493313145267499016
1493309635356499969
1493299408527675397
1493282791836037121
1493264592356757506
1493264591345827843
1493253793055744001
1493014948217335809
1492241566982881285
1492234539321724931
1492174377642831882
1492116615726514183
1491893421421830149
1491882732913315845
1491866962636460039
1491860973883437057
1491819738086924290
1491750968337260544
1491544979772162052
