1534680866496122881
1534653162841419776
1534623260347858945
1534273433206505481
1534268165567483904
1534233196488957954
1534229293877846016
1533922943985664004
1533894384491569155
1533881308857901057
1533856353055383553
1532820769247469569
1532773022196715520
1532545137993203725
1532441180826484739
1532401681752805382
1532093834599047169
1532063414020808704
1532025415992332291
1531751991591960577
1531742882331340800
1531726458951024640
1531291577796157443
1530283042752942081
1530223645058076679
1529866477674840064
1529521579943657472
1529210598004752386
1529188911922257921
1529166272457580544
1529149727501168641
1529119158729854976
1528832704963387399
1528816240751411200
1528784153809928193
1528756393519501313
1527725983012466690
1527706838627663872
1527672758221545475
1527405385602281472
1527405183390687232
1527363052039188481
1527335812613824517
1527314766137397249
1527027485321355267
1527003174032355330
1526981134168608769
1526948075532652550
1526649247709507584
1526638802713944064
1526606337819480064
1526335576600895491
1526335575145558018
1526335573782409220
1526335572016517120
1526246975154298880
1526230776223784961
1525192501518389248
1525192499630850048
1525168083630948353
1525138887483576320
1524846484906201104
1524807051720937476
1524454098371846144
1524173690392428545
1524157956069203968
1524081436390830084
1523709392897544192
1523684988595564547
1523331198986047488
1522719898660749313
1522660883339804672
1522650162346160129
1522626458891567105
1522595076219752448
1522324470714748928
1522307511247855617
1522297598589251587
1522276902119129090
1522236008972050433
1521942531373731842
1521927568747814913
1521604452708462593
1521584388831682561
1521524724102094848
1521229148647301126
1521177412414889985
1521134561412976640
1520151933742428162
1520116118886756354
1520081491065196546
1519768004510244865
1519726263849701382
1519701730962948098
1519694685765345280
1519366933858111488
1519353951497469952
1519344268195815426
1519331382136348673
1519328211573915649
1519069572573405187
1519039259969269762
1519036457930960898
1518975553973506048
1518674155465592834
1518640632050425860
1518617367575732227
1517610392159145990
1517553463550431233
1517538286000037888
1517265586300067840
1517230317345681411
1517173384198737921
1516900035971190785
1516866577911668747
1516802948973670410
1516567231030771718
1516515439681196036
1516471320493662217
1516447536747360258
1516170406612328453
1516129412890177541
1516105088540024834
1516105082550501376
1515680146447028224
1515107374142533632
1515083190758694922
1515014222974963715
1514701771561701385
1514646755467579394
1514348658816434185
1514344673711640581
1514267272914915328
1514020248860643333
1513973352330895365
1513955522571120644
1513951125078167563
1513612933124739073
1513596702632161298
1513583073895587841
1513537073332035594
1513276168425943053
1512491356735918087
1512449546915393537
1512140025865113603
1512110957778112514
1512090893192474624
1511829983051792393
1511815784804331524
1511796136775983104
1511760030722367495
1511705419294593024
1511427932832555020
1511425202726612997
1511393556203814924
1511342027337781256
1511125169934323717
1511066988885393408
1511052023474667523
1510029431817093128
1509947436533489665
1509670626142871554
1509657072622882827
1509639550687186946
1509553377214189575
1509553344116891656
1509547735925538819
1509250207535575040
1509222178172063746
1509183961007804416
1508922740618809344
1508896643768270862
1508878067883814925
1508855253336309760
1508550637302149121
1508537099309490182
1508513223779233799
1508504370744545281
1507461258378985473
1507441013333364763
1507441009696903176
1507146846388600833
1507092483964088328
1507034707032264719
1506752583481843726
1506682434078875657
1506648898965848075
1506268975780536330
1506013443647811589
1505945384513904646
1505917332794880010
1504902974698569734
1504818868954480658
1504621260495544327
1504579893065142280
1504534149645877256
1504101452989575168
1503837454343852039
1503800080788340737
1503770544654766082
1503489223877349379
1503452276542816261
1503391660281110533
1502306998158823428
1502087802502225922
1502031383413329920
1501984877712977923
1501939720669986822
1501777626452705281
1501777624514940932
1501768515963039750
1501655017824075780
1501350929127329797
1501304629207912453
1501247778898468868
1501247777409486856
1501209165934514189
1500982161750597633
1500982160387457032
1500982158839717891
1500495714035671050
1500495712689209349
1500252096750362627
1499887921427537921
1499776525964804097
1499428996794232837
1499402935033339909
1499129987101831173
1498840710837059590
1498759671104036874
1498675905660657680
1498379771901882371
1498315177707683848
1497939783812718598
1497651742980378630
1497584556324503554
1497319047108562945
1497319045498081285
1497263051619422214
1497240880859783169
1497013490862952456
1496948749821612035
1496851436285698052
1496599661737656332
1496556115567517703
1496507736544194565
1496244361981530113
1496118578092789764
1495921971875532806
1495481676776022021
1495045255736934402
1494785405794852864
1494723072603168771
1494432818881044486
1494398325935726596
1494335775911022593
1494100969608593409
1494066674152218631
1494041106862030851
1494035036965949443
1493961530261520387
1493957820756148224
1493705450361139211
1493682620613414919
1493615398125805574
1493345703556485127
1493336980423430151
1493306237135593474
1493283845894029321
1493238103288520706
1492989515333619713
1492559002114441229
1492268367385972745
1492232332622934016
1492222319502274567
1492186946105487368
1491858770359689216
1491830822676189194
1491818289152020487
