1534313568421695493
1533925999896838147
1533871451102650371
1533590742332891136
1533549722069254151
1533214009591115776
1533166697804288000
1532810815811764225
1532744221790294016
1532524450578669568
1532403625934348289
1532112212143243265
1532028128268369922
1531763111010742275
1531749336547196929
1531354054378631174
1531354052788895745
1530964184711712770
1530582167859826694
1530330509930385408
1530295277092884480
1530226763808260097
1529989923117453322
1529931620266000402
1529931444465942528
1529914418540453888
1529489124259938309
1529219915579899905
1529219028593647623
1528878189484953601
1528857306833772551
1528517814956400641
1528470503165415424
1528457555411976198
1528135042827952139
1528048598226718720
1528043188136693763
1527744279514427393
1527330032569311232
1527250276440281091
1527075887199428609
1527059380717424642
1526959274018148352
1526925795276599296
1526646550511886338
1526351945321021442
1526351942221430786
1526315530323386371
1525982107062837250
1525943854775472129
1525613427795714049
1525244830619688963
1525244827146780674
1525207356895903746
1525199508103127040
1524857673958703105
1524793774467170307
1524793771971555328
1524489820751515649
1524462763950714887
1524462762725892096
1524451112467709954
1524048536504995840
1523826537258127361
1523743734113861634
1523743732201185281
1523723629724377089
1523424000524775424
1523370206793388032
1523043996490104832
1522650236442845185
1521955442062204928
1521518000167395330
1521517998892371968
1521517997373939713
1521517996157685761
1521244442216251392
1521200593481744385
1520834956158803970
1520470436206759937
1520162784847306752
1520075516077920257
1519792012987449346
1519764469336924160
1519764390492389379
1519726155510816770
1519458437909909510
1519056693484740614
1519052437113425924
1518703081810243586
1518375736159227905
1518332451050901506
1517965784890454024
1517924513014505479
1517638021373386752
1517533004511518729
1517256744585601026
1517250258375434240
1516891122018267137
1516813347416645633
1516518259054501900
1516510322818957320
1516157094063448065
1515790199455813632
1515699854282047501
1515424540100157445
1515103424412631041
1515045542803423238
1514705648897908740
1514682746320347146
1514355335934394370
1513973711350558720
1513625602691059721
1513618479236145157
1513618477315244044
1513300544567144448
1513239139965190151
1512918778853568512
1512815347707092996
1512530656626102279
1512478720262643718
1512478473012629505
1512175659740811272
1512099169904861189
1512099168831086600
1511800745665908745
1511713203901902863
1511371686683291652
1511126018425245699
1511125523883245573
1510766346157572104
1510719789219598343
1510387096992698370
1510018907343659016
1509981674662248450
1509911581391564804
1509654640379449350
1509604327106748416
1509275371702820875
1509268228295569413
1509166399150821382
1508927672746921985
1508874895400316933
1508565576326725648
1508565571289468940
1508150610343858177
1507812633189269509
1507421236862795802
1507392844851556356
1507135297645170701
1506741865332318209
1506741521701380101
1506399367430873090
1506399363093909508
1505654663793717248
1505223069962575876
1505176548055392260
1504920466158505989
1504902156889034756
1504559417928392706
1504559416275881985
1504527428227637251
1504251526725914636
1504251525144756225
1504204887978131473
1504107061298221065
1503904396815605761
1503886724459552774
1503833709082030092
1503479175251902474
1503132953601269761
1503132951940419594
1503115683961270273
1502812688103051264
1502751534945288193
1502363969461395463
1502363968173707265
1502260690932928514
1501944692358844427
1501777378762231809
1501331912471818242
1501272435865407488
1500955714210181122
1500931372600467456
1500600108135682053
1500271945744625665
1500223879112921091
1499868189274083334
1499868185201414144
1499784717385744391
1499447280063102976
1499416073850007558
1499119940779053061
1499089598928072711
1499053259314675716
1498867415156883456
1498861685242839042
1498735878478434306
1498439834117025804
1498352534121025539
1498055843530563600
1497690435548073986
1497331329855279106
1497331327497949185
1497288730612310017
1496925083864113157
1496633284629090307
1496633280086564866
1496274909940658180
1495900685505810436
1495521141548531714
1495156488880287745
1494753743975374849
1494443384710307845
1494390640574033921
1494348715062181896
1494059488910970883
1493724016837861381
1493642791892705280
1493351277497040903
1493343992032997376
1492621691117318146
1492604426267279360
1492258014304567297
1492189355703775232
1491871526550921223
1491832281673216000
