1534686373365661697
1534682230135656451
1534655487630876680
1534654349242163200
1534648522032746497
1534623862180171777
1534622868918702080
1534610511215616003
1534595881584009218
1534593317882806272
1534507139061932032
1534339430898708481
1534324577568010240
1534316957515894786
1534315104640049156
1534278498596036608
1534255119952449536
1534231866550657025
1534225793957736449
1534225670812860416
1534225571391197185
1534225361856303105
1534225163482546183
1534206456131723272
1534169922984726528
1533953367004807173
1533842411272781824
1533836849361436672
1533207112385429507
1532896388803088386
1532895905099161605
1532894901649690625
1532894797203226627
1532894478117249028
1532894011396087814
1532893690397605888
1532893642423140353
1532837027120656386
1532832659092774913
1532828405212880897
1532794243709689856
1532777875241304064
1532777512803131394
1532775657112993794
1532773741029208064
1532769104364457985
1532768951129751553
1532768556852592642
1532768334466678784
1532768306502967304
1532741287581040640
1532727782836518912
1532719286111838209
1532718037492764678
1532487231029624833
1532422899574919178
1532417408908120064
1532407697940807680
1532362886420520960
1532362693956468736
1532141857651793920
1532140187349880833
1532127351793934336
1532102076398018565
1532098047982845953
1532097056441044992
1532048068404817920
1532047962959904778
1532032504345026562
1531785730367934464
1531785622523977730
1531780133555785734
1531742505305260034
1531727879108714500
1531716631377870848
1531716530525855744
1531262901788475394
1531262831894700034
1531236702496477191
1530341833800355841
1530313396540919810
1530298691185164289
1530277666049249285
1530260025947602944
1530259899833364480
1530252745101479937
1530249757041516546
1530167670368354304
1529977230608191488
1529976897777573890
1529975423056203816
1529929234843680777
1529929175578120193
1529929083001487363
1529909401968070662
1529900966161567757
1529896954104360979
1529838063668678657
1529838001156767746
1529837943518535681
1529837868377677824
1529834863578210306
1529629860011843584
1529612424961216513
1529612309622145025
1529605961870188544
1529587138295218176
1529581042482438149
1529556753054109696
1529550480094920706
1529225673226723329
1529225620483239936
1529201535678291971
1529195172579393536
1528878189455429632
1528857943688740864
1528857245768884224
1528811384623988736
1528811314633707520
1528811206374465536
1528785141144993792
1528099293390950401
1528099212663087105
1528099062603448321
1527717792744624129
1527694512205742080
1527694428592386051
1527693350870077441
1527675125264437249
1527442704560492545
1527442467192197121
1527441733725872139
1527433477867683846
1527379211425443841
1527366982986702848
1527363452712300544
1527104750478581760
1527073707495149569
1527061642932002820
1527043372980088832
1527041528929173511
1527041370397061127
1527040866770116609
1527040771752329217
1527038482010480640
1527035006484463616
1527023250580152322
1527019190925795328
1527014716882554880
1527012374670082052
1527012217169780736
1527001250390220800
1526993678253834240
1526709062225772544
1526708976985034753
1526693531108122625
1526693196159455233
1526683611826638849
1526649164196728832
1526649074757382146
1526638575047127040
1526627513295945729
1526623573527371779
1526622644656816128
1526614098431156224
1526613947524210689
1526613870676258816
1526611116100657152
1526607257764601857
1526604539637415936
1526582444413095937
1526582385030090752
1526582084898283520
1526581915293294596
1526581734401265665
1526568655156400131
1526321845468811270
1526291398156230656
1526271568460005379
1526270460736028674
1526270347779227650
1526260435367911426
1526230676734980097
1526228255518380034
1526171672507817985
1525904531019685889
1525898576383074306
1525612934218629125
1525540298482393088
1525540215728881666
1525491128845361152
1525241980657078272
1525221637645389825
1525216696499326982
1525213861623873539
1525210459783188481
1525205698560368640
1525203964547018752
1525202075742834689
1525157254411976704
1525156885430771713
1525156840543334405
1525095638081359872
1524902510003212292
1524897616030584841
1524897599211425799
1524890769789792257
1524885980083281932
1524867506455859202
1524866711979282432
1524866629003362336
1524850495516557319
1524841120823398428
1524838365056667649
1524838265777537024
1524827365284663316
1524817350037585920
1524800060051054592
1524794342216433667
1524565148375080960
1524565078619660288
1524564968196440064
1524542493148254208
1524539204658778113
1524538699471589377
1524538507385004032
1524538362811797505
1524538164983042048
1524538086956359682
1524538033562963973
1524521587386593281
1524510548930535425
1524486349428080641
1524478498290733056
1524478368506429445
1524477671471734786
1524472347486527488
1524471545225265153
1524467594064977934
1524466984833982464
1524445092542615553
1524434096021286914
1524424248630165505
1524424107072401414
1524424061601918976
1524424029779775496
1524413193627525121
1524413057597849600
1524404314294341632
1524393560161849349
1524393528918487042
1524393496924282885
1524393461348245506
1524393411893149696
1524393365718061060
1524387807925612546
1524387167857958914
1524212350714327041
1524211892511772675
1524209265942179840
1524206319833600002
1524206285226491904
1524206228146171904
1524206196756033539
1524206085988626433
1524206039108882432
1524206021966716928
1524205995790061571
1524205951179538434
1524205911413252097
1524205856916705280
1524205816768774151
1524205794430001154
1524205772833501185
1524205651790110722
1524205629015044097
1524205600112095233
1524205550153707520
1524205483799810050
1524205342778929152
1524195195289542657
1524195009620287488
1524188223978840065
1524187322807373824
1524173859368448002
1524173794532892673
1524173766133231616
1524173706465054720
1524173531646509058
1524167806249582593
1524166955497832452
1524155214546223105
1524151002554904577
1524148723680485378
1524148684304306178
1524142607588282368
1524140628900261889
1524127545649778690
1524120569226137601
1524120206779551746
1524112815828701185
1524112785701015558
1524112678964416523
1524111670657835014
1524090840276250624
1524087284810792962
1524081907549589506
1523748836241711105
1523739653089939456
1523723733034504192
1523720862838697984
1523704821596917760
1523696950071025665
1523685067130032128
1523677457903079425
1523650235133689857
1523306466051952640
1523038245814210561
1522682867368747016
1522655735158644738
1522652421104844801
1522651704365404162
1522651659666661376
1522650791839997954
1522644868014743553
1522636670188888069
1522631016032182272
1522613451062980612
1522587989234397186
1522587945961672705
1522587668508467201
1522582231952367619
1522545792527093762
1522542785404018689
1522407152756867074
1522357977977556992
1522331949502763008
1522331909124149249
1522323256405114889
1522320232005738501
1522320111952084994
1522293803327049731
1522274939646083086
1522269580441305092
1522256728125022220
1522254470763229184
1522231329747779584
1522209991926726656
1522209176096759809
1521954001683636229
1521950017380139010
1521942742166695937
1521915625148497920
1521895031195512833
1521886825677307904
1521884522740133888
1521658367915216911
1521607582087065601
1521566919865864193
1521556935602016259
1521556846582063104
1521554045328146434
1521551734740594690
1521547033211023361
1521505271771762688
1521467688891162626
1521322620658061312
1521302037920628737
1521282713013137409
1521266581728378886
1521264016060030978
1521263945906012160
1521244388470366208
1521234726236868608
1521221312043171840
1521170542484672512
1521148745680883714
1520841624007413762
1520119476439552000
1520098699413790722
1520088359208685569
1520084590127366146
1520051457743114240
1520046430865567745
1519787233980596224
1519779737803104260
1519768417175232514
1519749895166611457
1519748781591470081
1519736771189391362
1519717864890159105
1519717541538672645
1519427763781914625
1519388611942232066
1519363457732202497
1519335562741792768
1519335561340801024
1519322690053623809
1519322155418361857
1519322059813257216
1519321620858429441
1519321410602164225
1519320664540430336
1519313926688845824
1519305790829600769
1519063328110350336
1519058087386263554
1519046393893212162
1519030883939987456
1518683282849910784
1518683130709819395
1518665501651648512
1518638646013972486
1518359359943811074
1518359330764075010
1517903625430790144
1517643907328319494
1517643842815774722
1517626801299902467
1517612960432246784
1517601635782082561
1517595988311121924
1517594482757316615
1517551290095656968
1517516324397883393
1517516280269578240
1517515126475264000
1517515069361430531
1517512842060128266
1517508526360436737
1517237981907759110
1517237944989409284
1517224131607027721
1516547690745761795
1516537121368068098
1516531679904604163
1516129436160077824
1516118110201331712
1516109722306420746
1516096746761375751
1516085433008017411
1516072501138403329
1515768536274124801
1515078061787545600
1515077285384056832
1515059244940230656
1515055488957763584
1515008505593274368
1515007811234713608
1514718014020755467
1514717987185565698
1514717949055090693
1514717907535732743
1514717757509705732
1514682178881396749
1514611862809153537
1514352506415034373
1514325491079122949
1514313016166301696
1514312106136506369
1514305508139798536
1514266290109751296
1514266058055630859
1514240166784913409
1514240116474228736
1514239951726157830
1514239809744740356
1514239722972921859
1514239647433601030
1514234921509867528
1514234817881284611
1514234572824842251
1514234505070010373
1514234340355497984
1514234247674007555
1514234058766786569
1514233799600656390
1513963669587214337
1513963543590318091
1513933004011409409
1513672164205117449
1513604070665338883
1513594576690372615
1513594496734351369
1513594226658926600
1513593998828519424
1513566887669547017
1513566523666964483
1512554881122332674
1512538883405320199
1512521232184393732
1512204390203109385
1512204314130976772
1512180546826297350
1512180418010824715
1512169488795553799
1512169446567198726
1512169196301467655
1512159392518615053
1512159322289156101
1512152538908348416
1512139934387347459
1512110054488645634
1512106503427215366
1512106475728130052
1512104956937056256
1512088433547780096
1512088394553167881
1512064266337091588
1512064206308200452
1511862176079769603
1511846141171744773
1511844449818755076
1511841438916616198
1511826083594883073
1511817451612299270
1511813503534907396
1511810734518329344
1511808318888714253
1511807101500338179
1511804370249261069
1511801546937405445
1511799135397203977
1511750761822236675
1511739900164546568
1511736927959064586
1511486342366117898
1511459249372774406
1511457886316253185
1511451592310267904
1511443088069304324
1511441167422042122
1511440513072775178
1511436694729502730
1511419927772774410
1511419815013007370
1511418003459559424
1511416444944277513
1511414102505234436
1511412990419087376
1511403173780639747
1511091488599519238
1511071111680724995
1511063554467766281
1511059427377487879
1511052885894778881
1511052506792660996
1511039579989716992
1510684215037333515
1510684203574349831
1510025880478887937
1509985752691654663
1509973456418443275
1509963786605797376
1509961404983488515
1509958514348806150
1509950890660220932
1509927093135679513
1509910954556932097
1509902292815949827
1509698231973945348
1509648038838558726
1509592709258002438
1509583805828546561
1509579852566966278
1509570128211501056
1509329650752835589
1509310112166555651
1509301703467843590
1509291693178241025
1509278329534402560
1509275503961817092
1509272504174624772
1509269020100468749
1509267409865261061
1509257165743263755
1509253061511888897
1509217466093871111
1508960950178627589
1508945038155337729
1508942076506882051
1508931434764980233
1508923769238212608
1508918052708102147
1508905763334496264
1508876545854738434
1508865671437946881
1508848037422059534
1508840116588007436
1508553716030394380
1508553664578916375
1508534641023762438
1508523064518139905
1508512465767829506
1508511259083296771
1508498123613773830
1507435516425293836
1507420709932474380
1507414230617653250
1507411939433066496
1507403726683873286
1507380787347398676
1507376361232646152
1507118811899523095
1507104722121068547
1507103762892087300
1507101419945570306
1507054734229835781
1507039468427042824
1507036282144362504
1507018167066918913
1506759638842281991
1506758779978887175
1506753423831617543
1506751475078287361
1506751264058658819
1506751186724171785
1506707352753344512
1506700359615582212
1506680532775673856
1506665458233233418
1506388390090100736
1506380295448281105
1506374572769169408
1506354882210578434
1506348914198331393
1506325293472137221
1506267555589197828
1506028376699674631
1506008998767587334
1506000278696476681
1505965365079203842
1505963728294060039
1505946497585717262
1505945807996035078
1505167335484805133
1505167224532881410
1504954982705025029
1504937322202152965
1504935090912178178
1504921523593027584
1504911867399057418
1504908519086170113
1504897411923197957
1504897269551800323
1504897085681946628
1504883011791298560
1504880729334898692
1504872196409282561
1504863712007667722
1504831913260949511
1504610932407873538
1504588387952599055
1504581880309501957
1504581265965690885
1504552123241009152
1504547971312070666
1504547842270056450
1504543307720015874
1504524517099585540
1504520164821422082
1504520090791907331
1504517745672691713
1504517661543342083
1504238537574690816
1504226000300908545
1504225881690193927
1504223779278446593
1504181969663545348
1504162583108071427
1504155257294700553
1504153501689171968
1504148075488722956
1504106722981560332
1504106663359488011
1504106551753248782
1504106247041265669
1504101481322004483
1503836928499666944
1503816067059269635
1503783167861399566
1503772038514757641
1503729756956672007
1503721693474435083
1503453940305825794
1503433086461218820
1503412273620074501
1503377912010993668
1503371977402241033
1503135727458082825
1502392091816734724
1502388983589912576
1502386378297860097
1502315851793502210
1502311585435598856
1502299962952101891
1502102515114033162
1502097878965272592
1502097787952975872
1502096619776495618
1502092375396601876
1502081705154338817
1502059077890891778
1502056963424890895
1502025336271290373
1502019971093835776
1502019886792560647
1502005318544510981
1501993703774334976
1501991824910602240
1501957389695823877
1501942975537897480
1501936943927468057
1501936120371691520
1501928670444851202
1501927937666392066
1501927871086010371
1501925086693056515
1501739437130137601
1501667596332118023
1501655565944209411
1501652052191195145
1501617325535023108
1501604433687453697
1501599928589692930
1501569263089373187
1501345554277748751
1501324540982530051
1501319553653039111
1501316643028275205
1501304055112429571
1501304010539782151
1501296572608487426
1501292012162596865
1501291994722836481
1501290620572233728
1501290593195991040
1501290576536170500
1501290538510680067
1501289472671031301
1501289438210633729
1501288903923359748
1501282821754822664
1501253554622849037
1501251579114106883
1501251559480569865
1501251490849210370
1501251413866946565
1501249448269258758
1501186800173391881
1500959370120675333
1500944594447609857
1500939147829301249
1500873390961397766
1500867471045181448
1500850710476427269
1500131684951465988
1500131520530587654
1499864774951292932
1499845888637763584
1499830689079959564
1499806279249899530
1499805827091386369
1499805720560160772
1499805297401303040
1499537510166409218
1499523148269580288
1499516850178252800
1499503728336023560
1499502049309962242
1499488021371973645
1499480968087883784
1499479061218926592
1499465697424035840
1499459476180639752
1499454387948822535
1499454031831441413
1499444219857055750
1499402833099116544
1499402807325036544
1499195345129160712
1499169018787344392
1499124191085436933
1499123823882473483
1499122394891493386
1499114349323251713
1499112425299357703
1499109426472570888
1499108930294882315
1499108652447326219
1499107898919686150
1499107313659129861
1499106733087604736
1499101960892522509
1499100736889794570
1499099045188485120
1499098999260864520
1499097387343794178
1499095221996601356
1499094062774763521
1499085832350834689
1499080545762000899
1499073767380865024
1499066362240684037
1499064329320157191
1499064235002843139
1499045215583326208
1498858108382289923
1498857701757132802
1498857364992282629
1498854299236974592
1498853642799042563
1498851140947095557
1498851104293113861
1498849707338129415
1498848134792978434
1498847312138936321
1498847238826733568
1498846263206461453
1498845226848468994
1498844793052581894
1498844732524486664
1498843271808057348
1498836214719336448
1498833607267336192
1498828116801867780
1498827859762237443
1498827805051834377
1498822699245871104
1498822651430817794
1498822336392437760
1498793721101537287
1498791601388273669
1498782551590248451
1498766149043261440
1498751861683326982
1498732674055294977
1498732594585874438
1498695270078504961
1498694412825776129
1498694050920255490
1498693848708620291
1498679477047640067
1498460292568825859
1498456597261074442
1498453826139009032
1498403194828959745
1498400102205075460
1498400002963611649
1498399587668791299
1498336463137746946
1498335546162270209
1498060448930963467
1498026263306510337
1498006596261224451
1497961858023755783
1497961617635504128
1497889066108530689
1497686576180125697
1497640948607688704
1497372396877139973
1497351109341593606
1497350903275433993
1497350792646381576
1497262710194675718
1497261685861756932
1496956302018310164
1496955784118349829
1496955749095944197
1496955461060464655
1496955332467298304
1496955101210382336
1496954938609463306
1496954878144520200
1496954841284947968
1496954724893048837
1496924681370161152
1496883678588604417
1496872514794016777
1496858740905156609
1496619511264514050
1496614696245506054
1496585859868540932
1496559283542048781
1496521878399246340
1496293494876422145
1496285846089220100
1496262686065238016
1496249404029812739
1496249279534489608
1496227564846829568
1496211010335739904
1496168251692363780
1496143659267465217
1495963622102773766
1495963541114961921
1495933209300942852
1495761552313663490
1495756910418616321
1495445289506906112
1495445176977969156
1494787858196045830
1494765439414677511
1494749514279923717
1494744218887200780
1494742555908530184
1494704117398355973
1494424461709398023
1494383027136434184
1494377565603213315
1494364813774004224
1494330535031676938
1494318811834724353
1494062711222714371
1494060995324559362
1494057533308289026
1494057487812767744
1494057356644257793
1494055752952127501
1494036040860024833
1494025957698592768
1494016913164410891
1494016879215751173
1493998155188346892
1493998111097864197
1493997990893207557
1493997897221918725
1493997767504584707
1493997690316804097
1493676344953167872
1493676316767490049
1493672034768928775
1493653645384200194
1493637117762756611
1493361552719765509
1493361424487247872
1493344761968799745
1493314854156861443
1493299265095057409
1493291792711700485
1493291761879371788
1492970739980513281
1492970699530584072
1492970637199126538
1492212004303609859
1492203601065820163
1492183154278469632
1492179356147458050
1492179341169598466
1492179242850951172
1492179129747312648
1492179085124157444
1492135847063347202
1491915643981082626
1491915551177908225
1491911131748880390
1491899594954969089
1491897938649485318
1491882890468200450
1491876739794014215
1491874359480311820
1491852555386855429
1491805772480720897
1491803937611026435
1491788139462938625
1491622416124383232
1491622270263078912
1491599388761903105
1491597031017693188
1491596993428434962
1491596746903990280
1491596478573432836
1491595945892626434
1491564294886019072
1491555055266410500
1491555023242809348
1491555004192276480
1491553462911389699
