1534638810302144513
1534561192953389056
1534301112995663872
1534244795526393857
1534204838673883141
1534167426878808066
1533933879635083267
1533533436752838656
1533255720673714178
1533176611096383490
1533162786016092160
1532772931155156992
1532743150288228352
1532482740175642625
1532446897285349395
1532421720916774919
1532361573624385536
1532092747615698945
1532039930960019457
1532004154771755009
1531697056087420928
1531370390920085506
1531305700034588674
1530996276132827136
1530637186558828555
1530637066555510786
1530296961580015617
1530204198368845824
1529956797661995020
1529935870752698368
1529889906532786177
1529870333540442114
1529849621056475137
1529574973081325568
1529560838402621440
1529520432445112323
1529484678352326657
1529214219274567686
1529183585210613760
1529128981861126144
1528892947520946176
1528813888040574977
1528791372437897218
1528454107668832258
1528094166332452864
1528072404014080001
1527740416229007361
1527739937067515905
1527691923900837888
1527669073861033986
1527370959908286465
1527311297817108480
1527302193765703685
1527302124014514176
1527011844715646978
1526964322299256835
1526962828522971136
1526962764429807619
1526922738052521991
1526669458583994371
1526615712306974721
1526557018525425666
1526320302661287937
1526257527717076995
1525890656622845952
1525539188313137153
1525518635225194496
1525172389629370370
1525146758136877057
1525109181270876160
1524883918549311502
1524855883695538176
1524834698316369945
1524823191000166400
1524742342279942144
1524491629364711424
1524475883582631941
1524463098886692864
1524192311713931266
1524088574496452608
1524057062090682368
1524028081756856322
1523742258176184320
1523687318477062145
1523379092610961408
1523318420770500610
1523028482426798081
1522970323024449536
1522682619359547393
1522668618181492737
1522668513860755457
1522649922369110016
1522598260136943616
1522399113752547328
1522344171012603904
1522324080300548096
1522259371077558272
1521975496078147584
1521950039769235457
1521895139135873025
1521872852584124416
1521604229093371905
1521592000369532928
1521550498385604608
1521523420927770624
1521523419518545921
1521487902491959297
1521237183318921216
1521174298672705540
1520878226423181312
1520864467109744642
1520511985066119170
1520501082224484355
1520398817207668736
1520125515910324224
1520102778621804544
1520053321809158145
1519777691666427908
1519721757355163653
1519677016890658818
1519447297112690688
1519431777428910081
1519413265364930560
1519366150236385281
1519332885588815873
1519026839204859909
1518992403323052033
1518596171534671872
1518248664090746886
1517581737294970881
1517541783688863744
1517502429541109761
1517241215015661572
1517190925780459521
1517150918436802560
1517129844571750401
1516842320926101506
1516774272592752640
1516490362034008066
1516434830338236416
1516420389534060550
1516223110772633605
1516099251239014411
1515704350974296066
1515404663050293248
1515103153473179654
1515020407140671496
1514665539171401732
1514645369057071112
1514399491167854595
1514316663138758662
1514278922636206087
1514240293385781257
1513938554581364745
1513868481472741386
1513868350383955973
1513632604192391175
1513632549783977984
1513585235849535489
1513510729449717763
1512869902125871107
1512869900582330375
1512819980215148552
1512505304549789702
1512458738195648521
1512187630955515909
1512172464842981384
1512151981342797831
1512091337104973824
1512075711137296399
1511861700575862788
1511817748678123528
1511787004677214210
1511751909689933830
1511721927257251849
1511458406095220740
1511437464136736777
1511380158921551881
1511353982006005761
1511031821038931975
1510714756012941322
1510694581880426496
1510377449200234502
1509985900205416448
1509938212134924290
1509697302197276675
1509668489937788933
1509654233896861698
1509625361419673606
1509604124395986946
1509531426550603780
1509527199250100227
1509275829380993034
1509275689618444296
1509233274601844739
1509210346564853771
1509130822581821445
1508869275263643655
1508801817932673038
1508583283013079040
1508557872262795264
1508450300805500933
1508136769107087361
1508101309219717129
1507828816172965888
1507415010439581700
1507094990165581831
1507048095636283422
1506994524278730752
1506730476706443266
1506683694307758089
1506619515190366209
1506392499325132807
1506339980515368960
1506269837416443905
1505991296992923656
1505991295826907145
1505648513790754819
1505291100621262852
1505244989969911809
1504925611021651970
1504901311275405312
1504849232741740549
1504566679745056780
1504519013178691585
1504460531926712325
1504199516496539648
1504182909502111754
1504169203355594759
1504155017707757578
1504119412206485505
1503806485855232009
1503770590284591104
1503726488457289732
1503457106141319170
1503145135902765062
1503131333522034689
1502713489282015248
1502378828651380737
1502344854986113025
1502328725530107909
1502056643290443795
1501997358841745408
1501957397820149764
1501780504982573056
1501772196380921859
1501634823642828804
1501613095357235209
1501587454545084419
1501328406981529606
1501302738461855746
1501273903221522436
1501248344101904389
1501231651074019328
1500919772883607563
1500856505968508930
1500512803593015300
1499852181037486084
1499818709338177537
1499798060498628615
1499538767329341441
1499480480667746323
1499466038366384130
1499439813560344583
1499406730043830280
1499143278813396999
1499118271647395845
1499073218908504069
1499044571602423808
1498868277329731584
1498840429059530753
1498794118549487628
1498786207832096770
1498785965170642948
1498759846228901891
1498711090271862786
1498671767585497098
1498465149065347076
1498380746989477896
1498044375846240271
1497706756755054593
1497342599836938248
1497294577203486723
1497283444912664581
1497276709367791619
1497250413921202180
1497250013247901696
1496974234576637953
1496974233272045568
1496974232018128897
1496974230470238216
1496974229233111042
1496974227723132933
1496972559920869381
1496972558725525505
1496881083601858570
1496854596387495936
1496534958319542274
1496526828118413331
1496163712457129984
1495854449822216204
1495842587198033921
1495460779860144140
1495161793974579201
1494801398873014272
1494769941609783299
1494752950551523331
1494710057145184262
1494686608544747526
1494435739588698113
1494400027753656325
1494399935546073090
1494360465694199810
1494315138220191747
1494034063199506434
1493955731728605184
1493678974442029068
1493644085105774595
1493347123911446529
1493346913378316292
1493285120396124165
1493242716767113217
1492999525903978500
1492964172115628033
1492586854973157383
1492278266773843968
1492278141850693638
1492216683976695816
1491880085208682496
1491845302659260419
1491811117068431368
1491783622822486017
