1534649174872006657
1534646573644361728
1534616229956227073
1534583050830503936
1534556227920961538
1534543852270407680
1534329092836933633
1534329078689538049
1534297805136748549
1533841060488675331
1533799453743845376
1532363341364092930
1532363297919582209
1532092728854601728
1532034582169767936
1531654266372427776
1531651534316089347
1531301201681195008
1531007063702261760
1530271742777823232
1530270132886462467
1530270026007191554
1529558036934799360
1529223227662270464
1529200554961948675
1529186450750771207
1529179404458508291
1529173596345708544
1529168205591330816
1529116353285726209
1529101781975846912
1529101703458471937
1528801401937313799
1528064016324632577
1528063750112256001
1528060977585041408
1527741238295859204
1527395931322208256
1527377551261192199
1527357846580449293
1527355171369472003
1527349179764248576
1527347636613058560
1527347533248602117
1527336911223676928
1527285324321267712
1527278607185244161
1526928486778163201
1526714576649191426
1526649829455282177
1526627665616289802
1526545922724876288
1526544358291406849
1525164792733900801
1525164733145423872
1525164630611574795
1525151867323527170
1524769466298552320
1524501048035098627
1524471262814289924
1524170049052983296
1524128952729620482
1524128951207174147
1524128949793656834
1524071740644765696
1524071597497364480
1524066488193368069
1523655972711170048
1522686975479844865
1522260920650588161
1522236139515662337
1522230674480156673
1522230659909144577
1522226718387458049
1522218291762135041
1521972306377068546
1521956267975385088
1521950341591412737
1521909579201892352
1521902961080864768
1521897324540219393
1521897319129624579
1521878742276182021
1521646286595772416
1521619061645447168
1521610660316078093
1521545665041637378
1521488869174263808
1520102168505860099
1520072599946121217
1519748483036680194
1519726592578277376
1519716723611549703
1519713079747129346
1519672342821101569
1519430373989666816
1519429631958474755
1519393435513466882
1519383691528740864
1519377121281515521
1519367232559722496
1519357156964945920
1519345200958738437
1519080449053708290
1519032087570964481
1519018852566421504
1518938380679233538
1518935212247367681
1518608444735041539
1517635116381712384
1517583038976253953
1517580105807278083
1517547248070103041
1517532265928179717
1517167470704005121
1517161966191718401
1517150616908312578
1516916913506590724
1516861043569537026
1516842053958832129
1516496887418871809
1516471323530252296
1514689171910242309
1514680661663178752
1514646580112019457
1514298480197525520
1514272869181763593
1514246567041114124
1514246011329384458
1514006507972698115
1513945303942156291
1513904995195887618
1513900448205484039
1513882484890652679
1513863103141842949
1513626861217239053
1513616319484203008
1513602320961048579
1513567294433247243
1513521219399737344
1512413082336866307
1512191296772976641
1512191259661717510
1512175650588794882
1512119650506752009
1512086693825826820
1512083236528136213
1511813874898681861
1511812902684143619
1511797745815891983
1511775992410431489
1511760052796932109
1511758668219437063
1511754280352501770
1511752035644887043
1511745966122090497
1511469804498169864
1511464808150884358
1511444471900254211
1511389585833697291
1511354115326152707
1511333888404209672
1511083780458561538
1511057673046925313
1511057671461421062
1511057669813161986
1511041103306366976
1511038117070921731
1511038115661725700
1511038114176905223
1511019448483954693
1511018826690924547
1511018825252229123
1511012147698057223
1510287702146568192
1509956689755312141
1509633206978588685
1509627657884942336
1509612936544890885
1509604582674120716
1509566326427332611
1509565676654055431
1509553606005080070
1509540393335111687
1509521509336985607
1509289749235879946
1509277013986713604
1509266079922769934
1509229117304184839
1509223625790050304
1509186754925977600
1509166697336426497
1508917203105681411
1508914831960813569
1508903828908908547
1508896550805979136
1508896540487790593
1508874253395017742
1508869459217367047
1508869426006745090
1508839874136358917
1508829800223449095
1508827443888545803
1508813828578070535
1508803716043976720
1508568623362846727
1508557644608512003
1508520957798981638
1508463339206230018
1508437998001664009
1508437016479993869
1507932009292865540
1507492826610913283
1507390303933763585
1507373951730831364
1506993347084312587
1506770644662370310
1506758558897086465
1506754841107996673
1506074131728678936
1505734275102130182
1504178173466099715
1504103428703858692
1504093843750371330
1503717146634956804
1502435362253246466
1502434206986682375
1502433039623892993
1502363887194284041
1502344040381042690
1502311012485193736
1502310941454737414
1502286855701729281
1502257912101707779
1502167480814346240
1502119174109376513
1502117821974822944
1502117790760812545
1502117081667489793
1502109066553925632
1502107290379468819
1502093866996047876
1502092667517390848
1502092666523295746
1502092665487298561
1502092664560402444
1502092663465693187
1502091109111058466
1502089909607223298
1502089205924646914
1502088751400505344
1502084856896966664
1502084797820194850
1502051900304338944
1502044688613883905
1502015753318502407
1502013540395360260
1502012542134140934
1501988779925639173
1501985024278675456
1501981910834286592
1501944915302912015
1501936344012001294
1501637301713219586
1501574316248469508
1501305391942193162
1501300937855483907
1501294931385753608
1501286630744899592
1501238782963732483
1499825761821331459
1499781724905037831
1499779866211852293
1499513824596185088
1499490348967546885
1499435681508114437
1499112197745696772
1499111787580600324
1499111670706278420
1499106055460163588
1498859603668475905
1498856394522509312
1498855660234190854
1498853740702580746
1498852801639821318
1498850380431695877
1498846490021748744
1498843234260377601
1498836470915809285
1498820524666982406
1498799231791939590
1498756908353785858
1498748746590470144
1498727343338237955
1498670115868532736
1498421668531912718
1498306261842026498
1497774057609121796
1497308601328840711
1497308587609124866
1497258243147632644
1496967295326842884
1496961568885592070
1496917390411632646
1496916871702097920
1496640697528721411
1496554756776603653
1496554730490937348
1494852192486014977
1494460334610001923
1494457466796576770
1494457427810467847
1494457002596122624
1494450053527834634
1494427332379123718
1494423931796742149
1494416998327066632
1494408345008193544
1494408307523661826
1494407781713125376
1494406002820759570
1494400648875544582
1494395287590383623
1494394741043216397
1494394554090467335
1494318573619224580
1494317412006731776
1494072570664128521
1494001168959348736
1494000679731580929
1493982049698517000
1493949733974519810
1493949542793981953
1493949519519797254
1493710951996137474
1493706690939609089
1493699767544725508
1493684537037139968
1493682663986798598
1493629600102031361
1493441368529813507
1493376563756343302
1493374040874098693
1493360012856631296
1493342060639891461
1493339015617167373
1493333000033087488
1493276260973350912
1492347648736886784
1492234567738179597
1492198185644793860
1492191040492781568
1492190939661713421
1492186275268501505
1491982679369457664
1491870792837173249
1491809950867337218
1491807362579058688
1491795080088145932
1491794489572147209
