1534682292693647360
1534660024269676544
1534626176769183745
1534575160413638658
1534518183759077377
1534513577637384193
1533908438195048448
1533871519520243715
1533869099507499009
1533508001398771715
1533141621830737920
1532895434024407047
1532795336011313154
1532413184337911810
1532382687096283141
1531782341579968513
1531370860292055040
1530929456063434752
1530897998884003840
1530642974903783427
1530628472535535616
1530579656033808384
1530535359754428418
1530276134738337792
1530252977419825153
1530217237444960259
1530201886581833728
1529935476769144843
1529883582797426703
1529870392067862531
1529637218154946560
1529577527420796928
1529307016706985984
1529210297986293760
1529187457866022914
1529103719547158534
1528804565381947392
1528728516853911552
1528403311363235841
1528165329792294912
1528043227676286977
1527730939459252226
1527683682743508993
1527632712567250945
1527350012669153284
1527289912776478720
1527086118314905601
1527058091501568010
1527057948131966978
1527009293194641409
1526937392862707713
1526653798118219776
1526644210513981441
1526570946089390080
1526317656940417027
1526274655870500868
1526241817334800384
1526203709973225472
1525930763018977280
1525835389927407616
1525587847415140352
1525514022300180480
1525474511705055232
1525195422997676032
1525193152222703617
1525174876683784197
1525136819125465090
1525105498030219264
1524792223430230016
1524496534682980352
1524492105732788227
1524392307071594497
1524124061332566016
1524123806633238530
1524102223751487488
1524027588137598976
1523712101340315649
1523695242305687553
1523441303174148096
1523310880158814208
1522971013197484032
1522952873834946562
1522638894113726465
1522614772943962112
1522294350692200451
1522229542575869954
1522192630649655296
1521653774736977922
1521631767890829313
1521315362935033857
1521211204596903937
1521179394047365120
1520901070041534470
1520833761134448640
1520687606551527424
1520116815254413317
1520103744406536192
1520050206347300864
1520044271151337482
1519779388413329409
1519755721298092033
1519672072594722818
1519457862573043719
1519443002875387904
1519417039873576962
1519352482983469056
1519319693139533825
1519054495292043264
1519035306829299712
1519007727112134656
1518694670229979140
1518651771983474688
1518294969173389314
1517861055791308802
1517571373022986243
1517544839767801859
1517515704794292225
1517315664175767553
1517301808816967680
1517250869997285376
1517217358213001221
1517157097993080833
1517137607095857155
1516863869565743106
1516842076150763524
1516792762900926466
1516407665722863626
1516196145730625538
1516123526104858631
1516077320594939913
1515729433851793408
1515684061146234890
1515307977363922945
1515121166570172418
1515034950852034561
1514956735584382981
1514674077843300354
1514624369900900355
1514599299371479040
1514515709291806721
1514342518619529218
1514341104732286980
1513996064117993474
1513967439905656832
1513962503646195712
1513594932644167691
1513556703375147013
1513513950742294534
1513195670861238278
1513176980304404487
1512984705955770370
1512884805054001153
1512849321388961792
1512810817883881477
1512784141774995457
1512425780499783685
1512162715648806917
1512134765452877831
1512122476712677381
1512066889882619908
1511824167058001935
1511784223736315904
1511772608487960577
1511759689490604039
1511747792569606162
1511736311127891968
1511699191898284035
1511689084414181380
1511504928006717443
1511480803787788289
1511456146204381187
1511441293611741190
1511422168307019782
1511407409968910337
1511342142857297929
1511110371083526156
1511096500633362446
1511087844504256518
1511086221195419650
1511077764840964103
1511041029360791557
1511005008996798469
1510976229062631430
1510603775341481997
1510281652244815874
1510246923323772928
1509987613033254918
1509968778754502663
1509935806550622211
1509894243871043606
1509614838133239808
1509610828101828609
1509571605395034112
1509527290484510724
1509313352539021319
1509272893951291393
1509247212144017410
1509200330487181313
1509162015092264965
1508934320785924102
1508883647742492675
1508832674189918208
1508812581187772420
1508775992076161027
1508595686668873730
1508551496622821380
1508506607419858955
1508201628104544259
1507526184531341317
1507439941168603141
1507119173599645700
1507002145723273220
1506763424700813326
1506387014094135299
1506354499509796866
1506338760191053833
1506285266646020098
1505902211519426565
1505580572076384259
1505307307047071744
1505281649998716934
1505251189436387334
1505196732480729093
1504918110117183493
1504869233854976004
1504813764880834578
1504609279139008517
1504569760033513481
1504460651737280519
1504222015481421831
1504198053665943565
1504102819414089730
1503832934406660101
1503832739023368198
1503816370894553090
1503795381745991689
1502338507020382215
1502319592525422592
1502103617318404104
1502032095727792128
1501685424120647682
1501585194037530627
1501332316660154376
1501243623316365314
1501226341894479872
1501210603209252869
1500925885276434438
1500865387646398468
1500305049259429890
1500268321060450304
1500178559503003649
1499881347480961024
1499849397219299332
1499553786003697693
1499485613069938689
1499457341095391233
1499421248266424323
1499173998244028416
1499154559406678016
1499071588049817601
1499042417726705671
1498869478897115141
1498848062659248138
1498833688641036291
1498427062192939010
1498309183174807559
1498295506623242241
1497628498927575040
1497609614833061892
1497423007102509057
1497393244249993220
1497315776541298688
1497248312369442816
1497188160983474186
1496945847027777541
1496840356859883526
1496840353877569539
1496840351319003147
1496840348701798409
1496840346667569153
1496723141653155843
1496581217692618752
1496563287936413703
1496375685354594305
1496153287405547522
1495733061375479813
1495657652638126084
1495524952967159823
1495438550283730949
1495053198515740675
1494758313212452869
1494700011300560905
1494427048986750979
1494337400545296387
1494129472961921029
1494031498089054209
1494002106533097472
1493970704366247944
1493692753267548160
1493683111791525888
1493607970638376961
1493378908280041476
1493258067668090881
1492527267968397323
1492262876270243843
1492191149645340675
1492191147707490310
1492191131588833290
1492191069030731783
1492138622753120259
1491911191882575876
1491871221276942338
1491827916166025217
1491804092875689999
1491599471632814083
1491594531371986946
1491540790664904706
