1534678029577793536
1534678027858169856
1534678026113277952
1534678025119272960
1534678023542214656
1534678021608570880
1534678020396527616
1534678019033313281
1534678017162633216
1534678015912726528
1534640584228409346
1534603566056235008
1534566892345491456
1534566888511967232
1534226624714903553
1533946810867122176
1533895488973332480
1533838510209126400
1532835826169696258
1532803940458307585
1532766879734894592
1532422531646377990
1531748268438392833
1531716375940583428
1531678577791586304
1531402969589157890
1529228551014125568
1529138874479353856
1528876092722794496
1528774820917149696
1528474952617168896
1527767854971379712
1527732232491675648
1527682622733754368
1527682534229716997
1527416426817916928
1527360862566027267
1527359381171425295
1527359379502092302
1527359378327687171
1527359377111339010
1527359375685275677
1527359373223219209
1527250996694597632
1527056826495164416
1527026470639394817
1527026403132071936
1527002866237448193
1526982698408980481
1526970942559178752
1526655129025495047
1526345790154608641
1526228550675664897
1525957647920287744
1525956654801465344
1525925841179316224
1525186732911493120
1525186564409524224
1524532946279047170
1524532944848760835
1524532943502385154
1524493519548604416
1524471358121332737
1524471357098004481
1524433123919863808
1524433122862845954
1524433121722077186
1524433120451211264
1524433118588928000
1524153284415565825
1524123063784075265
1524103122573873152
1523819794679558144
1523751498269663232
1523358302398156800
1523358300867203072
1523018013812813826
1523018012449673217
1522666804321021952
1522666803305979905
1522645276267139072
1522615301640114177
1522339482992726016
1522306551330983936
1521989437445443584
1521909955296591872
1521309161765490688
1521266136238608384
1521266133549998080
1521266128118444032
1521229728782319616
1521229727804977152
1521163027944419328
1521162941273239552
1520124071878402048
1520069802944991237
1519805548232732672
1519805546261454848
1519764731858329600
1519728293238374400
1519680142435569664
1519680140858507266
1519429301535330304
1519369814086762497
1519043470496776193
1518991656900567040
1518723008751353856
1518690369986187266
1518627655851012096
1518322981834878976
1517619828265144321
1517576950193131520
1517248841040470016
1517248364202672128
1517172835252375554
1516928284801437697
1516883595083669504
1516852521033105409
1516852516750733313
1516803516932628484
1516522152622575616
1516522150978461696
1516427033550721035
1516157632255602693
1516112751906766848
1516069149147119617
1515869135951077380
1515869131064676355
1515869128959180807
1515117552854310912
1514969647518474248
1514675132731572243
1514320028484599808
1514023992306417664
1513969744784900107
1513911102475702273
1513672312670900233
1513648306374729730
1513552248013574153
1512892390897504263
1512503185210028039
1512179723056545814
1512140454032134146
1512096893630914561
1511827220511162373
1511754631453425666
1511477853380042758
1511450163583279107
1511421501400096775
1511384606003531779
1511090005137051651
1511056187139272716
1511010691091558401
1510325137593155585
1510073161760444420
1509957026452975622
1509923019422060551
1509691993399595049
1509653042202910730
1509632874491916288
1509632863007916032
1509596696820527116
1509561751347646465
1509308104818802689
1509288753138917387
1509269961629446153
1509248252238974976
1509238262560264193
1508960349013229571
1508942920572829696
1508896162052337665
1508870989307805696
1508854063135264772
1508592007530389511
1508486879477305344
1508172348377255942
1507493194589687926
1507424153468604423
1507424145918804038
1507108175610200088
1507077040423555084
1506733949632008199
1506419354342150145
1506390922048671744
1506353591237423112
1506353506122358784
1506017466790854657
1505947659445563398
1505947650683678721
1505644994631110662
1504871627837751300
1504589293662007301
1504589290549833736
1504565104423026692
1504240034748108809
1504170032355414017
1503877805561442309
1503832895055704064
1503807381188272133
1503807378801799172
1503501880051347464
1503456705635569673
1502700296291553280
1502453778661851137
1502411826318876672
1502371544055443456
1502371543036297216
1502047459861794821
1502047458024734722
1501999726090063880
1501687377944723457
1501320275933102084
1501320268949512194
1501244992110559232
1500897966118211584
1500585617914310657
1500198567058698241
1499842899034492934
1499792664870412293
1499518982134583296
1499477039165886469
1499477037324636163
1499432719650021381
1499432718005854209
1499172047087456262
1499152555183644672
1499152499386818569
1499132073600184323
1498870023963783174
1498870022055284737
1498870018746077189
1498793078701887500
1498793077363912712
1498745357336936451
1498401800579432450
1498024122340626432
1497348250684190724
1497348245810470918
1497315315507679235
1496706294459338753
1496706293012185089
1496635017857888256
1496580124682063873
1496523429817864198
1496284177708490752
1496163259187339270
1495101488024018945
1494736711686840321
1494736710441205761
1494736709103218690
1494455581695832066
1494427522968154126
1494427518870319128
1494355743977312257
1494092452541591556
1494004116263034881
1493686959339835393
1492248829336465416
1492210156779810824
1492151558418493450
1491942907187798017
1491889516088602637
1491889514406625289
1491854051939598339
1491831666347843589
1491585765817696263
1491555169070370817
1491555032860352518
