1534667183183257603
1534616319336783872
1534616318351183872
1534293327843151876
1533943528488808448
1533943372892688384
1533258694577704960
1532852241069092864
1532852120843563008
1532815182790918145
1532815077543251968
1532598046025916416
1532582330761588736
1532445588934905856
1532445439689011200
1532178107372777472
1532155203473944577
1532155145282170880
1531698810522673152
1531278318489993216
1531278312093454337
1531278306980642821
1530791800323026945
1530599802802675714
1530599795320053763
1530287590930276354
1530287589281959938
1529903069554741248
1529903068296491008
1529486154743037954
1529181229177774080
1529181227235913729
1528778983285919745
1528419052540002306
1528419051285929984
1528057667914170377
1528057666647597058
1527715835581984768
1527385258038939662
1527385252271771655
1527326410678841345
1527326407537221641
1527015913609887744
1527015912355811329
1526936812370989061
1526936810747838467
1526744829949976578
1526744808689045504
1526744786476027904
1526687930432991233
1526687916638056448
1526687902918377473
1526305813635252225
1526277633511759880
1526277632022786056
1525701649880166401
1525701229413707776
1525111541850378240
1525111538880757761
1524814822386327553
1524814821203529729
1524774530392129537
1524460017113612289
1524460013716230144
1524157127660556290
1524156689045458944
1524156686545604611
1523789221307162624
1523367120129601544
1523126777312210944
1523017612963196928
1523017470402961413
1522740446954283008
1522740208281612289
1522676107975094272
1522675492830162945
1522389754838278144
1522303580698415104
1522303496178995201
1521700804729528320
1521326553669373953
1520543469382430722
1520062742400487424
1520062740076892162
1519737491066081284
1519737489874989060
1519691824075583489
1519481530917302274
1519399243282329602
1519074044485722113
1519074040698257408
1518982486805655558
1518982477095874562
1518694991794778112
1517971361397891074
1517507713814695937
1517154852475875331
1516791133480837120
1516791132000243717
1516492862652923909
1516492860908048393
1516111627371823116
1516111626151383043
1515838171220750337
1515372381514174473
1515053781171544070
1514690844170895368
1514690837434806279
1514347579043110918
1514347569689858051
1513871025515245574
1513871021912297478
1513871018116497420
1513185037889400833
1512822654851592197
1512482883843366921
1512482882681454597
1512188698217095176
1512100929931251714
1512100927813074952
1511898838428180491
1511804658582499336
1511411061358047245
1511334983117553678
1509975546003927050
1509681294510374915
1509681293315002369
1509592738467037185
1509592737196167168
1509209915046469635
1509176311599751169
1509176309867556868
1508866852969136137
1508595913987604484
1508595912595148808
1508572262781366274
1508201048766255106
1507870779894996993
1507790370867855360
1507790162004111362
1507504720365064192
1507504536407080961
1507125838591848452
1506830712472670210
1506740191733551106
1506511056818302976
1506446044493586437
1506445627042918402
1506336084577292289
1506131908371001346
1506073508098437120
1506073436124172288
1505758670457491457
1505727480874692614
1505384725619257344
1505202299815305216
1505202298712117253
1505202297080619014
1505016220491386883
1504861031822200841
1504861030794633226
1504649868597346309
1504523641211568131
1504523639714205711
1504164678125117441
1504164676464222213
1504115273724530689
1503944142644207616
1503912987412807691
1503912985986752517
1503548242012749830
1503495078471299077
1503494968358281217
1503103379001675781
1502742032220975105
1502472745703018497
1502392808446996482
1502392737814892544
1502127279438131201
1502127021941350403
1501786150163267586
1501786055401345026
1501647438272253957
1501647434912518159
1501608204169617408
1501608202915524609
1501359108087234562
1501277310586134530
1501277309440978944
1500992870182002689
1500992868361584641
1500935911785250821
1500517941812547586
1500517940181049349
1499857337682640906
1499509305405542405
1499417960187928580
1499172596872589312
1498775405662248969
1498724666030104582
1498699270886674433
1498451994138353665
1497392990569918464
1497367114453172224
1497366983918059520
1497307818088493057
1496755819148238852
1496572262379663360
1496572100680855553
1496320032556695553
1496319964848009223
1495834472520036355
1495834450982227968
1495134560492789760
1494839355441090562
1494511398897868801
1494431699282771969
1494184418113511427
1494109035229974528
1494030728954187781
1493747216179101702
1493425079635435520
1493386031558578177
1492982068233474049
1492643403149897728
1492307526741741568
1492307276383678465
1491837437177389061
1491832016131735564
