1534604705548193792
1534599203774779393
1534535525012496385
1534233027135557632
1534201427890937857
1534184161380077574
1533843266365542400
1533187162321178625
1532798759184261126
1532434019173945362
1532038113962360835
1532013996886327298
1531702380592513024
1531259137358581761
1530198770931073024
1529913594275581968
1529506286118764546
1529256683389722624
1529188070272253954
1528764514912567296
1527997649575677953
1527670399873568769
1527665986656149504
1527377164085014530
1527327916857565184
1526968963711868933
1526964534556119040
1526938233132703744
1526625562323714048
1526624481212497922
1526269016171393024
1526228835603255297
1526228830104461312
1526221507843837953
1525157460327161857
1525121739692380160
1524847233816051737
1524829417767415809
1524765605676605441
1524462506818867201
1524419503853035521
1524060753518604291
1523752526264545281
1523667733501870080
1523286605091336192
1522661569653624832
1522655774488547329
1522648311857131523
1522287934589779968
1521928839806566400
1521895814213378048
1521895812082679808
1521591498860642304
1521542096531992576
1521480376337719300
1521206951547490304
1520387501092839424
1520093658388865025
1519768440726302722
1519731288776847366
1519717225179004929
1519707297727057921
1519408532579397632
1519407166075121665
1519312757648236544
1519035396453281793
1519030982342500353
1518651297024593921
1518637744012079104
1517676000469041152
1517547476458291207
1517517111161196544
1517214432656605195
1517139923022716928
1516832200888627205
1516508165923291139
1515676461553704966
1515087575626645505
1514951687332638725
1514645136554270729
1514345278370988035
1514275278729748491
1514261700316483589
1513974960913534981
1513935807190548487
1513882822792077312
1513570747842711558
1512536075515965440
1512524360237699073
1512503703588245508
1512104469584039936
1512081845457879052
1512066405604069401
1511792630052659206
1511774559703293952
1511730310886662145
1511409199405748229
1511332109293662209
1511022006837383170
1509908676668186636
1509907987766386695
1509608065808666629
1509562876306108418
1509230377621204996
1509175324323590151
1508940662074486784
1508940526132805638
1508874132045406216
1508850908658081793
1508510028189286408
1508485909590818830
1508156875648421891
1507426277401182219
1507039933877432320
1507019139264700417
1506738342448275457
1506690246192287759
1506356644485435392
1506296767079497742
1506005225747849216
1505988626743767048
1505956300685029383
1504854645151260672
1504814783094304769
1504812975621869571
1504514363071373314
1504469208666583045
1504190536865001475
1504186345933180937
1504098654134714369
1503821028782448644
1503403524520128515
1502325226331332614
1502306174909177858
1501998130010673152
1501961312095637510
1501623444542271488
1501276053742010368
1501241120264708099
1501217866250608641
1500938411124961284
1500933645036630023
1499799250087165954
1499760521582632961
1499507862103547906
1499507796919865350
1499507782407671813
1499489794191028224
1499471290779979788
1499461308869222402
1499423721093742596
1499138105852452865
1499112174412836868
1499102847149002755
1498864981332439042
1498847585364238336
1498724767091859461
1498710300241141764
1498411339135528968
1498383710856617984
1498353834636230667
1498346186507489280
1497293659695370245
1496982524173725697
1496931059853840385
1496854089061351426
1496586671101464579
1496231433676984321
1496128541401964547
1496128539137036299
1495878207446339591
1495878200915894279
1495875653174013960
1495793543209758723
1494758087252750348
1494724563401334788
1494404281872564225
1494351217077673993
1494041038662643715
1494036578305548292
1493667390432894979
1493634440119128067
1493326505841238024
1493244668313747467
1492997009959100416
1492184665620422657
1492140430435266561
1491903175066071045
1491793345173098501
