1534656813659979776
1534618368707264512
1534223600596705280
1534176009678823424
1533900194017861637
1532767714678231040
1532436508585644038
1532379041776357378
1532045923701903362
1531757447702102020
1531733101327556609
1531699977197654021
1531308654812700672
1530933930672549888
1529939118226128900
1529549272408023040
1529500491465605122
1529211431224283136
1529148754850463744
1528812058220830720
1527407813575602176
1527366871540187136
1527007399445508096
1526995260391542784
1526636786402832384
1526629952661200901
1526605421800304641
1526562770564653060
1526320678408003587
1526284186838966273
1525554043375976451
1525502453487226881
1525127029720481792
1524478458742685701
1524442231465205767
1524400690168217600
1524161115219009536
1524137595835400196
1524112465415446528
1523765796228538372
1523761132577591296
1523745243446890497
1522325249244729352
1521556047370108932
1521292408377561089
1521217811665891328
1521179971083022336
1520506506856128512
1520123860837879809
1519826895017332737
1519787163918946307
1519684258985652226
1519434898938990594
1519391417990324231
1519356594290671618
1519009587734753281
1518948758083588096
1517558443816722434
1517207500147376130
1516959921765588992
1516880504641015825
1516472175305412618
1516140038949679105
1515046655132897282
1514674309557534727
1513970326287392770
1513932479106846738
1513569320151961605
1512446427951206407
1512137386297368587
1512094854679076871
1511727945194344451
1511442439109808134
1511392301687447562
1511101365560524812
1511035061092630538
1509976268741173248
1509938383262568454
1509629114877153281
1509621626807386115
1509599898093637635
1509591474589081616
1509538494846316548
1509366126232354824
1509268822653603846
1509256648828854276
1509184869452165134
1508926065946894338
1508917300774293506
1508909084619255816
1508878936561930249
1508866648241061892
1508833236906086402
1508584304452018182
1508570360618364928
1507447910610440231
1507091547367645186
1507018372487139339
1507015857309814791
1507008579902980097
1506709392103723020
1506420104673861635
1506355969957281793
1506042143202332672
1506012579864649731
1504883250669383681
1504845170503610371
1504604865909075974
1504571042458529805
1504568634902867982
1504541208089092097
1504525489402269706
1504514224579616780
1504466209747574784
1504263760957128709
1504214688292229122
1504168508237701131
1504148348911112199
1504096671352848384
1504084712138018821
1503913979223195652
1503890048411963399
1503876526516801540
1503866259481534464
1503851836876468230
1503808358796697602
1503794416384978944
1503531432286818307
1503489909411168258
1503454943516241921
1502747830326202368
1502403635170451465
1502346962414284802
1502322039796862977
1501929976668459011
1501760389914181635
1501715496680529920
1501685202640416771
1501270580686905351
1501236846637899778
1500954489800511493
1500934588092276749
1499791982843019269
1499474763781132288
1499457828091838467
1499455756730523662
1499414732910047240
1499112371297656837
1499079121833496578
1498863244013887494
1498850806648475650
1498845698028093442
1498767184872583169
1498749122005843972
1498689887708590090
1498478143920914432
1498447948069412864
1498432419980058626
1498385504022245376
1497666362864373760
1497326254294458371
1496902507091533845
1496898712655867905
1496580633262534659
1496532340012630023
1496517365881782279
1496254405582422017
1495768948423471109
1495751514635309062
1495065929524428801
1494703788837543948
1494431665476845578
1494401583785857025
1494087056531861511
1494069292261908482
1493978988808704001
1493676757186142211
1493667372158230532
1493646656620879876
1493616499881295877
1493616498790838279
1493381182133788688
1493314310533267465
1493253982160052225
1492608180941037568
1492529168021655552
1492529082713657351
1492166666742022151
1492149134069010433
1491892373823049743
1491826688673652745
1491532873819557889
