1532806828916150272
1532729379926773760
1532728250358800384
1532369566881521664
1532086288530145288
1531987326414512128
1531745048727019521
1530595955728343044
1530215463065686016
1529838672937377792
1529477037718634496
1529179697418063875
1529054068534026240
1528848741222043648
1528763142930583553
1528739994508173312
1528733031590244353
1528083107953385472
1527700147018383360
1527659921461977091
1527657739937267712
1527401738969522176
1527389636347273216
1527357381210177538
1527357379691839488
1527357378257100800
1527279511037005824
1527037362609565696
1527029921729716224
1526944899932758024
1526944816915001345
1526635658445574144
1526590900838797312
1526586181194067968
1526575432912478211
1525521324877221893
1525482816636583938
1525102698118406147
1524793709778411522
1524490618059251712
1524384083698200578
1524381909471666179
1524045919452385283
1524009276418801666
1522199022185951236
1521971255087411204
1521866384371822594
1521565974633328643
1521503512961691651
1519780595450195973
1519443191447101444
1519377879985012737
1519047810594787336
1519038827171614721
1518698060360081409
1518691926605811713
1518668441456156675
1518657982007062529
1518657980727762949
1518612666989830147
1518590914503102464
1517514150838251520
1517138634041831427
1517135660276011008
1516890732371628036
1516852166840958980
1516805224039686147
1516783045952610305
1516777490462638085
1516749779732156418
1516484045516988422
1516145583353999375
1516058804982632449
1516045102736719878
1516044878374965253
1514718132329459725
1514711782052532228
1514594040402096129
1514594007321612296
1514593963797323779
1514574005109506051
1514266848317034497
1514266304907259905
1513998622224011266
1513991735600459777
1513966407268118535
1513966333259616259
1513641792977129482
1512885057093988352
1512788923474497543
1512498291501678594
1512424106188288007
1512121997257490434
1512121996255141892
1512075063482204163
1511815457224933379
1511711424359419906
1511455687741739012
1511410227232624650
1511076521292836875
1511062497196916749
1511062411075330052
1510248433407475725
1509979880175419398
1509887659161890818
1509568127385882637
1509527437377482755
1509518689107910660
1509286239152881672
1509258268643934209
1509190837967667202
1508961996703678465
1508961793347145728
1508961775802327042
1508925796618051593
1508853031177269250
1508798194624434179
1508416864690466818
1507722791289716742
1507376768667295767
1507329701051731971
1507035726852116481
1507035675224379400
1507019847263170573
1507019816674201600
1506726784959713299
1506654935957528590
1506376172241838094
1506375477744881668
1506359297290166272
1506332606194982921
1506332485277397004
1506332450334679048
1506298084761952256
1506270753376948235
1505995511354081295
1505995453304823818
1505895753335525381
1505233136476688388
1505174248393826307
1505018020242104320
1504907664316325888
1504907126526914564
1504907047984242691
1504897768254590982
1504882146074411008
1504837287573610497
1504835850512777218
1504558980319924225
1504448153239670791
1504193592717418496
1503856929155780613
1503834314177449988
1503832131277053957
1503831799490916362
1503720793821397001
1503720681460092941
1503448711153786884
1503433047252815883
1503407365433040904
1503407183656099849
1503405727184044040
1502758729074233356
1502412490130477062
1502389252461580288
1502384048609628170
1502383856619503618
1502349063081050117
1502317234152169485
1502035707761680391
1502035456711614464
1502035281268072453
1501942229866221574
1501691074439434240
1501619493411475459
1501581265467842563
1501318175287242752
1501264163619938310
1501232290562985984
1501229206541271041
1500875204926521353
1500604180586807299
1499859686438408200
1499776632801968128
1499463680395730951
1499408902156398592
1499138934064005125
1499108315867107329
1499108314407485448
1499025380266713096
1498865516999544832
1498862019755261953
1498858136165310472
1498854159113674754
1498852217687785473
1498850807562784773
1498843562510856192
1498805918372409348
1498749707992154112
1498433056813862920
1498374059112947716
1498360943180398597
1498332299246686211
1498329977258917889
1498300805186789386
1498300215337656326
1498299830497591298
1497585462579548162
1497323678790471688
1497240482203803670
1496939832127463424
1496881288405557254
1496852172557934592
1496616993683869696
1496604117975904266
1496553035375513606
1496498189616168967
1496154099426992134
1496127949107511308
1496127882732654596
1495947271367712771
1495885613131833360
1495841061666803713
1494738394815111170
1494737540032700416
1494736114095214595
1494736034361487361
1494697629745303557
1494678367391600641
1494416979150704640
1494342717102428170
1494342219817312262
1494017736262959107
1492530686955294722
1492230206622363649
1492177106909995016
1492143774348320778
1491774957633875970
1491545235419246593
