1534683722104070145
1534641419440099329
1534608345361010688
1534331875484807168
1534319260524224513
1534312026566189056
1534236256376348675
1534177264392454144
1533964761116844036
1533478756379152384
1533146565728083968
1532029207026335746
1531671094968692736
1531636627172315136
1531304430544359424
1530911843086176258
1530549455874691073
1530277669736173729
1530212620028067840
1530212618660630531
1530002359027367936
1529979222642532352
1529909442208223245
1529897243762995223
1529885072068837378
1529870771182526465
1529837438591541248
1529835568041009153
1529834241579790336
1529834205936492551
1529834140052381703
1529825853453897733
1529825851126054915
1529825848978722816
1529825847334404101
1529825845652516864
1529825843727327235
1529825841441648640
1529825840174882816
1529823928566173698
1529821140197285888
1529478271582318592
1529172148119654405
1528797910904844291
1528375128802721794
1527997648543748101
1527795794698457088
1527729556605620226
1527729425340588032
1527729316896948230
1527648748087681028
1527348364257415168
1527287966380568576
1527042594240446466
1526989949177847808
1526934113269297153
1526638683084005376
1526580825776607232
1526317819205496835
1526263922906607616
1526200833049862144
1524873182850736129
1524814481590833154
1524813823064129537
1524769082695991296
1524532304252649474
1524494556045234176
1524450518281728007
1524154819484684288
1524133256928665600
1524133140285083649
1523736262858797057
1523286598170910720
1523060102952935424
1523007784844992513
1522697715972382720
1522667522792644608
1522642857269542917
1522583894251515907
1522380376487956480
1522372749284491264
1522325474583666695
1522325421324390400
1522325116473982976
1522324949104529408
1522324731642404873
1522323763085426690
1522280712904364035
1522241636897636353
1521972941876998144
1521946654986940421
1521640755969900545
1521594198092300290
1521127378294083584
1520779022535385089
1520402602449534977
1520100604797882368
1520040205515907072
1519798617057411073
1519738223207014401
1519679721365291010
1519662718956949504
1519458875224731648
1519414952800526340
1519073842701815808
1519031526666743809
1518711451166289921
1518666086195073028
1518228267299311617
1517948215932461061
1517948141810728960
1517210878524989441
1516869313721896962
1516839954307026949
1516839952730013697
1516483642230333446
1516483638816391168
1516438818345336835
1516160334448443400
1515676449864355848
1515329170276077568
1514951688473382924
1514639031014993928
1514635502640586755
1514370344055971845
1514340147352911872
1514281048359817238
1513881314671435777
1513571692618162194
1513569026429136897
1513569012227133440
1513502122754543618
1513124642223009803
1512792453534797824
1512558404623114246
1512514396316123140
1512149705928622082
1512125407985811461
1511433498409721860
1511374910081409036
1509954522910806019
1509888224881221642
1509200907153596427
1508929326540017680
1508141805065408522
1507769714981937157
1507749650161360903
1507400010178175008
1506982916924002314
1506733338488360962
1506374909781594113
1506360061878325259
1506344968599736325
1506329345475891208
1505196076399218690
1505196075027685379
1504882812876427266
1504575264591908872
1504533778458308609
1504501410645389313
1504472068678582278
1504110702218334213
1504110701127815170
1503813580252225539
1503813578704445452
1503813093310279684
1503748544661966873
1503748543147921415
1503722092352741379
1502016263157161989
1501940485513908224
1501760807343955968
1501646103787282439
1501645784319733763
1501316091573850112
1501294936645410819
1501253875621416963
1501010454876987395
1500935568393342978
1500905080966590476
1500890387837292546
1500129373248233476
1499768078636363779
1499542387420499972
1499504840682225664
1499166412316856327
1499081932998651905
1498856306438033415
1498855268544823299
1498854030046605313
1498846658746064900
1498845220775116802
1498825445319524353
1498825443989934089
1498824231802576898
1498794906659299328
1498720676924076032
1498447913579683846
1498352442429382661
1497297486590922755
1497218315873361920
1496990826768920583
1496953705387724811
1496485002737074184
1496222821600698370
1496182780644012039
1495869980226867205
1495778024939261959
1494714643939528705
1494707027389550600
1494676828522303488
1494457885446791168
1494446305875316744
1494446028023603201
1493959312879894534
1493952253123866626
1493756355181645833
1493756351679373317
1493726996899184643
1493726995120726021
1493366566016196609
1493366298411155460
1493243825686552579
1492902637762666501
1492517600558993420
1492234764631293954
1492234655956881416
1492234531784511493
1492182576257245193
1491898521414475778
1491865910008815622
