1534627824761446405
1533810438999359488
1532400093592272898
1532399858140602369
1532144059485233158
1532110055708966913
1531282350679654401
1529157021999591425
1526650206254731265
1523723531791790080
1523348824051585024
1522284296085684229
1522275015273627649
1522228424827449344
1521144682067202049
1520086862702026754
1519322893494145024
1519038203013079041
1517625841487859724
1517604328164536325
1517599202150338561
1517555395652431872
1516911002733924353
1515691180050239488
1515000414185435138
1514346506081521668
1514346418265284609
1514320640479830022
1514305126374248449
1513981386138570760
1513957081761697799
1513890873918074888
1513635071391154199
1513218827831713792
1512153750286356486
1512131947723730944
1512063123494105090
1511707003923701764
1511424667944468485
1509638678884327429
1509597725758787592
1506286651219320835
1504570588135923712
1503438076370202624
1501643793925390337
1501589979667079182
1501571380646719488
1501298484137414658
1501240046707515396
1501239963467268102
1500938814436564992
1499893230028140556
1498834282600611846
1498721467395198987
1498685445668020228
1496876302921515012
1496876301952724997
1496876300665077767
1496584571596550144
1496549552026968073
1496520346433900545
1496248557380243460
1496214946144821248
1495781116606832644
1494803174573674497
1494713469286993928
1494472858646585346
1494380426235887616
1494067377809539072
1493749182661808129
1493704942456086535
1493645257224953858
1493332641487241222
1493314307542724609
1493299927153319940
1492213430534774790
1492175318668488707
1492163891165810688
1491902272523096073
1491878992575672326
1491828470950903811
1491795282316521480
