1534613570973011969
1533890435223019520
1533817310472986625
1533115639145156614
1532775114466639872
1532343931907846144
1532028006302089217
1532026182786592772
1531999949445074944
1531273621259313154
1529878954504597508
1529512988046237696
1529445530425761794
1528817647277719553
1528143978327154689
1528114964900241408
1527324438194429952
1527297547441930242
1527054144888094720
1527013372994125824
1526958457584246785
1526504906768670726
1526274883914715142
1525850785803796482
1525850647375093760
1525212957180821505
1524857549924843526
1524741489078722560
1524433614523580417
1524403778618896386
1524380170232152064
1524219994866913281
1524082975587119104
1524025801242517508
1523275870315565056
1522919778704367617
1522257647818452993
1521853192740429825
1521573638708805635
1521517318051971074
1521289813898502144
1520055554739159040
1520044123415265281
1519822046494175237
1519762000842309632
1519699554366541825
1519660823165161476
1519388663666327552
1519325162570719232
1519054958976454660
1518960352452648962
1518671419185541122
1517523073729282049
1517506613455855617
1517237159064915970
1516849198452379648
1516389596011143168
1516138353397321741
1516109715578699778
1516068556965883907
1515685624262574081
1515098003190816776
1514960358611505154
1514383580134268932
1514238585188274183
1513882947828518920
1513538841692590085
1513146222562979846
1512466459305385984
1512091902346252295
1512043315256045571
1511870839339237382
1511825453476159497
1511767646592806912
1511724981239095297
1511722775681146880
1511065517611696137
1511003219216015370
1509931676889194497
1509904072232607748
1509589636703735811
1509518883379724289
1509250126380138497
1509216166459461643
1508910421964910592
1508882991304650762
1508842138779455493
1508584828714815489
1508534685470801923
1507727385998905344
1507108473825374213
1506604849240195077
1506359665814343680
1506346639778361344
1506238486948597761
1505939808509743106
1504578964009988099
1504570296766025732
1504482302625128459
1504445374295117826
1503842977713688582
1503783103751458818
1502739053304758276
1501680045601001475
1501617028540600329
1501357892955516929
1501225545824350208
1500892749519851527
1500214725170405379
1499442439404331009
1499068483702775808
1498875886992568321
1498852137463390210
1498837713331658752
1498664951950495746
1498411834826764296
1498397487283023878
1497744843610619905
1496955486071140371
1496695066416590851
1496140181182816259
1495821929483284499
1495765248376201222
1495454589977608194
1495410360156893187
1494871157568421890
1494676320663527430
1494382538391003139
1494081671796338693
1494018155013971968
1493984845948669960
1493297003152949248
1493234822940176389
1492877294851002369
1492540696892428293
1492169402917216266
1491835369750515717
1491796715246002181
1491779010824740868
1491559906314498050
1491537683788832772
