1534655651435143170
1534648086756212736
1534647229352448000
1534644671011782656
1534630487347675144
1534630361589768194
1534591386519015426
1534557289662775296
1534541927139495946
1534541800270188544
1534526727640186881
1534353227038265344
1534269537633374213
1534255129272242178
1534218360241762305
1534190665940205569
1534179472974413824
1533834743955046402
1533539044818309123
1533532928566763520
1533218902628569088
1533218809003315200
1532909074324627456
1532811943689469954
1532789777820438528
1532776146898763777
1532741348490616833
1532730476221419521
1532568154035130384
1532556668587974656
1532537499007918082
1532535345086181377
1532503604459864078
1532464781097066511
1532361041295949824
1532030589662113795
1531996712868495371
1531996627208130563
1531745985617092609
1531682840764731392
1531252537290006528
1531252535901704192
1531252528125554688
1531252525785022464
1531252524065472515
1530912791737016320
1530658947711094788
1530200640005316608
1530194376558841857
1530183388509896705
1529870750123020288
1529256593962979335
1529253626773897216
1529253625402466304
1529253623703773185
1529253622336438272
1529160122366304258
1529160089399173123
1529133608237162497
1529098008687611906
1528918380035588100
1528815906654142465
1528803301747204097
1528782895372029955
1528770521923567616
1528750550367576069
1528741182808985607
1528730556623736834
1528726023650656256
1528464947478413313
1528198557953572864
1527829293652402178
1527828563277275138
1527825972246061056
1527774735354019843
1527740393026101249
1527734022541041664
1527669496416284679
1527647295801544706
1527476417470005248
1527475662814121984
1527468267136221193
1527436264097693718
1527374644986032130
1527374642716913678
1527374638967189504
1527374635133612057
1527352512281399301
1527352451325566976
1527346911937646611
1527324057347055636
1527324013592076288
1527276171716464641
1527274927006556162
1527115563734077440
1527115164721500161
1527078588654166017
1527078520928747521
1527078382667812864
1527078275943747584
1527077845863890944
1527062070256181258
1527050023132872704
1527038198794399745
1527021172411486217
1527016940249784322
1527014293526433792
1527013542783770628
1527001348939649024
1526997024016572417
1526995869324689412
1526995755885633536
1526995698121691141
1526992903901523969
1526990326975668225
1526984290596159488
1526984255762575362
1526962703876509696
1526958462575443969
1526952792426000391
1526952372756484096
1526948610587467777
1526653093928116225
1526649571157450754
1526639710105395201
1526603231694036992
1526590159310946304
1526566974150549504
1526566916281843713
1526564598043779073
1526323200342249472
1526312516497944577
1526283996778348546
1526281167728693250
1526272689194913792
1526261333523587072
1526261332315672576
1526260121709465602
1526250113064226823
1526247257565237249
1526247132008787971
1526220291331981313
1526217669065809923
1526216886043963392
1526216713276207104
1526216595403689984
1525970861509033984
1525878000834777090
1525877978722344965
1525875227942699008
1525875010795192327
1525873540053999618
1525643395951206406
1525637503537102850
1525215587789590528
1525215512732499968
1525205762024300546
1525204456228413440
1525203676817661953
1525196982150696962
1525196804907753472
1525195414516994050
1525179879322537985
1525179553643102210
1525177008342310912
1525176973219319809
1525168609038934016
1525163790505058305
1524942643028959248
1524900911562346496
1524831804561276928
1524819092783484931
1524815454950330368
1524808423128412160
1524774344890667009
1524773620010078208
1524773152093528065
1524760383701106691
1524754809211002883
1524574213159501832
1524572733505421312
1524569632547483649
1524553370685644801
1524544670537236480
1524543790538805248
1524543778396250115
1524497594470305795
1524497555333259266
1524490690033557507
1524489162363133952
1524474757244231682
1524469831248101377
1524469433162416129
1524459046153166850
1524455309539950598
1524439801314828288
1524433714834456582
1524427836395855872
1524427824525983744
1524415918641713153
1524415866095423488
1524413272681852929
1524413229660876801
1524412882863239169
1524411735351996420
1524408804569501697
1524408511660179456
1524405258394476551
1524392315057582080
1524389641729851392
1524389469440380928
1524389467154526208
1524206636553969665
1524177340372299776
1524166648063791104
1524166141173813249
1524160261866799104
1524139628634284033
1524134613827956739
1524119329389826049
1524114849785126913
1524114791907876864
1524073305791242241
1524042108604198915
1523754812386549761
1523700306407997440
1523699850835275777
1523697567816630272
1523127251839369216
1523051125330436096
1522959968156192769
1522959596389867520
1522650456631222273
1522579526714372097
1522578443409448960
1522577614178766848
1522310433759240193
1522275394300399618
1522273771247357954
1522242101416804357
1522228991205298178
1522219426673610753
1522219404888612864
1521953427420499968
1521912682969976832
1521912131096092672
1521912099802427394
1521859055400235011
1521594457807859712
1521573677401264130
1521560989505884160
1521229716493148161
1521228253800898560
1521222624516452355
1521222606241906688
1521216652150550528
1521202252253380611
1521197212612628483
1521193823300370434
1521176081352609792
1521125540354220033
1521118316567355393
1521118204856348672
1521106597312933889
1520207489098301446
1520100978606936068
1520085942371028994
1520068781657178114
1520062172746981378
1520053077675581441
1520048151826157572
1520044075847725057
1520044053257240580
1520037228856102913
1519850961308688387
1519847262893056010
1519842965396598786
1519834758762618881
1519834629519384585
1519834575760879616
1519834542097551362
1519798619699912704
1519789137330589706
1519789121895649281
1519789094548779008
1519789077280796690
1519777638407196673
1519769183378198529
1519754165895012356
1519754155111469057
1519750544851619847
1519748335934091264
1519746255152455682
1519746240585641986
1519746198508298245
1519735967019585540
1519735913831714817
1519729388308381699
1519728597258448899
1519728551104233472
1519724867964264450
1519723458413961217
1519723112723529728
1519722918250483712
1519722892426158085
1519722837837291521
1519683366471319553
1519682740479836160
1519488325261967361
1519438303547867136
1519395689956102144
1519391682759991296
1519386114720776197
1519365827249778688
1519310342270201859
1519030951128543232
1519019946998702080
1519019341248876545
1518989707023204352
1518983867671134209
1518977818423611395
1518977766967894020
1518970330957627392
1518970286460313600
1518691231508877313
1518683400877531136
1518650123563249664
1518648157789433862
1518631222850822146
1518628561661448193
1518620092858261504
1518606870205943808
1518603383518728193
1517515655913918464
1517514136833376258
1517514065626779655
1517242002206863361
1517239612091084802
1517216534569050112
1517203549045895168
1517179856701829121
1517179017551650817
1517154009299120128
1517139629794742274
1517124798303854594
1517121476956143616
1517118701199400960
1516914611622195201
1516895073841131522
1516894902042378240
1516893144171884547
1516893142527713280
1516893140883546113
1516893139348471808
1516893137712685057
1516893136030773248
1516893134365601792
1516893132922957824
1516893131115016198
1516893129437241346
1516893127071703043
1516893125280686081
1516893123128999936
1516893121396850689
1516893119685566466
1516846137180889095
1516845955194429441
1516845934201565184
1516799059738177537
1516783935753269251
1516522941999198212
1516522914841075716
1516520213814128646
1516493937590087680
1516481897081233410
1516475618887716865
1516474368213143555
1516455041971990531
1516449754972135427
1516449551904911369
1516156253554229253
1516138170852782084
1516090610557542409
1516081722529615880
1515678007066771458
1515338842701717504
1515100954542186501
1515072675898695681
1515060608697352195
1515060588665348097
1515060495396618240
1515048055086669827
1515047993271009287
1515044921933279244
1515018044241846276
1514965130613858309
1514790047043575814
1514711870539804675
1514674370848903168
1514656796803309570
1514637035117727746
1514623777287680005
1514622097154355202
1514621464409956355
1514621449901903872
1514610796730281985
1514601381373648896
1514350147991478273
1514349406337777667
1514349269364482051
1514318959155322887
1514318232542498824
1514318115378802691
1514309084987760648
1514270074089218053
1513935120348110852
1513934796233318415
1513932389256515585
1513910476954030086
1513893968421040134
1513887326098837510
1513884517425197069
1513704908427612165
1513634147197022208
1513622827831898121
1513618169507860483
1513612874337320960
1513594726704087040
1513585225208676358
1513583172734398468
1513576705272733711
1512909276855119882
1512468740427989000
1512449688250769412
1512443538126131208
1512441007744458755
1512255881727164423
1512174172260257792
1512168240818049030
1512161807166844930
1512160053247332352
1512160045794054150
1512159558873014274
1512155106346782722
1512093530243612675
1512071422331404296
1511892088677359618
1511889655557505024
1511889450657366017
1511823435210661898
1511818377651757056
1511814914331090950
1511811069525860353
1511807595056713732
1511787251189141513
1511779502904463375
1511776896635351049
1511773381703704583
1511772935811440648
1511761409176125457
1511761395217485827
1511738345629659137
1511734324663828488
1511734292359139336
1511728353451155464
1511724984204468236
1511724941955194881
1511503932526415873
1511476593675448322
1511461284478390272
1511456143691898885
1511452027871805442
1511450659878543360
1511450615347617802
1511443890066309124
1511439987987857411
1511396352323997697
1511348730414387201
1511052905456971777
1511037553394204674
1511037313748504583
1511006352444960781
1511004506544291845
1510069614520242186
1510069437109612550
1510069400329728004
1509969796238123014
1509969758514466816
1509968904302604297
1509967793696948232
1509948752911601674
1509917814173446146
1509917373180092424
1509913039390355459
1509912960327634944
1509684835723395072
1509632372794441728
1509608288714903554
1509591784778776579
1509591783109443585
1509582060821876738
1509566217199271942
1509554149859500047
1509551068698628104
1509541370201088013
1509541251158265861
1509536807255523331
1509350236145303552
1509296914117758980
1509282353524494343
1509277769720553474
1509272227497365506
1509270647637217288
1509270011952648196
1509264674990219265
1509256364387975182
1509255729600942086
1509242816400085010
1509238932810129411
1509233038198198272
1509201660605874181
1509196965510324231
1509196070449991682
1509185939540951040
1509182443584213001
1509178245924769801
1509176754430173197
1508986798869000192
1508961841220919300
1508905612775768064
1508901610948374535
1508901609476177922
1508901607974576137
1508901606527537162
1508901605046898697
1508901603537047562
1508901602068942849
1508901600500269060
1508901598755438597
1508901597111373829
1508901595236515849
1508901591583178755
1508901589813284866
1508901588190044166
1508901586478764036
1508901584805244929
1508806004632428563
1508479397732491270
1508470946318925826
1508459721682042891
1507795378900545546
1507363983346515976
1507363131328278531
1506815355779522560
1505988829580255235
1505988734910672899
1505988213470646272
1505972750976004097
1505958985110859779
1505940428608221192
1504937339549851648
1504937310864953347
1504924044084326401
1504885435415285760
1504885224009781251
1504862313966358532
1504859576595845126
1504839765329330216
1504839381340798991
1504834661423398935
1504834020181528583
1504819504253181954
1504816927457353761
1504814585328640011
1504620974179860480
1504610725997776900
1504609248772304903
1504608691902894083
1504608675855577095
1504606356896108550
1504547255419817985
1504535698103226370
1504511406590332932
1504511395953577985
1504511327796142082
1504511239577288705
1504511142386974720
1504499804319141895
1504495144728473603
1504491901000507398
1504482596620681216
1504475386754715653
1504462724079792130
1504460452239130626
1504459362525397002
1504211830532714496
1504207711373873153
1504206728782565376
1504196418235416582
1504179854601768960
1504178545077198851
1504155964869644297
1504148796736954371
1504145582193008640
1504140989790924807
1504129433573240833
1504129376694280201
1504126113907417090
1504126082047426563
1504123142847049732
1504089515417350146
1503777660824137738
1503746338864963601
1503743772882096135
1503486125154873351
1503461057930534916
1503460897108463628
1503458487334019078
1503457889809309707
1503063965928148995
1502439184165965825
1502435569200209924
1502432978080829441
1502324309355810822
1502308977803149313
1502126921794170884
1502126891188244480
1502034611710443525
1502030886841331715
1502030637376622594
1502013527573291013
1502013496275439625
1501980227953692672
1501970606362869761
1501970605092093960
1501970603909300233
1501970602814578696
1501970601598197764
1501970600507682826
1501970599350095875
1501970598041370635
1501970596611112966
1501970595130617856
1501954631961825286
1501703891817218049
1501702807166009345
1501702804993642499
1501702800719421450
1501702797150019596
1501702795270967296
1501702793555550218
1501702791533891586
1501702788379774978
1501702786664312836
1501702783308906498
1501702779685023745
1501702777810169864
1501702775989747724
1501702772076523527
1501702770029699075
1501702766825193472
1501702765034287108
1501675450409566214
1501658647952302088
1501658620139917315
1501648110849863682
1501648050103754755
1501647203013697548
1501647186316210180
1501647174584741893
1501645529868124170
1501633439069622285
1501631550718423042
1501631522046156800
1501631470854627332
1501619365225058310
1501603587797012483
1501601597276794886
1501600436901535750
1501596129372389381
1501581348540198916
1501567023532359680
1501543167925317643
1501543164640854016
1501543163219128321
1501543161562234880
1501543159439970324
1501543154146852864
1501482299619258369
1501417588185776131
1501384075533299712
1501364579351343108
1501318344426799105
1501317665562017805
1501309358109569028
1501307422245371912
1501307379308273672
1501297589538500608
1501272821611339776
1501272691936010251
1501271532240179203
1501269353521729544
1501268129531400199
1501265742293049344
1501264897610592260
1501263748576731146
1501262631478304774
1501246202981101572
1501242493962276865
1501230023893676032
1501195013316820994
1501192820786409473
1501032493704744963
1500968039516409862
1500965440574660610
1500965439215702020
1500965437588320260
1500965435293982722
1500965430424444928
1500965426574118915
1500965424732819456
1500965421457018881
1500965418143567872
1500965414553149441
1500965409922691075
1500965405254422535
1500965401517342728
1500965398195445760
1500965394563092483
1500965390201073670
1500965386967261185
1500965384932970500
1500965381586014213
1500965379652395012
1500965377609814019
1500965374245879812
1500965370395566086
1500965369011449859
1500965367518273537
1500954652044632065
1500944861150814213
1500939710088335362
1500933798585851908
1500932814438547459
1500919066550317060
1500918349232054273
1500911697279737859
1500894628991713280
1500894569050906625
1500894554890940417
1500876215342751748
1500870693394784256
1500864990592614403
1500858847916920833
1500465547267485699
1500277555001188355
1500208911495872512
1500115903094140931
1500106400218992641
1500100154879352838
1500094891426263040
1500091846567022601
1500090726125912065
1500084435877875722
1499915124865478658
1499857838776193024
1499857837819846659
1499852535783374849
1499832261243551750
1499822955357949963
1499753634917191680
1499753611525509120
1499566680627982336
1499521947142705154
1499521524893630465
1499518485130620934
1499511167504592903
1499507639230902277
1499496859248832514
1499483169665556489
1499475523835248647
1499474834899755014
1499417520809426944
1499407499878969344
1499401310872891394
1499385351374352384
1499385269052706817
1499382556168499203
1499154188336513026
1499153327573110794
1499122000840826892
1499094947978428418
1499057483964461060
1499054791422619651
1499038008636547072
1498833696606105602
1498833654377762817
1498826339956273159
1498826338303623170
1498826336860839945
1498826335074099204
1498826332117086208
1498826330728714246
1498826329231437828
1498826327582990339
1498826326127648775
1498826324705742856
1498826322763784200
1498826318221398022
1498826314790408193
1498826313293082628
1498768737029210121
1498729116731854850
1498725933687136256
1498712956628086790
1498691340259012621
1498453726192881667
1498419163454443521
1498413916027817988
1498406405325393926
1498405284980703245
1498404319560933379
1498402989706461191
1498402963064336385
1498369378450038791
1498358975133270023
1498332176894545921
1498309499685322758
1498303532914688003
1498302415271079937
1497662428280242180
1497660899041193990
1497284477210578945
1497242864916611075
1497242767533252609
1497239972184686596
1497217716465381376
1496930867209457667
1496907964178960388
1496900661484699664
1496900584733085698
1496893774609457153
1496605792757112833
1496588945022410753
1496585689009463307
1496567819529596930
1496567817851838473
1496567813133242378
1496523999697793025
1496521824351494146
1496312205582741506
1496311432081727495
1496250802234699779
1496229192236687372
1496214460221902851
1496206782317932546
1496204209032769559
1496151401524826121
1496132235405242372
1496132209857736707
1496132115318157312
1496129895834992656
1496108093872214017
1494809075519045632
1494772287324803074
1494762810408157190
1494726964699095041
1494723545464819712
1494684604002938884
1494481850210922497
1494458051746836485
1494456989426102277
1494447055045070850
1494433038087905282
1494432217308749824
1494432203786305539
1494430528820420608
1494430508197031939
1494420292852146179
1494416467948937218
1494415792179499012
1494414682681225234
1494412653044903940
1494405828727738368
1494403795148804097
1494403128925507586
1494400320964812809
1494397932459671557
1494390781007773697
1494385035629236227
1494378944656809986
1494356279757877253
1494356271637618689
1494356131694718979
1494353257396854786
1494150224675225602
1494150192039440388
1494052763839483911
1494042418206937096
1494039405648125958
1494035809258856448
1494008105570557954
1493996918862716933
1493987285439860742
1493978499404767235
1493976417205460993
1493976321034268676
1493976228038156294
1493958981559238661
1493957452529815561
1493683006917201920
1493667436788334599
1493661974009421837
1493652384119205893
1493640815071137798
1493636695438368774
1493636098697961473
1493629991002812416
1493629948581589000
1493615695015391235
1493614075049357321
1493612277332856838
1493611994968203264
1493611944305213448
1493348866216931331
1493337288759070720
1493322028841119744
1493299001357221897
1493298999285141508
1493298997343268873
1493298995640344576
1493298994080063495
1493298992557568008
1493298991035031555
1493298989445394441
1493298987931246593
1493298986400235522
1493298984730959879
1493298983124574213
1493298981547433987
1493298979798401026
1493298977793581063
1493250621247565826
1492225195637096448
1492201768398295042
1492200282037567503
1492158258093731841
1492157519745146884
1492151846122762244
1492149282706759692
1492145311099363332
1491958118921777157
1491953845693472781
1491888252802019328
1491886632647151616
1491868236857622531
1491863615909019652
1491862072107360256
1491861188053020676
1491856620950900738
1491850104810135555
1491849790715580417
1491849405581910017
1491802473991864333
1491797856977514508
1491795953845637130
1491793986456940546
1491793446603952130
1491770590683881473
1491612417025097732
1491612374683508738
1491612182571794432
1491540877264789509
1491537527525810177
1491537526498250759
1491537525021753345
