1534684026090422275
1534683532399890433
1534654697834958848
1534649782664298499
1534649774657486848
1534649767275515906
1534643797728059393
1534625688975720451
1534623021201346561
1534622751394340864
1534613657656741888
1534601188221538304
1534590961262768128
1534590952182059009
1534571876374171648
1534559829938823168
1534556032856367104
1534342788363472904
1534341935099428864
1534326574618746889
1534326563969327106
1534254739629690880
1534254679487553542
1534244267329306626
1534243926785331200
1534223104880304129
1534223102812602369
1534223098060447747
1534223088535146503
1534223083304849408
1534214301002649601
1534214298792349697
1534214292580491266
1534214287824244736
1534214282006650881
1534206616395997185
1534180043458502657
1534179955470376960
1533965629082021890
1533961015980859395
1533919178717118464
1533902977219670016
1533901142979235841
1533897148793757698
1533894271039901697
1533892875334868994
1533876530996297729
1533850126590038023
1533849729439780866
1533543476184469505
1533422383381479424
1533172243949314049
1533160387897704529
1532810999358799872
1532802623337816073
1532799335230054400
1532799322697375745
1532765856882638849
1532746061831340032
1532515717689577472
1532467286266855424
1532467284823924755
1532435289725100032
1532429783853846536
1532419903948566533
1532380283336523780
1532372412192399361
1532357480143114240
1532150391336583168
1532114951090880512
1532114948897263623
1532114943830630400
1532112242132533248
1532066407344934912
1532065951092719616
1532061498482503680
1532047484473819136
1532044997503115267
1532007472029900802
1532006541477421058
1531726948115877889
1531702034650603522
1531699056799522819
1531678599073480706
1531670882107670528
1531670767485784064
1531661986932613123
1531439665286467589
1531275903463981057
1530979546035634182
1530979534878740483
1530964356321759237
1530950572450406401
1530725781030199299
1530408247156416514
1530332962759364611
1530332287379832832
1530319419947335680
1530319411479035904
1530308771532226560
1530307462250758145
1530273222985453571
1530272815953457153
1530260861096443908
1530260856633704449
1530220650039754755
1530205339047579650
1530172433206063109
1529986434723205170
1529934602567139345
1529902741170049028
1529890617303650304
1529869273463721985
1529835570851201024
1529834889956282373
1529834886168825857
1529824490942713856
1529824438903918592
1529824431350042639
1529813468001538050
1529813435403444224
1529803157211168769
1529682843365949440
1529659478530043908
1529635343087157248
1529635340482379779
1529635329698938883
1529635327488450562
1529557636177436674
1529557634944221185
1529557351770079233
1529479798224994304
1529284728259547136
1529203226037436417
1529182362101227523
1529144307701395456
1528876022967373824
1528865175637737474
1528808690186346497
1528737497773223937
1528561249830813697
1528170276785115136
1528149697390682113
1528116847903662089
1528099739996143617
1528088415908003842
1528056996691320832
1527779331996516360
1527779330318913536
1527762221333368834
1527738733826547718
1527719502649118720
1527719328031952897
1527672900706308096
1527397251257081857
1527395730163437569
1527395727697227776
1527371574877138944
1527369472608444417
1527342184969564161
1527328827768090626
1527323661241548801
1527298928080605185
1527298715580796929
1527273797841199104
1527112148949819394
1527109796268331009
1527074085162864640
1527037457027452931
1527008369915076609
1526996431764180993
1526975788196802560
1526964010284990465
1526960071707705344
1526933148826836992
1526927607995973633
1526680586810802177
1526680584667516928
1526661208975237120
1526623273160781824
1526618022475079680
1526618020524720133
1526609852352667648
1526594220466765825
1526579368587304960
1526381879661830144
1526381066822483968
1526380735640346629
1526340355616034816
1526306043663466500
1526255415360557058
1526251223141208070
1526251222147145730
1526251221153202178
1526251219810934784
1526239898927341568
1525905069778030592
1525856988147613696
1525817179052068864
1525817138019282945
1525637275744358419
1525627662353440768
1525627659748839427
1525538154698223616
1525527197959737344
1525526625479233537
1525522314430922753
1525520943002550277
1525520868427931648
1525484113284800513
1525481940287209473
1525228579071709184
1525176797733724161
1525176324784103424
1525175414724907011
1525136936398118912
1525135837356335104
1525135832516026369
1525135827172458496
1525124645233491970
1525108509335076864
1524877555160997893
1524877272200667163
1524876806788096000
1524876216527904775
1524859566080638986
1524853880022089730
1524846270594043904
1524842662725046290
1524834950704418834
1524808278324174850
1524808236498657282
1524808127492898816
1524797594458808321
1524783072390037505
1524778484098375682
1524776689145982978
1524764382835748865
1524576047995490316
1524575922107604993
1524504966194417670
1524487065794138114
1524486419804266497
1524485847562821632
1524441095500881920
1524425809309675522
1524425800023515149
1524413926234107905
1524410337461776385
1524408144935505923
1524370013238534144
1524243488560365569
1524210352032043008
1524197627310579713
1524189946281701382
1524187522737360896
1524174684086013953
1524168785300754432
1524161490848202752
1524147515377041410
1524140731069353984
1524140693853286402
1524127330444234753
1524127314082205698
1524124230538911747
1524107889161510914
1524098890240303109
1524079913489285120
1524067434570960896
1524067431400017920
1524067430099730432
1524067426631131136
1524057040552964098
1524057035498790921
1524056037904506880
1524027467761074176
1524027456990158850
1523798833209409536
1523767669300011008
1523742745705123840
1523511583384690688
1523511325619634177
1523481701129031680
1523479940699615232
1523337516283215873
1523328200142639104
1523308784789213186
1523308780083380226
1523308774429458432
1523292841471930368
1522999701901041672
1522999695227990018
1522678985838276609
1522659483381551104
1522654802534150145
1522632994720210944
1522596190637993986
1522596184937967617
1522589095465259008
1522391103630188550
1522391082146877441
1522335708517707776
1522331565463937025
1522318902566477835
1522318411715469312
1522318410402648066
1522301220274286592
1522301214117056514
1522301209411035139
1522301204163878912
1522301199223037955
1522295235589644292
1522293799468294146
1522281519238234115
1522274672380989441
1522249179686391808
1522208667046662144
1522040968782000129
1522035452697526275
1521961954952232962
1521961949831049217
1521936487260037121
1521918464302227456
1521906487727206401
1521906482643705856
1521862079065767936
1521862076838428672
1521862073441042432
1521862069653544962
1521638088971362304
1521638086530289667
1521609398476582914
1521586441263980545
1521581635111641089
1521573567464411137
1521560155128840194
1521548745942482945
1521533590663749632
1521313430904479744
1521307618987421696
1521255679188684801
1521216368271675392
1521214815963955201
1521214812327497730
1521214810893004801
1521214809089445895
1521208662643163137
1521196118255804418
1521191689108570113
1521146922953814017
1521146862241206272
1520961051994783745
1520945470201344000
1520856274275119109
1520842549434494977
1520816111763271680
1520496863941701633
1520496857344102402
1520200547952959494
1520200546208165888
1520099278793986049
1520082412671225856
1520082407965315072
1520031115444199426
1519795306585636867
1519788084849692672
1519781378602196993
1519774744375136257
1519774410558873600
1519770609978417154
1519767644924219392
1519766815840378880
1519745954907406336
1519745952550207488
1519736095470239747
1519735335336529921
1519701639304728581
1519696454763360257
1519668064702377986
1519440931690360833
1519440929882525700
1519432737232506880
1519420874671206405
1519410279435677697
1519393737474027520
1519379338776489984
1519377053824557060
1519375976974761984
1519338411747913731
1519329636458577923
1519325017439358976
1519142546852786176
1519119913419476992
1519071187858604033
1519064239167754241
1519062969602252802
1519062963243601922
1519045404087697408
1519043585471131648
1519028186872430593
1518994156592500741
1518694815860502529
1518692144982147073
1518687464713510913
1518681482289721345
1518681480494469120
1518677041922682881
1518676581799055361
1518675471348781057
1518670219144986624
1518642124832624640
1518636109026185218
1518625021773721601
1518619029187006466
1518604295687618563
1518604294005665792
1518593354199621632
1518566005362016256
1518300933767192578
1518039207368921090
1517961460466565121
1517943408266031105
1517541687526146048
1517541685340868609
1517522167486844928
1517504621312364545
1517504614983155712
1517207625695481857
1517196713580183553
1517196704533172226
1517162748655902722
1517162746722365440
1517162738111426564
1516874343585918984
1516856019514707975
1516814943605116941
1516813966823014400
1516813771645280263
1516809550371901440
1516809545192034313
1516798950073843716
1516574267927842816
1516574266619224076
1516574265197445136
1516574263892979714
1516574262274019331
1516574260621463557
1516539158034100225
1516525644124983299
1516525642313089025
1516481074813100036
1516480848748777474
1516454800438796298
1516454798912020483
1516454794730389511
1516454789898543108
1516449487522353152
1516448109391454211
1516440775525117958
1516439335096274950
1516439312094609416
1516261884969857028
1516161468173103107
1516141903112286219
1516137723794448387
1516123640005287936
1516102642191187973
1516099370634170371
1516081887470624769
1516071964594614279
1515865803987554307
1515784476143591429
1515782640196014080
1515448186080477188
1515381627295350790
1515367175330148358
1515367082472390661
1515358691070988295
1515354090729095168
1515105684228128772
1515083374804836353
1515059494937632768
1515056854803570690
1515056851020304392
1515010545820307462
1515004613354790919
1514992012520566793
1514980399071600643
1514978723673559044
1514959765985808391
1514795799569330179
1514779987458494478
1514751665940971522
1514737114293886984
1514637245126426625
1514637231788634115
1514637219058880518
1514637213044289543
1514637206614380549
1514637201023414274
1514637195277131780
1514637189501665287
1514637183780597767
1514637174435680257
1514637168941142019
1514408884663947266
1514374247656968200
1514374240945979396
1514329129012846598
1514306341090779147
1514306339652227073
1514306337857024010
1514301438868045834
1514301237126123530
1514294929882857476
1514293300685062148
1514067397426221057
1514059810861420545
1514059607760683013
1513977731415003140
1513977434659508224
1513965724808658962
1513965674179313667
1513889628922814469
1513722707145371658
1513721673991737345
1513699258540638215
1513699111345795072
1513644976332328968
1513640085484449794
1513640083093696520
1513584384678543364
1513547483418349585
1513547478590701568
1513299059339141129
1513241396983050242
1513178870786183171
1512955964021952525
1512558929980579842
1512558804826791940
1512547659566960645
1512494249182478347
1512481319317819392
1512481318243909638
1512481316994187264
1512481315735715840
1512477456204279809
1512475510919647234
1512448894562709504
1512445267911614470
1512208533068161029
1512208084625678338
1512203445452918789
1512171845084139527
1512139038949523471
1512139037842231304
1512139036873441280
1512139035795464194
1512139034054770697
1512139029738893319
1512134158323171341
1512112208267853828
1512102066939961345
1512096067701071878
1512090592288772099
1512055488044847105
1511834363440291841
1511834262663749633
1511815499881066500
1511815498992070659
1511815497779757064
1511815496701730821
1511815494688559108
1511805643543531527
1511802989425664004
1511802984623230976
1511798897156497413
1511769498864525316
1511763167474561044
1511746326387642372
1511739245727305731
1511736453977591822
1511734112071135239
1511482079342731271
1511470107075166213
1511458729669111808
1511454347346989059
1511441272413868037
1511421108351913987
1511420160107847682
1511420152839131150
1511414011014828039
1511408059054182400
1511401608072028169
1511369368575356931
1511366208179912716
1511365618930524164
1511364050185302016
1511344776343347210
1511129904485699599
1511108640245227525
1511108633270046737
1511099856378634246
1511097889560403976
1511097641244966916
1511097472478818318
1511090785168637956
1511085236926431234
1511066082261573633
1511066076502798344
1511061500915421186
1511050858854764553
1510654616454803460
1510654614294732807
1510425896196481025
1510423581703950341
1510423514502807561
1510315798274920451
1510294344233857035
1510283679993577482
1510274454022246403
1510274308236578819
1510262377576554496
1510087382586073089
1509988609272729609
1509986684515098628
1509986683198091269
1509970404508643340
1509958183435096067
1509958181572726786
1509958180062830596
1509958178003427334
1509958176409591811
1509958174618619904
1509958172743806977
1509958171158360068
1509958169015037957
1509943631947440137
1509939292499595274
1509929505699340299
1509922795190423555
1509876719028772865
1509875916520009731
1509607815509331968
1509607810530746372
1509591536622833670
1509587374078111755
1509583694306099203
1509561429866733571
1509551049694236681
1509546519548076035
1509523364838260743
1509514923084234753
1509298214549307395
1509273576154841089
1509252868766846982
1509245829542039564
1509234358971940871
1509209787803840523
1509204036301557765
1509186237768388613
1509182363737243651
1509166240048324608
1508929935838269443
1508927640903856128
1508917976803729415
1508907449927053320
1508870233997688853
1508869912625917956
1508862255634518019
1508850710233989120
1508850705951506433
1508836844213084161
1508499372459315203
1508492475274518531
1508467118265806851
1508449108310249478
1508449010872459270
1508442503632072711
1508435637510230023
1508432600662261772
1508432495087439884
1508243077517000705
1508211087317028867
1508149893352800261
1507847729048915977
1507796045744730112
1507450386529062929
1507418675514650626
1507414177375309828
1507401215235219463
1507388882555392001
1507388488592859160
1507388479893917699
1507198202721849346
1507118979122356227
1507116430315204608
1507100801642151937
1507060545823948808
1507060544381063174
1507054597667500038
1507050782172057601
1507016708715819028
1507016380511449098
1506744841056698370
1506744828247298052
1506706963568156676
1506700280661958656
1506688019981647880
1506685125052055554
1506678478430683143
1506610634716291084
1506606897138384905
1506418496816795650
1506418449626669056
1506418153814990858
1506385543260782607
1506325071140376577
1506306122025685001
1506069220114804738
1506014443284533251
1505952476125671430
1505922399082057733
1505917724614139909
1505667408350044162
1505568020005105665
1505523553013321732
1505337996026990595
1505337244692930560
1505266269435707392
1505266266344468495
1505240625305821187
1505012354991407105
1504936800615374861
1504919045371531269
1504911504763924480
1504889328727736320
1504886408397340674
1504878660913876992
1504873719323365429
1504864317753200679
1504860332468101120
1504853346330554373
1504839265443880960
1504825127954956288
1504651076045352961
1504649875971100672
1504612531293282308
1504587755711610891
1504558525774761988
1504555322844852228
1504554627307655170
1504551305607626753
1504549321156571139
1504548802010755082
1504548670255120388
1504523959164973071
1504516960352100357
1504496432933449732
1504481194049630215
1504476606194085893
1504474772893147154
1504462819999289348
1504459414497107973
1504453195686420498
1504286779008036868
1504203244070916097
1504186518084239364
1504167908506845192
1504167906082500614
1504148604461662209
1504131253615927308
1503912431566917632
1503837616516517889
1503837609088409603
1503837600708182022
1503836921113501700
1503819200955133952
1503750926661734413
1503750925256638476
1503742544756330507
1503729923529363462
1503512620032212992
1503471428464791566
1503469952677945346
1503447460982800388
1503434970068574216
1503434966063005697
1503434961503891466
1503434956764323842
1503434950749659143
1503434945326469122
1503434939999600644
1503434934010224645
1503434928716984330
1503434923692208139
1503434919325933572
1503434914246676481
1503398717826777091
1503392953796071426
1503138636547694595
1503072249594662916
1503072067259879431
1503044769999642626
1503025526990114822
1502818200223993861
1502784807817916427
1502776773964144647
1502770513193668608
1502767889283223559
1502662608004038656
1502403459009634307
1502402197191016460
1502391786890833922
1502391785842216967
1502389827546894337
1502380335073480709
1502354296180215809
1502333040546263044
1502333039203995653
1502329497835692038
1502041237175554052
1502038727228596227
1501997736350081032
1501997731463770119
1501960176517238786
1501960175053422597
1501689551374495750
1501680365521760257
1501676838216736772
1501673018883461135
1501591903132950538
1501574478287065090
1501573187762544640
1501557103713992708
1501557067215167489
1501557031307784196
1501322039713583107
1501306982048882692
1501306980001988609
1501306976076288004
1501306974700544001
1501306973375143938
1501306971990994948
1501306970464145413
1501294749671731201
1501282573049155588
1501238871660670978
1501234741445476357
1501234735326056451
1501234309289717765
1501012151548452865
1500934039624159238
1500906687628296205
1500906686030266368
1500888345869705217
1500888343978074120
1500875745270407168
1500695145829781506
1500654233707765762
1500654232118169602
1500512836539277314
1500505015642959874
1500144164994187264
1499914007897161732
1499890891120689153
1499837960375746566
1499837908412506113
1499803658447429635
1499786547507380230
1499761717504614405
1499761715633917952
1499505150775414787
1499484562338029569
1499463456013135873
1499457484263669770
1499443896765534218
1499436226692190211
1499436220388188166
1499429580142223363
1499410148879704070
1499374655790260225
1499374577276837891
1499209821442220034
1499208897202212865
1499155144616853507
1499151690729144322
1499138181870067721
1499138177084403716
1499124622595436548
1499116667116343296
1499104572119396355
1499104566931070976
1499096269280714757
1499043092019695616
1499043090836955136
1498862889263898624
1498855079797010437
1498852891330756618
1498851426587586562
1498851011255058439
1498849927962714116
1498849292500586496
1498846250757672963
1498846172764590080
1498845635419807749
1498821831528177665
1498758692128370690
1498747436260634626
1498740266349436928
1498697302302670848
1498697300759220232
1498506164606279682
1498482973502492673
1498438554644623361
1498438552773931009
1498434110578204677
1498433206470778892
1498431382594494465
1498430042422001668
1498406402028720133
1498400443319439363
1498400441239023626
1498384493870305283
1498343448486756353
1498343447228555278
1498334132908310528
1498330796511408137
1498127895390269441
1497987442909003788
1497713448641257476
1497707581720125449
1497674978338168836
1497674967865073665
1497318940829110275
1497309469390385157
1497295684629938184
1497295678258749451
1497232502410420236
1497229998624755722
1496966823119663110
1496871950139936769
1496663674110590976
1496564677895241728
1496562133814939652
1496537860379484174
1496537858844340233
1496537857208598533
1496519210406658050
1496248619611078657
1496248617836896260
1496229755359797248
1496220246847508486
1496220244628721668
1496182066463100937
1496170189418905604
1495870191586140161
1495848991396933634
1495778624045305856
1495773921525780485
1495770743107473422
1495594667559297025
1495594662626836482
1495428685918265347
1495422960668131331
1495144967559434241
1495103599550083073
1494787743632834570
1494787742227738629
1494411587960152066
1494411585607147522
1494388624791642123
1494386621227188237
1494375264163446789
1494372085153554436
1494368613700186119
1494368608377520129
1494348032674086916
1494071009238036482
1494071006880747520
1494026066758934528
1494026062715625478
1494020436224614403
1494011885435465738
1494001033726541828
1493978126002663426
1493739043225542658
1493657775943135237
1493657774005358596
1493644573935116293
1493638694074466311
1493637501466071041
1493634302592102405
1493625486400004097
1493614405757677569
1493605127097307140
1493437437791637505
1493384601296846848
1493384578765139972
1493354632856416264
1493332540190597120
1493321456377290764
1493320902146203659
1493320898547531781
1493311662207684609
1493288593514766349
1493263527389417472
1493255707700961293
1493234324832989188
1493081041405636613
1493079615656673281
1493049636847820806
1493046524762537984
1492946141104779266
1492938807062183936
1492930029025648641
1492901145316048902
1492619535798652929
1492314550389121030
1492254593773940742
1492214487931396106
1492207626750418946
1492207625555132430
1492207624015818757
1492161975702466567
1491956352624779271
1491901340997627907
1491901327303221255
1491891685198028800
1491854685174652931
1491834765888167938
1491831514451095565
1491831496247853066
1491811514180902917
1491804250267136002
1491784468780126215
1491633593189339137
1491633591520043009
1491562123020877824
