1534681943014625283
1534680047344295938
1534678652738224129
1534677229384368128
1534674764828139520
1534670324276633611
1534666056131821576
1534595271803428867
1534595270440275970
1534595268221489154
1534595266900377603
1534595265604177922
1534595263284772865
1534595260768104448
1534581148789129216
1534550515555651584
1534538261724639232
1534528226449661952
1534513749587017729
1534248805574615040
1534212341398704129
1533910608877330432
1533886873545986049
1533576035261992965
1533556240684568581
1533474869219844106
1533087090774265856
1532781850585878531
1532693606414307329
1532467663045279746
1532460998413672461
1532445663765708805
1532433731843149836
1532433722372509697
1532407833689567233
1532366931994583040
1532320845204430848
1532097186586152960
1532059542111940608
1532014279121158144
1531986601873756161
1531747908202242050
1531632851585753089
1531366465403772930
1531349467466719239
1531301678087122949
1531244188150468609
1531062653963186177
1531037644360192001
1531013673984176131
1530917898381934594
1530912367101497345
1530912152189640705
1530907189862453249
1530606081264820224
1530550713578840065
1530338641322692608
1530277809326800901
1530247020505665537
1530230560542556160
1530199518888828929
1529999345516412945
1529942971336081464
1529925710634274816
1529868593076256769
1529571907506515968
1529553304237355008
1529525251100532738
1529256393764741128
1529256392774889472
1529118785990533121
1528833703576846336
1528816542305198083
1528812451059355650
1528755639647870977
1528738781666463746
1528447108952604673
1528367584051138561
1528107403266469896
1528010223083995139
1527733419874078720
1527724243085058048
1527705742081413127
1527652076335026176
1527389941025718272
1527370118208139264
1527355939392786432
1527335882553847808
1527320232519344130
1527111326711037952
1527103086837350406
1527096756097454080
1527094421006721024
1527094234720919555
1527079283168100352
1527065561716473861
1527042676222197765
1527001046844940290
1526935644349546497
1526885355944910848
1526882711406886914
1526724076143771648
1526724074931724288
1526724073673351169
1526724072532594689
1526724071211290624
1526724070028496896
1526724068862566401
1526724067604287490
1526712999679086592
1526693649517527041
1526670373189730304
1526633073768636417
1526631915125710848
1526585858215886848
1526565442529157122
1526533112431316992
1526335218780626946
1526261327802540035
1526231156588421126
1526212138620047360
1525879947075657728
1525813304995852290
1525581734359834624
1525543931676606466
1525461051717861378
1525438283366400000
1525191307303571456
1525191299950952453
1525156001875382274
1525122658379124736
1524901982502277120
1524800476092538880
1524772006524297217
1524483248923070464
1524464497427103753
1524400219047317506
1524026617726742529
1523754714940248065
1523713262042374148
1523649127992672257
1523256461224452096
1522999745526091778
1522939437512073216
1522637458051112965
1522561961053011969
1522376901624537089
1522267417929555969
1522204851899412480
1522204849722507264
1522199567097384961
1521931760686276608
1521908986202800128
1521882489576472576
1521874313602813952
1521852298141523968
1521836428883341312
1521589170434625538
1521555997080395776
1521452182683402245
1521444502308888576
1521248426838708224
1521203001175814145
1521172826379726848
1521112405023105024
1520876918689652738
1520876913425854467
1520841941390438401
1520813460422074373
1520812691987836929
1520811983183958016
1520402754019246081
1520070935914631175
1520049246346661891
1519754584230612997
1519738445098270720
1519720636389769217
1519674678423527424
1519398497807745027
1519383494346133507
1519290922097336321
1518922873573937159
1518620999775883265
1518288686768705537
1518243408766193666
1517896200497909763
1517871671742500866
1517866005384552448
1517587810877952000
1517555474371121153
1517473416038735876
1517231820852633602
1517213730983006208
1517212261668073477
1517212245167644680
1517103366488399873
1516900991475531776
1516900789280817152
1516876228690595843
1516830375342972940
1516557120677761027
1516529603984113669
1516518266059075597
1516513221175386121
1516476858472157189
1516435216860168200
1516141720550977545
1516141714632757249
1516141709952004096
1516141703534714882
1516086916587958282
1516023857639038977
1515661473565097987
1515329308654514181
1514995443620626443
1514963306792075272
1514936721129054209
1514687449980715021
1514668577818877958
1514606928718024708
1514317616730488840
1514257249153204228
1514211909301645316
1513955226927222798
1513912998762528779
1513864660134641664
1513638149678845960
1513604368406355970
1513562656929718273
1513536184923869187
1513230351707131907
1513169991373365248
1513144590240559110
1512264639802920981
1512264638335008770
1512264637319987200
1512264636376174628
1512264635382124544
1512264634467815425
1512264633553408028
1512264632580329529
1512264631548530699
1512264629430407173
1512154548596527104
1512100103607271426
1511811743483375623
1511765798481715203
1511720684518576134
1511705444737298444
1511677606785130505
1511463727454986244
1511312826861772801
1510995736485416962
1510950428715982862
1510764060010233856
1510711171179032586
1510641539931803652
1510389979884752896
1510331261788868619
1510294561054248968
1509972478084456450
1509972476008321024
1509934256851722272
1509878379885080591
1509650871881068552
1509599026710134786
1509583829673156612
1509531114813100035
1509153624517193736
1508944476605136897
1508893020472623114
1508871920648925194
1508837655047462928
1508816499519234066
1508594261004062724
1508528104939167754
1508485342348853255
1508457921302220807
1508413727934226433
1508126737074429954
1507764352396546048
1507447326364864532
1507432377152385032
1507414521576660997
1507398478284140550
1507326546943610887
1507024562482987010
1506960299705970691
1506779587572903939
1506754147776876548
1506754141737082889
1506662208465522689
1506618453398065156
1506360568659251208
1506269621292351492
1506239398328909826
1505968378107863046
1505929593680769024
1505892120695029765
1505346963881054213
1505320238874779652
1505205323430346752
1504910638258266114
1504895733882830849
1504885603653103617
1504857697828671491
1504835936814776356
1504820054382235648
1504804940178464772
1504789843947237376
1504572290792624129
1504548373470326787
1504533265180471304
1504523229867651073
1504519335926239238
1504502967017390083
1504490677169709058
1504457723781525511
1504427442022363137
1504199455645523976
1504187840535707654
1504170771668742154
1504118287029973001
1504080184353382410
1504065080161456130
1503823458660233222
1503791315309453312
1503778180825501696
1503747984927952912
1503744752130351114
1503721435474407427
1503702665078919168
1503555117068476416
1503555111045455874
1503555110173032455
1503544099261067267
1503541529562038274
1503460136949620745
1503447135341195268
1503434553528143878
1503418202629545986
1503390670240768000
1503126024464351243
1502660803614412802
1502366276295004162
1502318441562259462
1502051611316785159
1502021368396881921
1501958584187371528
1501909493566914562
1501618990325641220
1501614335868780544
1501608870724214800
1501600947994251265
1501588765797752838
1501543440722669575
1501370791115603973
1501358925932904452
1501275342870388744
1501228797642821635
1501183458588172289
1500939450993496074
1500924381157076994
1500923797490348033
1500871472767721478
1500863996093775874
1500818594032193540
1500607311269748742
1500607306391764999
1500525913628360704
1500525694518013955
1500519501229694981
1500499449600172035
1500208472922763275
1500202593972371461
1500109029154172931
1499863517041762307
1499852300659183625
1499840338256666630
1499815693923016708
1499763172718395399
1499566267765649410
1499490051444686853
1499431931712348160
1499384246959587333
1499369107778867201
1499166892669476869
1499137476341993472
1499124936652345354
1499093969900388352
1499087632248315904
1499078149686054921
1499030898569842689
1499006734572077057
1498844203694051328
1498816473736822791
1498788094316797967
1498765276388679681
1497251065519038467
1496898255556431875
1496560619067166730
1496485112497778702
1496122756617879556
1495805687846342663
1495760358232969217
1495443263540666369
1495144963302207492
1494733579032670216
1494703409362046978
1494676838693720069
1494466599981666307
1494401380718624770
1494325923058905089
1494303138936934407
1493963616256724994
1493948395370729473
1493621010242887684
1493349294899879937
1493299106483261440
1493268958476226561
1493223682759708677
1492249326940303360
1492242202231291910
1492227041932070912
1492213258429816832
1492166710199267331
1492136481959383043
1491864679681073154
1491819397094248456
1491774101714841604
