1534530375703318528
1533434714186321920
1532704905126887431
1532403387538493440
1531259140173078529
1529223308088066049
1529223306561441800
1529223304740864000
1529223302756982784
1528556322362249216
1528420424085696512
1528375129436135424
1528045452318281728
1527997640826290177
1527773115299897344
1527692952729952257
1527389838378401798
1526989586404089856
1526989585544273923
1526989584705495045
1526989269784481793
1526701579017064449
1526549345109172225
1526317818978963459
1525854767779434498
1525830862553591808
1525611188943572993
1525611186808659969
1525611183956545537
1525144989575135232
1524495813883355136
1524471297157255172
1524107927551983617
1523339443284889603
1523284098986479629
1523284096142970881
1522220822533791745
1521954111566098433
1521524450096783366
1521524448096145408
1521482207038263301
1521119037094342656
1521119034091134976
1520871934539427840
1517512059403091968
1517512058077687814
1517492164355248128
1516767388569522178
1516137019617026049
1515672675477164037
1515049821819834377
1514975521272221697
1514975519825186817
1514967324834643979
1513952381284794374
1513943459849195528
1513943458632843274
1513625597804691457
1513625596676427776
1513625594835222528
1513540196679172105
1513540195106406406
1513540193315397638
1512165243878793219
1512136547788857354
1512136546295717892
1512082801771704321
1511329054451982342
1511109920749465608
1511095219776798731
1509658734565416962
1509517115459571722
1509276875218161670
1509276873674665985
1508826312881881097
1508794856381984771
1507427732841537537
1507402570205126664
1506994571187740674
1504200841758076928
1504099000219283466
1504098999103598593
1503831659610882056
1503817982774067205
1502989100193886209
1501309284386148355
1500911661254799361
1499845888448942082
1499835651939778560
1499835648064331777
1499500234812145665
1499155386024271873
1498862631935004676
1498712673453805572
1498712672182939654
1498712670488440834
1498430373243625477
1498430371930808320
1498426297449684998
1498307951718809603
1498307950468816905
1497587004011212800
1497250673200701451
1497250671644405760
1496953573023772684
1496953570582745091
1496953569094029315
1496953566493356042
1496864532433621003
1496593617552609285
1496507653694107661
1496507652465172482
1496142076785958928
1495761475608068098
1494795108050341888
1494713666511552519
1494387421475217417
1494356601125416963
1494356599019909120
1493951323326320640
1493714964065964033
1493714962027532291
1493608540790923265
1493606804865044485
1493359404430897155
1493348485864828935
1493348484044492806
1493265683551080450
1493265681692909570
1493265679872626690
1493265677137948681
1492207354863104001
1492207350928842754
1492190676771033106
1491825637228691464
