1534678684338208769
1534663069955235841
1534619472983638016
1534574782171303936
1534531275134058496
1534523482259824641
1534272695843573760
1534255072946835459
1534176163266011136
1533940649913098241
1533869479272321024
1532829540552261632
1532829539058974721
1532791570109448199
1532789942660784129
1532759712755814400
1532759710872510464
1532511361690894362
1532466307920236546
1532462661006417926
1532441735246270464
1532352778940690433
1532104836736593920
1532074593770524673
1532007104717914113
1531983179673964544
1531744032510156800
1531722430430986242
1531300560598597637
1530336211407196161
1529507183762735105
1529507182785576962
1529507181850157063
1529507180952670208
1529507180071858178
1529507179144806400
1529253702539825156
1529109230522884096
1528860519343480833
1528433363425574912
1528034094172585985
1527745111915909122
1527647946174496769
1527647662232813568
1527644295351701508
1527388096441896977
1527351801514643470
1527279248398221313
1527274121561665538
1527021905223483392
1527021650155380737
1527000314251030528
1526965772274192384
1526190861612109826
1525225815436316674
1525217254761279488
1524866892275630093
1524831291459391499
1524793232500072451
1524740638641733633
1524496700517359618
1524496698898268161
1524186922708606977
1524165828731617281
1524109102779088898
1524072655774793728
1524057555827404802
1524020944695705602
1523765190025781248
1523733606857945089
1522685239209906176
1522685207773593602
1522636267795750916
1522594027115360258
1522251855816015873
1522209273861787650
1521956912035774464
1521928960954753025
1521927886160240640
1521927226505240582
1521914088271622146
1521097168320225281
1520794201658736640
1520036325398884352
1519785459693592584
1519779822611968003
1519761103525498880
1519449053410516993
1519443572201820163
1519428891387088902
1519367353053716482
1519328542508597249
1519121599701659648
1517569380422410242
1517562727211880451
1517539252371922946
1517226104892837888
1516816203783811084
1516495626867032064
1516472285712064514
1516156266392993799
1516156097446428681
1516124874313506816
1516086447463354374
1516046359236956162
1516046358192472064
1515662609415954435
1515077351129948167
1515066570317438976
1514964666174291969
1514953310444400642
1514683108343398406
1514683106967576580
1514601212431134721
1514382408304443397
1514293109634523139
1514010369836167172
1514010148569858048
1513937730325073929
1513937724247523334
1513937718379749378
1513937713967378434
1513937707059363846
1513937651514195984
1513915119448866826
1513915117808799747
1513876154800918534
1513659695050932235
1513615462512353286
1513503381473665030
1512509381920837645
1512505095698661382
1512504898864177166
1512420624030912514
1512148442180636677
1512134975935721477
1512061428429037579
1511841933924122631
1511834238089416705
1511739295173861378
1511479550970109967
1511464119345774593
1511334844827111424
1511096276712108048
1511073794747768832
1511069829960282114
1510016532318990344
1509951549883265025
1509942608843444230
1509932802808049669
1509652655261597702
1509648246792232965
1509647976691429377
1509621861990162434
1509540967162036226
1509260785805152265
1509243986116026369
1509225651399704587
1508943506030706692
1508941876556087302
1508923944832843783
1508844016271507467
1508778725495689229
1508544491585687557
1507428548805603329
1507053709804638212
1507051874192695298
1507022949945065478
1507022240755458058
1506723744320008194
1506702243436896258
1506702092668387335
1506276910506065926
1506276750308909068
1505933715612094476
1504879053374988300
1504836122484039681
1504828484325187589
1504583930439217157
1504532655324508164
1504532232249217031
1504527264846917638
1504476111979180033
1504458698114150410
1504269615500832772
1503871413517705218
1503855565587554306
1503848631295746055
1503795758688092166
1503486525732003841
1503397345232310280
1502394170392162305
1501987371004407811
1501987369855168514
1501987368609460234
1501987367439241219
1501987366340284431
1501987365119791107
1501987363958005763
1501987362573885443
1501987360338239492
1501987330130907142
1501987328935567360
1501987327740198912
1501987326377009154
1501987325282238464
1501987323931734037
1501987322778243089
1501987321540923397
1501987320333049865
1501987319213178883
1501987317933920263
1501987316449124358
1501668061291687938
1501339481038749697
1501331933392891908
1501322699016220678
1501209879058472966
1500488875277373442
1500146622247829520
1499859731833241601
1499839334232600578
1499512443449581569
1499489793763385344
1499480324115513352
1499240650121879561
1499235393887166466
1498787665860186115
1498771611008315393
1498710468738916360
1498391906048520203
1497274946590019585
1496913860208517126
1496913743887884291
1496913600761507846
1496913482473779206
1496913318094815235
1496912835749859334
1496912724088999938
1496912422539608069
1494765218093744131
1494705412142256130
1494443268662251521
1494425981645381636
1493953172041314305
1493758642805362688
1493722648567635978
1493710767841071114
1493366550920941570
1493330633111838727
1492154172866711552
1492137025734168576
1492137024719044614
1491943680185442305
1491919001643008013
1491891718903508996
1491884231110311943
1491789662335078408
