1534671433879764996
1534574611425382401
1534554033935077377
1534208723345866757
1533913409384763392
1533890488272670721
1533802810084573185
1533448565019791360
1533131466304987136
1533108444047212545
1532838700207550465
1532521532802605072
1532503742104338451
1532402900391051266
1532399894773878784
1532079493459976200
1532079491174252544
1532047224024223744
1532011498456895488
1531983631459155970
1531665215875604481
1531635695340736512
1531635693964894210
1531270452869484544
1530957138851340290
1530233490683330560
1530199338726457344
1529559875629498368
1529458162335612930
1529184221247553536
1529184218286260226
1529157792678006785
1529096113042640897
1529096111608274945
1528771251766018050
1528722413793452032
1528499202552111106
1528443073079848961
1528396795516166152
1528065585954713600
1528008229967601665
1527764687986860034
1527719786163097603
1527666815018668032
1527315207113936896
1527009588062584835
1526914417438474242
1526891490752049154
1526618070906716161
1526555835349991428
1526214414197788672
1526185702119055361
1525926590357590019
1525528254425227265
1525152182559023104
1525119414848344064
1524829870462849024
1524775557820518407
1524741156898283520
1524479220977741825
1524461609506246656
1524375074849054725
1524211378994696192
1524211377564536840
1524211376209735681
1524211374963965953
1524211373663735808
1524211372279615489
1524199342546030594
1524063137988755456
1524008557615665153
1523769203441946628
1523380966974267399
1523334885322149888
1522946859580280832
1522680684678205442
1522661089900744705
1522612118025121792
1522612116531855360
1522612114162126849
1522576795853275136
1522258726463361028
1522252832124162050
1522252830861676552
1522252829209026561
1522232584595554304
1522200360424816641
1521950876004491265
1521866815848296705
1521594254765735939
1521551157872758786
1521533967144521729
1521469939462414336
1521454864089464835
1521454862856298496
1521272725024788483
1521151996924940293
1521118875080925186
1520855777082322945
1520788060795019270
1520558634299801607
1520417704565305345
1520130836225527810
1520121864760311812
1519807666582867973
1519762348659159041
1519737224392282114
1519723275403866123
1519711928729362432
1519702013805744132
1519682678668369922
1519474371882070016
1519457774282940417
1519307389526233088
1519094636408672261
1519009023626031105
1519009022271238145
1518962240388481024
1518946480731656193
1518622911317299200
1518243368416858114
1517870711083253760
1517870708541607937
1517578880764239875
1517578878285492224
1517545446209691649
1517545443026247685
1516835913229344783
1516772664773431303
1516439606715207685
1516123298932969477
1515676458487746568
1514319622077657093
1514284421058371588
1514246775804149767
1513913495510818818
1513578042177773568
1513567964355780611
1513184000642273293
1513159856513064966
1512550086399639554
1512473590599495680
1512221517710602251
1512085541579276289
1511814527570137100
1511479750245728264
1511387588728397827
1511355813037756417
1511335347971526657
1511129121958551556
1511081303403290635
1511046242452791307
1511046241391714305
1511020908365897735
1510969183420370944
1510644544194326534
1510353878377644034
1510289705333534725
1509991493125214211
1509950287867523076
1509894939638968330
1509606392277123080
1509606390964404227
1509277167934484487
1509264661597806596
1508917810721955843
1508847704180506636
1508815466818592786
1508571709640691719
1508111610014928898
1507866810841972741
1507775476407967752
1507746699099398147
1507432873397260292
1507432871866376192
1507417667937865729
1507398315150917633
1507319267250909187
1507065963274915860
1507016439382741002
1507003370254520321
1507003366190329857
1506788120393666561
1506299679662825480
1505942683185037328
1505748532233338880
1505223824983400453
1504882632332611589
1504882631007260677
1504779899642564608
1504640395271102467
1504606327678582790
1504565641134710789
1504533024733605899
1504489078724640770
1504489077462155278
1504243137283342336
1504200903305437187
1504094475118956544
1504080042963476489
1503845997478354951
1503806919584235521
1503753892869386245
1503464670098862082
1503413413699100678
1503098576573911042
1503027621273247746
1502336048805949440
1502299267104391173
1502072569012310027
1502061742754607149
1501988758903681024
1501934158385319938
1501921514932822018
1501704210328530947
1501667961966415875
1501564036072325126
1501230513083666438
1501218180534095874
1501218179447758853
1500969550916964355
1500925372917075969
1500833646890074112
1500509009031225346
1500154171575525379
1499810625173733377
1499775494019026945
1499737648172257289
1499439862830800949
1499386759049887747
1499222813651177475
1499190384899076096
1499165091081637888
1499142507296264194
1499120404924882946
1499120403654103049
1499120402441850889
1499104754697269252
1499091305946914823
1498862311292895235
1498860708196499456
1498853834105446403
1498848687405113344
1498846167781806081
1498845217986052098
1498838832246149124
1498828804248281093
1498804225714925579
1498662804445925378
1498459789684322306
1498353253033160714
1498094262478680070
1498001712145219585
1497994943570354178
1497981726370537478
1497688727321260044
1497682208605159425
1497606934324817925
1497220315478376496
1496844763189948425
1496844761981988871
1496844760685838340
1496844759087947778
1496590695573843970
1496564989334892564
1496508251030106113
1496228305158094850
1496189576649613324
1495928983854239747
1495895658255032321
1495864591397576706
1495438645603577868
1494722811998486529
1494722810492690433
1494720389259350018
1494692768354025477
1494383098464776197
1494033927018881028
1493736891035828224
1493707503791661060
1493707502432751616
1493700037066604550
1493351848681431041
1493301191253630981
1493273567131275275
1493244527624269826
1493244526038851585
1492936616792498183
1492902689763733505
1492900249739927552
1492581191152721920
1492528926794698759
1492272684004163588
1492164190831796224
1491928049297899525
1491899798785560577
1491784651752493057
1491772304954728449
