1534673123911475202
1534655365186453504
1534633076755771394
1534633036008103937
1534632081829011457
1534626317462904835
1534619223414214656
1534617867844562948
1534611055921569793
1534611021293408264
1534610524532625408
1534600554000809985
1534599366194995201
1534583888240066560
1534339467812782080
1534336407308836865
1534273012245069826
1534272943236202498
1534269947290976258
1534231460881776641
1534214318019026947
1534195180479434752
1534190110379483136
1534166487153496064
1533923608044650497
1533911879281672194
1533911851758657540
1533911841709117440
1533873218196496384
1533872565193740289
1533858327133839364
1533856036246921217
1533854413240033282
1533817000551669761
1533531549974536192
1532806253159845891
1532782300739555328
1532767429692203009
1532767076183597058
1532744526590365698
1532723781101244418
1532447851242037248
1532437692436340737
1532437652594642969
1532416919675994114
1532413322854862848
1532399797973442562
1532179294415462402
1532165266632851456
1532107569988255746
1532033285177606144
1532016539704123392
1532007293067444227
1532007194958434304
1532005689396277250
1532005618097201152
1531716526226776064
1531685549987319809
1531349729799462913
1531271781910253569
1531032639414669313
1530987337173323777
1530896750717935617
1530670249112227840
1530668759676878848
1530668633487048704
1530612451787653120
1530585709349830661
1530563887439007746
1530534356371902465
1530294474219438081
1530293081551130624
1530286952687230976
1530241271566110721
1530241238313717760
1530224142808764417
1530194319520538624
1530190000079486976
1530189832772788224
1530189282148761601
1530188508362592256
1530180472080326657
1529934502767869954
1529930232962199553
1529913206352891905
1529913137511661568
1529912890098077701
1529883168249204736
1529875663343206401
1529875429305229312
1529875246395936768
1529870288195833856
1529842755857530882
1529816369990098945
1529781815862603776
1529781797030088708
1529781775513395200
1529781766147428357
1529781753770123264
1529781742499930115
1529621118293876739
1529612240676175872
1529567807993794563
1529562354744274948
1529560606814126080
1529558323116261376
1529557067178049536
1529554000219099136
1529553434692788230
1529553111257333767
1529550703265558528
1529547473789788160
1529543254970191873
1529543213928923137
1529535992671178752
1529535813880520704
1529465324990607362
1529464972329291776
1529459288028200960
1529439035973849088
1529438967086587904
1529438749733662720
1529435549274189824
1529307021199257601
1529290992196673536
1529280976479731717
1529280696983896067
1529218427210145801
1529217057249710083
1529207924106698752
1529169641792319491
1529129035003043844
1529112023119937536
1529110867597479936
1529100709672718336
1528857588301197312
1528833167225982977
1528833165569179649
1528831147609825281
1528830108705890315
1528810579900735495
1528375125720158210
1528005191538200581
1527752271286747138
1527748471855452161
1527746012382625794
1527669113665081348
1527357939648184320
1527357929867071490
1527357924531929088
1527352822114635786
1527352820873457664
1527352819531268096
1527352818218467328
1527326671577427969
1527321124551286788
1527051759511908352
1527027323832246273
1527023541929103360
1527023514108272642
1527019992885170177
1527017828116832258
1527016601777754112
1526997296772026368
1526993603284836352
1526990381656711174
1526982197386821642
1526972302998622209
1526971667393785857
1526944984796119040
1526933495427260423
1526927105413480448
1526907947175104513
1526907623383220225
1526736358437429248
1526707644186206213
1526707102399574017
1526703585052004353
1526665014924480512
1526655851137748994
1526650927976964096
1526641004392112129
1526635689676312576
1526631250735267840
1526630906575917058
1526598340267462658
1526598212525740034
1526575991610548226
1526311568413274112
1526311261050392576
1526266735476842496
1526252703290114051
1526246770275131392
1526239915553472516
1526226064896311297
1526224065912049664
1526195824811704320
1526046478376087553
1525963847307251713
1525935884431917057
1525826833836494854
1525543971329609731
1525522106347290624
1525522075569602564
1525522059006251008
1525522042010877953
1525522024847880194
1525510287604035584
1525509296464744448
1525505884943798273
1525504049688236039
1525500189762539521
1525445827375685632
1525209904717389825
1525209895980748803
1525209363513753608
1525205132383768577
1525205100876255236
1525203507548241930
1525148314982928387
1525145605911232513
1525144751573544960
1524869515720417282
1524869268336168960
1524866308134912008
1524816836797382661
1524792147475578883
1524790502490505217
1524771686230499331
1524766868950687744
1524744068986720256
1524575395475070976
1524487473673428992
1524481437805723654
1524478323606401030
1524449933381746689
1524449931666337792
1524425436385751041
1524241821739663370
1524241796741701632
1524190629164683265
1524182995837480960
1524137664634658819
1524137572137672704
1524137538096709639
1524137399701409793
1524137278595080192
1524137255580979201
1524137184663588865
1524137162509365249
1524121753894944768
1524106287948128257
1524103301905661953
1524099310081691648
1524099275558424584
1524098870585745410
1524098818186395648
1524098737144217600
1524098725114753024
1524098456100515840
1524098405844369409
1524098362672402432
1524095535006855168
1524094345523216387
1524094202510028804
1524094131374546951
1524093110011281408
1524093081112526848
1524092777000280065
1524092039993999361
1524089946373513216
1524089870188167168
1524089854828687363
1524089835585253376
1524089641510576128
1524089542508224512
1524055720542494721
1524051372672491522
1524051368771784706
1523982049073319936
1523981722018365440
1523711506432630787
1523711450379862016
1523314908472889345
1522954414310445057
1522625313490059270
1522624415959330822
1522606676335071232
1522598581840093191
1522434091236401155
1522279979538649092
1522248009437884416
1522221240387346432
1521973196819505154
1521934031029518339
1521856594929192961
1521856308596588544
1521682117335433218
1521632629426118657
1521575071147515904
1521525398223392768
1521504587659816962
1521482997706510337
1521316702205665283
1521300051502456832
1521242389146394629
1521237635649392642
1521232824837316609
1521226635030245376
1521191898614013953
1521166301632344076
1521139072416337921
1521134467448020992
1520482043292966913
1520462989802885120
1520402600029532160
1520135315423379467
1520124854594326533
1520112771404386308
1519812003614932992
1519808174882115585
1519763260899270656
1519762603043704838
1519762530461265920
1519760383866769411
1519754607722962944
1519723442702065666
1519671698169151488
1519479480837885953
1519461835908562945
1519453875778072583
1519419753831571457
1519408064549507072
1519397509679960066
1519397091977666560
1519393827638890496
1519393370162044929
1519390963113803779
1519373254015787009
1519356712704172032
1519078908548759555
1519071846922076160
1518989569819131905
1518973702955806723
1518699872165244928
1518669169759334400
1518649179031187457
1518637782520012800
1518226503078612993
1517638582747414528
1517606951563190277
1517600695846948864
1517570471344095232
1517527844137705473
1517527690621956096
1517527688658968576
1517527687392337920
1517527686016552961
1517524765371781120
1517500857926967298
1517245703554281473
1517176553716736001
1517164174576607233
1517161949498388480
1516793466671489027
1516793445221904387
1516782843757793285
1516455739056865280
1516453537722646538
1516117659015909384
1516117657828962322
1516109807589240839
1516102716526895105
1516092097606082562
1516092095647338502
1515754715589480448
1515028077297942528
1515027785986809857
1514997225209966600
1514681142053646348
1514647631846330378
1514641915693707267
1514382271998050307
1514317850722328590
1514311199839641603
1514306326515658760
1514306073343275011
1514306026476036102
1514304272053284864
1514303325335916544
1514303315143708682
1514281693708001282
1514280895192219652
1514212984096235527
1514209130000621571
1514034217864290306
1514034216803213312
1514034215599452160
1514024177778544641
1514021842067107847
1513980544236855296
1513701347706777606
1513699850419847173
1513699780622442498
1513699756584878090
1513699686321954817
1513631238313156612
1513625372650360834
1513585820363595781
1513585795730452489
1513585784779157521
1513582158660710407
1513573849157324801
1513559979139207171
1513523408222494723
1513523397581549571
1512836486659334147
1512514005910310913
1512497452053585925
1512493515942641673
1512493138375499784
1512166214176587788
1512153866422427651
1512138919550279680
1512135577709252613
1512134650768117776
1512132583953510400
1512088982787702785
1512083100490076190
1512071268475932686
1511848695209377806
1511824444196638724
1511822493996171268
1511793011520385037
1511712503914545154
1511710960456712195
1511526709186772996
1511495013284331520
1511486675507154947
1511467465880096771
1511466024188755972
1511466013056851971
1511437276802334729
1511436144151601164
1511430542637649923
1511419565053517826
1511417333998395395
1511400982802014215
1511380910700122113
1511367476239605763
1511367474696044546
1511363489604026376
1511070326897139717
1511063556791279619
1511058642367389699
1511056121469063172
1510711736290082819
1510683771732992000
1510683723548831748
1510274153701679110
1510274132885315593
1510274028472307719
1510273982209081347
1510273879373234178
1510273814869024772
1510001120361566215
1509999612832141316
1509999197889736709
1509994590505472007
1509994589310050308
1509992018398879745
1509944491691716617
1509944141043712000
1509918740749684740
1509892739768463361
1509634490532085760
1509634489512824836
1509632949150494731
1509608882116730884
1509607928634003456
1509597423894765571
1509575449453772802
1509555523305279492
1509555462693396481
1509555406724636673
1509555301564956676
1509555236855287809
1509274269062250499
1509266206057975810
1509263170183045127
1509263166898901000
1509261475306786820
1509257523139956750
1509220145411072001
1509216495875862536
1509216053259288583
1509213121583501319
1509213105078915072
1509213024556666880
1509204455161573377
1508919136419819521
1508900225146048525
1508889690354638849
1508870400994086912
1508870398506680322
1508865614235979784
1508848410157330432
1508848366402293763
1508585812392296459
1508565726864584707
1508565659575279619
1508558207727423488
1508558094879666182
1508550398801551371
1508544697026985991
1508500458389876747
1508494528436752394
1508488622890270720
1508475290741268492
1508447483357245449
1508442540428742663
1508423365014573060
1508165961488031746
1507852742169137160
1507804580452749316
1507749220471631876
1507462841481146369
1507462207545782281
1507440855271018504
1507415415240204296
1507396549516664850
1507190958726729732
1507125554021081093
1507125547503079429
1507121102920818690
1507114053893857286
1507114013116846094
1507112923008749571
1507085894582419463
1507078688441090053
1507078671764537353
1507077287920881680
1507071888354385929
1507051649218527240
1507039830152298500
1506752815414263813
1506752763094605826
1506731159803285506
1506731154350743555
1506730937018691595
1506723732097806337
1506716087269957643
1506379561482792968
1506379557913378836
1506355885974687749
1506351254137671681
1506330515112087560
1506329718534160390
1506281730906411014
1506017329632931841
1506016339210616836
1506014354923212809
1506013583271890949
1506012925609357315
1506012905338474496
1506004887557054467
1505998092721696774
1505996434843344909
1505982271769165829
1505977143821574154
1505947520157077508
1505918828433358848
1505255879452545029
1505255839552217092
1505254698084978692
1505254679210512391
1505253411553517576
1505253324483969024
1504877310088036352
1504830683667120139
1504670110178496548
1504638768388710403
1504619826169397250
1504613514308210689
1504613490924957700
1504613205682831362
1504552201192153097
1504539396820905984
1504536144846938112
1504522071816261641
1504181955688026122
1504181954396278796
1504174389922779137
1504174388052176897
1504131779036385282
1504119554540253195
1504117868857856009
1504113210546393088
1504095070206808065
1504092602307649541
1504085519881457666
1503876371172446209
1503859329627209738
1503808265708314634
1503807779299110918
1503804755176529927
1503799592365740035
1503795373596463104
1503794755985096707
1503794719817707527
1503786347361935366
1503784607497478145
1503774716158529542
1503761402288291844
1503748941296410640
1503748940008763396
1503487794773123073
1503487278555054086
1503482728632754183
1503482522642132997
1503482506154229762
1503479530694094852
1503472836266106889
1503472827026087940
1503471203020939265
1503470912426946567
1503469230884274177
1503469114177859585
1503468464140337155
1503467552332255233
1503465796634390533
1503464889955852295
1503463947147661319
1503463762099159057
1503460875973320711
1503460835875819520
1503460681093373957
1503460429418610688
1503457968955793408
1503454290089816080
1503451075881443328
1503450598129254406
1503446748177522691
1503441128766558212
1503440281223548929
1503438288400666628
1503437398918717441
1503436334844809222
1503436267895279623
1503436243534848007
1503436227885867014
1503436213881126912
1503436176291766274
1503436159870980097
1503436127138689026
1503435355810316292
1503435048640466957
1503434913709711363
1503434321960521739
1503434242512015361
1503433675752587266
1503433343358099459
1503433137342357506
1503433045134778370
1503433023483953152
1503432596692389890
1503432203979612166
1503432174049144836
1503432157926236161
1503430761583714308
1503421465881989125
1503421282544668672
1503413769015283719
1503398770423341062
1503398602735034374
1503398361134768133
1503398278162956293
1503393653582086144
1503387781552353283
1503387770617835524
1503371133801926661
1503368588685905922
1503354276919353345
1503349409513418752
1503348233157885953
1503347697830580229
1503347134472536064
1502748170736095232
1502731401686306819
1502395343228571654
1502352236403380225
1502340554738343936
1502340553584873472
1502331357485273092
1502308267619459087
1502308140792139783
1502116625071456303
1502042443449081856
1502026369252970504
1502016068721823750
1502016006922899457
1502010139729092613
1502004722823278594
1502004374133952519
1501970602974146561
1501778633978953731
1501656641804062721
1501646371455127556
1501621507646238722
1501578366264164352
1501566400619495427
1501544851627724803
1501386840753983491
1501371629347258371
1501371594316394496
1501313735591399424
1501313728062578695
1501313718365442050
1501306291775586312
1501295538179915777
1501294433538613252
1501262654920396803
1501260716669640709
1501260352666976266
1501214121483714564
1500986005595344903
1500982507885453312
1500971092701323264
1500961916713414659
1500956563640573954
1500952890076274688
1500948255659728898
1500935695271182342
1500935692918177795
1500921076267765760
1500914497564913677
1500884121220009988
1500592532094398466
1500506742920134659
1500199972075155465
1500112120389722118
1499878888045957127
1499857139002753033
1499856217543434242
1499852449749811202
1499852381818953728
1499840347488333826
1499838176633966596
1499822635219394571
1499818179429863427
1499810989184802821
1499808611211612165
1499808608879534080
1499806416386895881
1499805762155130890
1499782900371361797
1499536515625627648
1499488064623816707
1499488022248804359
1499488004750065666
1499487772138254337
1499480923913568265
1499473852254011397
1499455939199619074
1499439455953956865
1499419204017135617
1499117710092947468
1499117707928784901
1499115111520288769
1499115067182354439
1499114971304763392
1499047375637209094
1498861890692333570
1498860178841554945
1498858721002377223
1498858328109293571
1498856621946064899
1498855406931697669
1498852951598768133
1498851265849212933
1498850312534253568
1498849596012961793
1498848193727115272
1498847992190799872
1498847846543593474
1498846674806005762
1498846437936873474
1498843913943236613
1498833084053176328
1498833029577510922
1498817146918477828
1498815368281739265
1498789719261519875
1498785118269362184
1498784789297614851
1498762175392931845
1498762173748817922
1498758775863484423
1498698019910438913
1498457328428978185
1498445129257996294
1498445121506922499
1498429052381810692
1498414397542305793
1498402079819419650
1498401669318680576
1498401639190908933
1498382462388523012
1498345344144486407
1497989153786499075
1497283252637384704
1497261906133934088
1497233266570665993
1497024534691528708
1497024281007771649
1496991072014245889
1496937783029813248
1496937702813585416
1496937681405849603
1496937670752100357
1496937656625811456
1496936935444594692
1496549904348549123
1496549903262171138
1496549899218956293
1496535416769593355
1496526904421236736
1496495607132868611
1496495590745808898
1496254562147213312
1496254374330482689
1496253919474946057
1496241846334464005
1496241299690860546
1496240685573410821
1496238133335232522
1496237548091412481
1496237318671409152
1496237142183395339
1496236940940787717
1496236474047606787
1495401352150896642
1495126039487397890
1495056948563259397
1495037202786500611
1494803952776454145
1494764547609083906
1494725922074902529
1494724930461700096
1494463132131119108
1494456710999818241
1494437508029030401
1494394011624386563
1494392693979553801
1494385609108037634
1494383552871477257
1494074822833365001
1494051220658475013
1494005296053768196
1493981758672486406
1493981420120944641
1493750478651408384
1493732478766309385
1493713926860722177
1493710261886365700
1493704484828155909
1493667624248557571
1493663187593535491
1493662999395065865
1493640171874664453
1493635419308703746
1493634042541101058
1493633419162664962
1493631346945708033
1493624578488385540
1493412888920432642
1493412887443951619
1493373604960088064
1493364069725872129
1493333978983669760
1493323931633295365
1493322248052166657
1493320878226124805
1493320274657300482
1493252496839557120
1492622290139418624
1492597879550193664
1492537229817925635
1492234799024648196
1492234620217274376
1492194219741564931
1492175560851832836
1491920415416983552
1491903967277858816
1491903880594178054
1491903791213563905
1491875302431203336
1491832409544970240
1491553324738519047
