1534654172058075136
1534654090478620673
1534653886358765570
1534653085175492608
1534572953412706311
1534567880049713158
1534552408587653120
1534194086785196032
1534163469188186112
1534163004111130627
1533890216179556352
1533845097502105600
1533206964578025472
1532778249578749952
1532775552469409793
1532366371333496833
1532049372044730369
1531713367433519110
1531290710611312641
1531262148290256896
1530178010971873280
1529826316228481027
1529506322202370050
1529185735714250753
1529183536820932609
1529109967231385601
1528143444719321093
1527761762287763456
1527760215059353605
1527760042690330625
1527318508329062400
1527292750919794688
1527286608390770693
1527014417879162880
1526932441973370881
1526613525698949125
1526603668174282754
1526556391669784576
1526297460787879936
1526275567418494978
1526272259916238852
1526268006967525376
1526246161614622721
1526238235122405379
1525596822860972035
1525198366208032770
1525110282284158977
1524786654841606144
1524766824839135234
1524460068816699393
1524451751650373632
1524432121728802816
1524379875548745728
1524088197793423360
1524053145999101953
1524016505268187136
1523723733424230400
1523380967137681409
1522217993421262849
1521857376789442561
1520523388631928832
1520122761359802373
1519740358657257472
1519739723836657666
1519699699430797312
1519033335191846912
1518986226530988034
1518947307177320449
1518603422492237825
1518596251503271937
1517986672486457345
1517518494824382466
1517158352744325121
1516432050420699146
1516049731990036484
1515812346249326600
1515449961374232583
1514627136790880261
1514592659851120653
1514258616227962890
1513897210215383044
1513595875796389888
1512472963278422020
1512126260494934018
1511830063586713609
1511826078788059136
1511714365430542345
1511326363000754182
1511323743028715523
1511101308148854791
1511004507404181506
1509916423291912197
1509552536923131912
1509196411367313411
1508882485232472080
1508564590841397251
1508529326668619785
1507374091019472898
1507062114212466700
1506676824591454210
1506276367700267032
1506027881738252297
1505946614350888963
1504115124772249604
1503735884956508168
1503436409981517828
1503128773687799809
1502306936380874752
1502031940307849217
1501639897509158915
1501226099501531138
1500941838794043392
1500614705928355842
1499781847668113418
1499399178488737795
1499395542836658178
1499050352351625219
1498816064272097283
1498776657024499717
1498692016611500032
1498440378814500868
1498323366486364166
1497225236978221087
1496549821200617472
1496525245875998721
1496146087668850697
1494753681811587079
1494704207148077062
1494392572680228865
1494377173012168705
1494356642141458434
1494314943650304002
1494118398422302720
1493968740051996680
1493608459031429126
1493586141798453251
1493312486409388033
1492302438803681280
1492203663535783938
1492203574339723268
1492179623450497036
1492168303485329412
1492154851085725700
1491881782958043144
1491867841729024000
1491847775184633866
1491797211566411781
