1534619610569383946
1534619608283504640
1534276722727739393
1534270670800134144
1534235978470248450
1533936029236875266
1533853809813991425
1533192961630126081
1533192960170504194
1532797217479745537
1532797216087326722
1532078548688818183
1531974164910903296
1531691065643876353
1531321883244871680
1530192027589255168
1530192026402177024
1529451427315195906
1529145507809005573
1528833049848422400
1528722244347772928
1528722241843773440
1528154870464892930
1527654390731005952
1527361975696891904
1527342950392668160
1527342949037592581
1527334367449665537
1527334353277050887
1527024095568740354
1527024093844975616
1527007183782793216
1526927147994062853
1526635673452699648
1526635671624069126
1526596629175881728
1526587460469280768
1526251334734860289
1526251332432166912
1525516204705734658
1525516202407231489
1525187636872232962
1525187633483239425
1525135085145661445
1525135083790819330
1524864202862739479
1524864199255638033
1524770218282831874
1524770111336370176
1524695963549511681
1524483148888879106
1524483147324395520
1524451288393695234
1524390340756656128
1524390339460620293
1524216226393767943
1524216225387237377
1524216224166694913
1524125070133764100
1524122891524182022
1524122889347543040
1523753656067444736
1523753653030764544
1523696577613017090
1523696573519396865
1522999805416554497
1522682142802784256
1522682139329892353
1522331712998580226
1522331711236943872
1522239099712724992
1522239098517344256
1521903975334825985
1521899604949798917
1521866290721394690
1521627413289054212
1521627412395614208
1521627411191930881
1521598425896308743
1521598423333548033
1520136302875889664
1520136301521080320
1520077665914478593
1520035490073915393
1519807896095232000
1519723366025990144
1519723364511793152
1519460390815551508
1519415974260355084
1519062741402718208
1519062739838193664
1518995873342050305
1518995871781826561
1518700077497393152
1518700075886776320
1518329022412992512
1518329020034732032
1517590370678362115
1517247787498409985
1517247786307182593
1517247785120276480
1517247782184226816
1517205510591856642
1516489101461135363
1516489099791716353
1516407296741593092
1516146449960120320
1515740388073644038
1515402777798787072
1515402774581858310
1515053650082676749
1515034624258359301
1515010028054396938
1514757543524016133
1514747633553788929
1514637518389579783
1514357190978637832
1514357179599437824
1514299380097957888
1514283335845138438
1514283334062510095
1513963275662282768
1513899760725512192
1513899759483904007
1513559080501231617
1513558396687077379
1512532591605428228
1512532590154162176
1512188823328989186
1512174008447512583
1512173937811243013
1512129688784752646
1512129687291674626
1511835444178305029
1511835442680893441
1511754856960335879
1511746924247928841
1511746922406686725
1511746918958841856
1511379705311678471
1511379703994720261
1511089777344397313
1511056677994434564
1511016009725063168
1510994407276879873
1510994406047993858
1510305919770505221
1510083902597210112
1509999155883778057
1509974272760066055
1509974271325519896
1509973392186880003
1509647796575551488
1509647794646228992
1509592251814535174
1509592250732486657
1509592249260290051
1509549426171428874
1509297196193259521
1509297193542369280
1509250412582420484
1509250410988687361
1509210926007963663
1508933509733363719
1508933507892097031
1508880100288307211
1508838839304994822
1508838838143180803
1508554231627882499
1508554229786595338
1508519329448534021
1508483158316097551
1507084749130670090
1506733557393367047
1506443476535287811
1506365075497566220
1505962412234653698
1505594835536859142
1505010998209658882
1505010996926156806
1504911823073591302
1504911696963457037
1504911694975455236
1504849718882545669
1504550151930662915
1504537287417282561
1504537285861195780
1504443742282997772
1504112256283463682
1504112254249226249
1503826732238970884
1503777094328897537
1503498410715922436
1503498407922573312
1503464138613395459
1503464137124458500
1503417688034578436
1503417687095058434
1502006392051453954
1502006389992005632
1501960853129773062
1501667578036559881
1501667407663935492
1501292801232977920
1501256116835164167
1501256116092682242
1501256115069276160
1500962280095289357
1500962167348207616
1500938002993930246
1500930593336479746
1500895849597050881
1500163779451146247
1499818977521983494
1499551568542285824
1499542963151675394
1499523664437465092
1499510571988836357
1499504942498856968
1499504940699561988
1499167154633064448
1499154061823721475
1499152267248869377
1499138951931731970
1499138947297026053
1499138942330880000
1499102605158531082
1499041930889601034
1498874536162377730
1498867979601207296
1498836054962491397
1498829066371276800
1498795799093952514
1498774281580425221
1498747590493581318
1498738785516933128
1498738766487433216
1498443449934229504
1498443445777612803
1498443441222651906
1498327042391171078
1498327041044791307
1498327038528311299
1498126397528854534
1498119225457655809
1497695788088102917
1497658542593093635
1497658540638584837
1497599825763831808
1497349038034890752
1497349036306743303
1497272825899487235
1497272824653881344
1497272753866657799
1497253610157228040
1497220555803607064
1496997566986305545
1496984398834675712
1496956479055831047
1496956477524770817
1496895144028946432
1496895142950674451
1496895141939982339
1496895138991333378
1496860553327050753
1496860552223678469
1496651820760018945
1496609381961670658
1496521933415985168
1496521932103200771
1496519799370887179
1496501541481717768
1496262277166735361
1496198064092110856
1496188575548903424
1496188467688132612
1496188276855746561
1496146681028620294
1496146680122642444
1496146678897942541
1496123508774035456
1494805644058275845
1494805478165127169
1494719650994823170
1494719648968945664
1494466884036706306
1494466882577043463
1493698868038578180
1493698866247516168
1493652662130196483
1493585277654286338
1493231546752405507
1493231544793763850
1492224957010620427
1492224955223785473
1491891096359784457
1491891094153572353
1491801593766809601
1491801591732531205
1491547718543622146
1491547717272801286
