1534600486111911937
1534354528379686912
1534331875266732033
1534309234581684231
1534293596995739652
1533954389077024771
1533939290094243840
1533834711633743875
1533260070221389824
1532882323783315457
1532844580009398274
1532814378348605440
1532519936588779520
1532504838822580224
1532482190935838728
1532142450667466752
1532127349835059200
1531787613538963456
1531757419705077761
1531734959727296512
1531629118760140802
1531404052570984451
1530594757738696704
1530345608686489602
1530322969213403136
1530307860650815488
1530300311197208577
1529975677151158275
1529960571642208258
1529953023413338113
1529920172416454682
1529555885613268993
1529502567566348289
1529502566228320259
1529218265934856192
1529218264672268288
1529218262080159745
1529182241066196993
1529102135375417345
1528937832659636224
1528926759600545795
1528909395328901120
1528548374198337537
1528149433422077954
1527823994950496256
1527808894659182592
1527793796343373825
1527786254124859393
1527735259013447680
1527469161282084864
1527446507326058498
1527431407693287424
1527423861989335040
1527408766521446400
1527114821417590785
1527095191772880898
1527076568480333827
1527054454675197952
1527054452422758401
1527054449163784194
1527002077909630977
1526744382782812164
1526736831634472961
1526715438993768448
1526714189032484864
1526699086094770176
1526691532023033856
1526381996276166656
1526351794648993793
1526337952086781953
1526336699659321345
1526211909359390722
1526211908227022848
1526211906834513920
1525272179960516608
1525242231216435200
1525189571708846082
1525179582655123456
1525148766302572545
1525142574859796480
1524939990857199618
1524932446910926848
1524909792090677248
1524879593139757077
1524570055463297024
1524554958431047681
1524539861998448640
1524531032158093313
1524524758242447360
1524207668315009024
1524185016690876417
1524086807595528194
1523837726793121799
1523830178824298496
1523815084446822400
1523799977750790144
1523792428251041793
1523392270367526912
1522966486045798400
1522751066407718913
1522728669021544448
1522707696029421569
1522625327926755328
1522388176253321217
1522376998496219143
1522345019990024197
1522326126332452864
1522326114974289922
1522326099174248453
1522326086968918016
1522315309763506177
1521980490705559552
1521920094003240961
1521666122822656000
1521595452788928512
1521546721108676608
1521546719246401537
1521298998312677376
1521263266655182849
1521233064092864513
1521210416474603523
1521158334224740354
1520444093322702848
1520440341790294016
1520206299236999168
1520176102336958464
1520157201146515458
1520138332864401411
1520115848605753344
1520045855738417152
1519881660476624896
1519866560126459907
1519851687996968962
1519851461554806784
1519851450943385602
1519835216344408066
1519708977004744705
1519672427353096193
1519672332389957633
1519509988128997383
1519509984689725441
1519482020862337026
1519482018085715969
1519459628311928832
1519390943245475842
1519141784621920258
1519115191841132546
1519111585314267137
1519089211927896065
1519089210824740865
1518771847512395776
1518765220335865856
1518765218654035969
1518741654512963586
1518715536829558791
1518715534640091136
1518715525349658625
1517979123049799681
1517624289628893184
1517616734819299329
1517314746835476480
1517269448859693056
1517254348551643139
1516926687979589632
1516907058586546176
1516890105784504325
1516605069675794436
1516586695340310530
1516567321669681161
1516212483081527300
1516189840970190849
1516076587510378497
1515721755934879746
1515351813167280135
1515155517399654409
1515132877201100802
1515117775332642819
1515081278332174336
1514797659302862848
1514774255866560519
1514415642698526725
1514377897926037513
1514060807784464384
1514041208930242565
1514041206665269257
1514007957750616077
1513709488964001795
1513680548320972800
1513652362661056514
1512568218971369473
1512547834775670788
1512494938046578688
1512189725385248768
1512151538462081025
1511873390696550401
1511824195189186565
1511504196692221956
1511446050833375233
1511445552243826697
1511165224510005249
1511147105124962307
1511129623685484545
1511110832507301888
1511103373931687937
1510058431234797568
1510037090603614209
1510036898093408259
1509914893457182722
1509669121688055821
1509637106997641220
1509637105806458880
1509637104174833673
1509585310061146116
1509559736865280013
1509371907648409601
1509342715527540742
1509322079384084482
1509283660888948737
1509155888246005764
1509008261529362436
1508989387056504834
1508972992340054026
1508954585725079561
1508954502484930567
1508954473523294209
1508838590570283018
1508838528729370625
1508815032649408525
1508804022802735112
1508608376468488194
1507464793753497604
1507192443812433930
1507163835291025412
1507163833923682309
1506826133018357761
1506792102390288389
1506791771820412928
1506791769958240264
1506790786981052419
1506789578874707972
1506745427735072774
1506442508951339011
1506442508083019778
1506442506468265984
1506432791088492544
1506383214792699905
1506077953003728899
1506014548892991499
1506011695197483010
1506008998855729157
1504973173309140992
1504917105543725065
1504887594605322247
1504634189890527237
1504614057071980548
1504588190153326593
1504462725296144389
1504296967467323397
1504285651772096512
1504186292191608832
1504131191942881285
1503896075916091394
1503859234345304069
1503804724231000071
1503567317531308035
1503528403223433217
1503488919010168832
1502665078159593473
1502471690416103431
1502449936264220673
1502449107113324547
1502303780578238475
1502091183278804995
1502071061881491462
1502068717827629063
1502037580048601098
1501725272483188739
1501674717719277569
1501673610070872064
1501584854726676483
1501394341742456841
1501368672274710531
1501356426366701570
1501200828715180032
1501168642616082432
1500842625959706625
1500639618420523009
1500528187469709312
1500469798920237056
1500190721189584899
1500167914116337684
1500130148032655363
1499890112783544322
1499890110506188808
1499448029102936068
1499448027463000068
1499446682748076035
1499434409359032329
1499380561697247244
1499361448350216193
1499229853090037766
1499178143302795269
1499134598537789440
1499026864987332611
1499024050089246721
1498983033629818883
1498865620552761348
1498857004231761922
1498857002600124422
1498857000972734465
1498842379910062083
1498836115616317441
1498731365520584705
1498513609499889665
1498497552324481024
1497352280349323272
1497305404686098439
1496912029239726081
1496912027482304523
1496539123414351873
1496328564983091207
1496328563825557504
1496129242974892046
1495924195250909193
1495924194126839817
1495924193090752512
1495924191484391430
1494856512002412546
1494836379376779265
1494789319231479818
1494758039060205575
1494445662947131403
1494445636489469956
1494379286106619904
1494156650462154752
1494129125140930562
1493759282055204867
1493720829175242754
1493358245129469958
1493358077952901120
1493336999847251973
1491957157666906132
1491916892117909521
1491788596927287296
1491788068281454605
1491787961125400581
1491579670009106433
1491559537660375044
