1534657180225396739
1534575239656620035
1534564176038854657
1534554836401901568
1534554761923547137
1534536805349040130
1534288537390030853
1534255161593499649
1534243682894983170
1534194872437153793
1533923049396965377
1533906658036002820
1533866061250052096
1533837130765676546
1533465164636311553
1533094472191422465
1532787221404729344
1532787219525734403
1532787217126637568
1532752468312043522
1532514503568461824
1532377498461167617
1532355351500185600
1532297928533999616
1532045797029724164
1532045785579278336
1532045778356781056
1532035576647540736
1532035571505315841
1532003282188738561
1531993215359979521
1531828630589952001
1531672351275769858
1531412295141687296
1531372626093826048
1531259883554852865
1530933734031052803
1530647095253708800
1530570339658391554
1530557505067024384
1530194788892426240
1530194786501664768
1529964672346202112
1529891768006737920
1529870653175779328
1529870651233914882
1529863487224270849
1529579873337065472
1529578995238551552
1529531212448124930
1529498773466013697
1529490810449891330
1529443230936440833
1529227831082897408
1529206220078333957
1529155081995792386
1529133641963544577
1528856547043975174
1528853952716062720
1528845830903549952
1528820688613670912
1528790736539353091
1528785479864295425
1528777088295219202
1528767027728506882
1527747937484394498
1527747643522306048
1527747374482968576
1527747134698704896
1527743050533019648
1527707853116555265
1527693711488045065
1527693685906866176
1527693657553395715
1527693452019998722
1527665730577104898
1527447774811283457
1527447077025898503
1527446479094308873
1527444988182814727
1527394418227130370
1527394416796868609
1527394415140032512
1527393084761329664
1527393050733027328
1527393033792024585
1527392651187613698
1527379223769493504
1527377803703767043
1527373021387730957
1527371379749728269
1527369190868660224
1527365420348764160
1527365322289754116
1527365232787501067
1527363710460764161
1527356415483924485
1527338524831145991
1527327799563808768
1527301623990525952
1527064333523501056
1527051505571872775
1527047125002903552
1527042686280146945
1527036806335692801
1527019939294597121
1527019937985966082
1527019935578324993
1527005541477793792
1526905600071946244
1526665512196898820
1526652998616862720
1526623788951011330
1526606975122952195
1526595103925616640
1526584430386720768
1526573028053852160
1526566483790385153
1526294562674728960
1526246973619195904
1526230746020593671
1526049099614658562
1525888152254259201
1525886503305494529
1525881599501508608
1525800678530113536
1525622618178609153
1525622541368365056
1525499304651247623
1525203225271361536
1525163362610556931
1525163360936919040
1525132090550927362
1524864101813567494
1524864018724405248
1524827247147765760
1524786730544472066
1524764383909404674
1524764382420520960
1524764378721140741
1524757530827763714
1524568667182313480
1524443216442847242
1524423838737522692
1524410471503347715
1524166197532626944
1524129273866596352
1524098947916124162
1524085255266783233
1524085122827489281
1524085058826649602
1524064458347356160
1524018714542321665
1523842964535005188
1523832862407024640
1523776134475042816
1523776133052858368
1523776129378648064
1523765079992246276
1523690990456143872
1523660618242600961
1523492182237138945
1523384490017447936
1523334662025736193
1523302566997544960
1523033930223407104
1523015055926779906
1522988128436379649
1522963717524180996
1522943333231779844
1522926149483044865
1522678376829440002
1522665147520716801
1522664990897025026
1522629373362425856
1522619998006661122
1522609886126743555
1522607690450718728
1522606998696697856
1522590620946206721
1522580364304293888
1521939304053944322
1521939302694936576
1521917964894806016
1521917709910478849
1521899583676239873
1521878589544804361
1521598483375005698
1521598481852473346
1521576630589657088
1521557477455802369
1521533888979423234
1521529262171435009
1521528621105565699
1521263766477762560
1521241507172343810
1521241505733783554
1521238523721961472
1521238397414690818
1521233567426256896
1521187597854384128
1521174818401492994
1521146920328179712
1520849006951342083
1520849005340676098
1520802901081219077
1520171569393197056
1520161503378292741
1520151923965444098
1520151920278654976
1520061886661906433
1520054749994835971
1519842027348930560
1519796434261917698
1519795169914241025
1519739750961356803
1519713903831400448
1519442767163789312
1519435985628585984
1519435984097718273
1519435982545772545
1519421511714676742
1519421510133424131
1519421506966757376
1519365397128130562
1519365395580399621
1519052120867098627
1519039223378198529
1518987064011862019
1518967162244894720
1518938689811922945
1518691023534317583
1518679214077136902
1518667659839082496
1518663878888013824
1518649306374361089
1518630775448645632
1518612685482565635
1518312821536092161
1518294759739117568
1518276331162640384
1518244371644170242
1517951943770992640
1517909161983430656
1517871413255884804
1517597668612182017
1517593290677309441
1517592482149810176
1517583247915556869
1517535449627115520
1517535209608167424
1517507536915767296
1517248559158108160
1517232570588614658
1517232568571240448
1517219785146355718
1517219783271501824
1517219781665079299
1517219779836268546
1517219775352647680
1517159479862771712
1516870961462661120
1516870931121123329
1516822869111672848
1516822867740180485
1516822866519539716
1516822865131098114
1516822862841229325
1516788905659482116
1516767108755075076
1516766903615823872
1516566695120408576
1516566304819486723
1516520218616643589
1516433880059887616
1516433878864572426
1516433877585342477
1516431580927086603
1516413543612141575
1516405451952463873
1516405376228499462
1516160510756016131
1516139595108433926
1516106356205527051
1516084459598233614
1516053670093365248
1515798951479361541
1515749696299577346
1515466673217810442
1515050827597201414
1515029686493065216
1515019973932032001
1514968262110584832
1514967726955057155
1514967725315137542
1514712850702368770
1514686317296300043
1514681481859371011
1514600749363204106
1514593564906311680
1514286413172334593
1514060563055263747
1514060533074477056
1514060522089500683
1514060499239026693
1514060439751208965
1513996733839249412
1513996732253839366
1513972472172847104
1513959901181186054
1513910476475965453
1513910475335086086
1513910474169102337
1513910472935890957
1513864315228598282
1513639025361530882
1513621997829472261
1513619774021980171
1513578627677319168
1513577615038332937
1513561567740280838
1513561565353623553
1513557169827983364
1513522051348279299
1512807651989729282
1512558656230940677
1512541321818513414
1512527387845615629
1512526209770573827
1512526207698587657
1512526203978145800
1512526202749267970
1512526199901331463
1512454538015518720
1512454536161599489
1512188970439888896
1512177815126523906
1512174257979248644
1512164599344386061
1512154852935311367
1512154851945369607
1512152625562673157
1512151457331658762
1512147165128404993
1512137360645013506
1512133026767114252
1512127419582406661
1512103417426190337
1512092441771491331
1512078331532832781
1512078265246109714
1511825006858317837
1511824257638187016
1511817557040324611
1511796633222189060
1511792878154096652
1511785934307614722
1511785901319499778
1511780924958121985
1511776404924424192
1511776379771228171
1511765613726814214
1511765612372144132
1511765611042549765
1511762048014860296
1511462174023110658
1511449005653381120
1511449004248289290
1511375923257671685
1511370208799342592
1511105376061734914
1511097372910276618
1511079852547481610
1511066159776518151
1511059176218415125
1511059139748900866
1511051568946290700
1511010086013050886
1511010027737337861
1511009967570051074
1511009960129404929
1511002643832922117
1511002612778295302
1510706703096029185
1510626424188715009
1510347090417045505
1510342154870312962
1510321665909137411
1510273851116113922
1509986427580387331
1509981807076331523
1509970445499613187
1509953484535345156
1509951387337216003
1509936841629253641
1509904445294919680
1509904443558539289
1509886939348054017
1509651052521480207
1509620477781856259
1509573330214473729
1509573328889167874
1509573327152726017
1509567817913413646
1509529071599820800
1509285121878380552
1509274486650150913
1509234754272387072
1509217293133402112
1509115613960187908
1508930751496171520
1508923336709058573
1508918255569747983
1508909596261466117
1508906628615229446
1508839753071931392
1508831604994711557
1508794863403290632
1508565010628460552
1508550044546478087
1508519438387142664
1508482250719043586
1508470996529041413
1508435459508158472
1508431473602408459
1508179240667258891
1508105815005163522
1508079139307331588
1507832877656027142
1507827481071349760
1507786547806023683
1507741162274177030
1507715745358131205
1507518990482038791
1507469119783784452
1507457857318490132
1507457856068542466
1507457854751576071
1507457853514256432
1507457852100980737
1507457850624380934
1507420262496616483
1507419977556635648
1507388683191824386
1507387945665417218
1507361177239760902
1507360944204169218
1507360731385282560
1507113489558605837
1507083319359459328
1507083318164172813
1507078271640358912
1507072410851364865
1507058340421120005
1507032496713736199
1507032451146788867
1506749535716102157
1506743173841887233
1506743170004144145
1506743168905228289
1506740262340603905
1506723591219556363
1506699278814695424
1506664575155986438
1506660714206961665
1506659615102091264
1506658989685227524
1506653410682093568
1506653407570010128
1506377265818521608
1506345372012138499
1506330927059935235
1506315519292428294
1506302935583662094
1506296950915747847
1506285388855496720
1506282978883915780
1506281795796537366
1506008820446908417
1505999601417003014
1505983585643290635
1505982980258365442
1505939921483272195
1505936622046650378
1505926402394271744
1505926373440995329
1505922203291983874
1505916579531436045
1505903433026609156
1505711746803290112
1505627988087373825
1505586464431788034
1505542927698862087
1505289507729379330
1505215771907133456
1505190858060177420
1504886351203692545
1504865632919199748
1504854616466333710
1504851998142869506
1504851995525582853
1504583098180288518
1504578186188890114
1504578184481751042
1504565996840960002
1504565995440156678
1504565994462887939
1504524445188341762
1504495922943868928
1504472937889337354
1504464775132164098
1504464735152099335
1504224993281929218
1504201131248992266
1504165220901691394
1504127017285005317
1504127016098058241
1504115850848227331
1504115534228602884
1503899842099257350
1503869400755150851
1503856550837899268
1503821073133064193
1503816757789741058
1503802559521333251
1503794240417153029
1503787224743170055
1503767118327787523
1503759284433211401
1503476724482572288
1503441636029865989
1503423871441117194
1503383273996701703
1502405029197750278
1502405027507458053
1502405025724878858
1502389300851351562
1502361994170621961
1502359547427659786
1502301569731239940
1502297997383815169
1502291973910241283
1502285697373417476
1502043284708941828
1502042687842705409
1502014890923417606
1501970699535196162
1501954860559872004
1501952483295334406
1501656175040946177
1501656172117602308
1501630077112573953
1501606829809360896
1501606731599785995
1501594904123817992
1501594901003259928
1501572975312654341
1501327501997531141
1501324423365865475
1501308774946119681
1501290942673920000
1501290898130448386
1501223199379542021
1500964838268362754
1500962401675583488
1500946064215576577
1500943621578792965
1500923866704666625
1500901954146516993
1500878145293107204
1500873166176018438
1500536438500200449
1500503974666928128
1500238978435334144
1500221658732376064
1500211603010117644
1500159454611968004
1500147869537419265
1500130514010836994
1499851424712171520
1499828020646924293
1499807636824416264
1499791885719810048
1499787512318992391
1499738596953276418
1499507758432980996
1499495620570238977
1499490297256067073
1499481349111042053
1499477557766463494
1499469379641163781
1499451185400528898
1499163206417268737
1499163204576026626
1499157279291199493
1499087277649190917
1499083773169876994
1499070434565931008
1498858679877177344
1498858321465556994
1498856297139220481
1498855295820480515
1498854763617832961
1498854182689943553
1498852911274762243
1498852689236615169
1498849998410338304
1498849572688441345
1498848754564321281
1498847156865835016
1498845522978873354
1498845365373648898
1498842685976858625
1498828692767846406
1498828659276357636
1498828625449209858
1498828592544894979
1498822072306388995
1498822059278979076
1498760554621640709
1498740521069600773
1498706128472920066
1498691930829512704
1498668499849420806
1498434589060222978
1498422257936310274
1498420069860261891
1498414924636295172
1498342313143287818
1498019101251358727
1497945365290442752
1497675839391125508
1497587759640244227
1497312187219644418
1497297345314050048
1497286138939203585
1497286137433448448
1497286135789371398
1497286134270935042
1497286132475645952
1497272343017803786
1497261861623910402
1497246464455569409
1497246462715076615
1497246460689137666
1496955854200975363
1496927909692461074
1496881992260100103
1496877805648629765
1496868789757091841
1496712465970831362
1496607410231951361
1496607408298332165
1496575272585474048
1496539087649583110
1496521001768820747
1496503250996109318
1496287692581126149
1496252712060690436
1496245571790819328
1496245569697861634
1496188425896144896
1496156113791770626
1496156112067964929
1495849816462659587
1495821622011482121
1495775830546468868
1495511830185136128
1495430041320239108
1495160675164958723
1495061608971780097
1494833354730090498
1494814699036282881
1494814697761222657
1494814696347738114
1494725891540271104
1494724696339853316
1494717750459179013
1494689046584508424
1494426340912779272
1494410152765800448
1494402841154310150
1494038152025149442
1494038149735063565
1494030165189574663
1494021421059780610
1494021419373514753
1493977121571622922
1493977120179212291
1493977118765723652
1493977116911751171
1493722036992106499
1493687835475460101
1493687833776771073
1493687831717416962
1493687829985124362
1493687828252925961
1493687826474491908
1493687824675180544
1493687822770864130
1493687819818184713
1493687818048131079
1493687816227803136
1493687814441078788
1493687812683616256
1493681648466071558
1493656188000649223
1493600557352861696
1493355395452186627
1493346311113830401
1493339516261875717
1493329256671236097
1493307077447630850
1493302999724265484
1493302956099346434
1493284655080091654
1493279828123992075
1493246325684682762
1493006251936133121
1492895339547824129
1492612475811876864
1492548236371976197
1492548234383876102
1492501854042959874
1492282811042209796
1492212574963838980
1492211570214117376
1492211567554924545
1492211561968111620
1492211558407102464
1492185763672469506
1492185232887451649
1492185231717244932
1492166523666022404
1491843626644746247
1491770536879394820
1491599581242658820
1491585905735487490
1491536032143224835
