1534610115424358401
1534588303013470210
1534282874584813568
1534191578490740738
1534165410601369601
1533982592390897665
1533904811426471937
1533875760955633664
1533872231549476864
1533549988055244801
1533215558967123974
1533121329976713217
1532816727158956033
1532510196890730512
1532468158619332608
1532080329523343360
1532080326285185024
1532038513780310018
1531797173498589185
1531274937394245632
1529981322801958931
1529981318930616337
1529981315046690828
1529981309031948294
1529981304288206848
1529981299578097665
1529981295283027969
1529981290598092812
1529981286676406274
1529981281932656640
1529981276312190976
1529981270750646274
1529981265327292416
1529981260881448967
1529981255747620869
1529981251427389441
1529981245874229255
1529981237720502284
1529981229998788622
1529981224638468106
1529981221312385029
1529981190639341569
1529262274787123203
1529167694221783041
1528780558167334913
1528512998012223488
1528058670604492801
1527796815495450624
1527737926301401090
1527707812788330498
1527393926574907395
1527328422980370434
1527130173178404870
1527117043337768961
1527041726095015936
1526962260731650048
1526735368501985286
1526719571771723776
1526682763335815171
1526373727398658048
1525980646283395074
1525583309123862528
1525476671813472256
1525277718845263876
1524914320588427264
1524789004545269761
1524565623937937409
1524503221628284928
1524491785015341056
1524475014216654856
1524453153080582145
1524214200951791623
1524146790228008961
1523776736051179521
1523762984534691843
1523714589237858305
1523304031988371457
1523032869135962112
1522633071576629248
1522317973314318339
1522279578126925824
1522031323719766017
1521849713368178688
1521585330683588610
1521567551213473793
1521282640460107780
1521233592290009088
1521233469803843584
1521233290086305800
1521231716437921793
1521229732712525841
1521229138954178563
1520431532665626624
1520065889076453377
1519864043317649408
1519787818159124483
1519717853959704576
1519501612636688384
1519480316217409542
1519426172811157505
1519398978667786241
1519343859691626497
1519290926455304192
1519092207369678849
1519003405729124352
1518977075230695424
1518753726944583680
1518642319637032961
1517604382111678465
1517587627448414208
1517577897191559170
1517554080050298880
1517523174056988676
1517508244935172096
1517495696919875586
1517270452607066112
1517244687614160897
1517219651347955712
1517199986735427588
1516847660669587456
1516087659596169218
1515694577751105540
1515445427734126592
1515123556757262336
1515044284587773956
1515029579768999939
1514752109245341701
1514637605010169857
1514055260460957697
1514044194486054914
1513890431540506624
1513664945602236417
1513662680602750976
1513546248552337413
1513321240114696192
1512150247857967106
1511780426972606465
1511770300349923331
1511737940816318473
1511730375965425674
1511504215855833095
1511490870079594506
1511461677673328642
1511404848666849281
1511373849446690816
1511156416341426179
1511105078148612100
1511059825765015558
1511008038102183937
1510704186270248960
1510311393131745288
1510274354311057413
1509937721745281043
1509922128140906502
1509702586621964290
1509684970431811609
1509615759584120833
1509589856103579655
1509234216646725639
1508928440489152522
1508847245042589698
1508535772009406465
1507455251405750277
1507407463519330317
1507369601629306886
1507066214920572958
1507026541221490689
1506721171835961347
1506712249553010691
1506685456192221185
1506661956706521095
1506395744919502862
1506395740381356032
1506395731376197633
1506395720449933316
1506395711964864521
1506395704381612033
1506395694357266435
1506395682785087497
1506395673603846155
1506371689550123015
1506362439251767304
1506026111301394432
1505970746643795970
1505952551652503554
1505950616526503938
1504979390479978497
1504918112000430080
1504813109919293463
1504609024200822791
1504599280912375817
1504578813606383622
1504525097209671688
1504483560744382470
1504478552112074757
1504462151905206276
1504231330346897410
1504134529522573317
1504118962979840008
1504058277436530688
1503845771116007430
1503408061821689863
1502369091876790272
1501981664985104387
1501778410170990599
1501769379150811137
1501601549965049856
1501355225898180615
1501337132022910980
1501337004726005762
1500938687839940610
1500882062114541580
1500838918865960960
1500298180151451648
1500234464026415104
1499894405498609667
1499894324535955456
1499849267116187652
1499845836401958912
1499834013673996297
1499831523939438592
1499815315471048712
1499802080172724226
1499791855017500672
1499587227931791392
1499587212932960264
1499538888364335116
1499533182563201024
1499529210741891072
1499524302823170056
1499519741328871429
1499517566909358081
1499516685027627009
1499515762498838528
1499515705363939331
1499515698200076293
1499513940920999937
1499512686442434570
1499512639227150342
1499504733257621509
1499503163128397824
1499499773614821376
1499499027028717573
1499498767015415822
1499497436754190340
1499495192889544705
1499494097748377607
1499493048199303187
1499492010910269452
1499490695991676931
1499490065449467905
1499488715785531392
1499488620977262596
1499488584323276806
1499486545975427077
1499482829943623680
1499479800481820672
1499478673723953171
1499471789466034179
1499471671073415169
1499441086800048132
1499427241612255234
1499354736960712705
1499249466158817282
1499186038174105612
1499098613019992068
1499096426093199372
1499073877372252160
1499063240726298630
1499060708260073472
1499042613348945921
1498877586142728195
1498859647373086721
1498857763069435909
1498856308979687426
1498856163483525124
1498854702934540292
1498853991991717893
1498853899897352196
1498853228666048514
1498852144417579013
1498849656868151299
1498849503432089601
1498847567223963648
1498847268245495810
1498845285514199042
1498845096980140034
1498838520047321091
1498838394373382144
1498825196630913024
1498807851120312322
1498807756014465035
1498807168023334913
1498807014302130177
1498806887806119941
1498806703965544451
1498806515687469063
1498790952550424578
1498774892216569857
1498714650002735106
1498694035984334850
1498672951729827840
1498669175992209425
1498659918479507464
1498462386776420366
1498439595654008835
1498403869860245508
1498403307957727236
1497599592283746310
1497314245003911178
1497304038395858944
1497285371255615488
1496972027449819139
1496949714830438401
1496932350717923337
1496872716359581696
1496855839914737675
1496853732310622210
1496848417372479494
1496611936112414720
1496551163507970048
1496519208426950663
1496199717562327051
1495811428401430534
1495808798128283662
1495775766197547011
1495049035098595330
1494773929323511809
1494734310712225802
1494421440661176321
1494391975285604363
1494094494698020872
1494018533449158658
1494003005770899465
1493741447933149186
1493730777569247237
1493677707997110282
1493670031175172101
1493642090491920386
1493365222559657985
1493330035834556418
1492964223378497540
1492510905728475136
1492300037740769280
1492244703865098240
1492197583917400069
1492166785822609416
1492157187539488774
1491940100015599616
1491914829598236673
1491914710261940234
1491914592053870593
1491914449258782725
1491914335890731010
1491914216487460867
1491914013210468357
1491865454889033728
1491857109360775174
1491829730659774467
1491829528670445580
1491829483690770433
1491827576746164227
1491826840700428288
1491823803281940482
1491810351394037767
1491773974598107140
