1534598119257780228
1534584538722193412
1534543269442555904
1534313000869548032
1534308439475818497
1534301676617744384
1534282801960218626
1534260152869584896
1534251345632407552
1534226179019923458
1534220460891701248
1534174672639737859
1533943063336218624
1533935514184601600
1533922697557704704
1533906573336231937
1533852470111154177
1533147374062821378
1532852126233161730
1532836538849054721
1532831646621343746
1532803051714584576
1532780040693358600
1532740642799030275
1532523884490240003
1532502320436506624
1532493512364761089
1532485962193854464
1532474638726352897
1532455763574071296
1532446955036479488
1532387816168103941
1532130173231026176
1532124833336545280
1532119810275958784
1532112249569124353
1532092117748678656
1532075759359053824
1532053110155247618
1532004036764901376
1531772514229112832
1531753636824424450
1531739846934511617
1531329399852769281
1531329396774150147
1530988596030734337
1530609855186186241
1530569584721268738
1530287727467438080
1530262564419997696
1530239915488854016
1530200905496281088
1529964346431922176
1529945478351274017
1529911464462540800
1529893882443575299
1529865669763813378
1529862427835129861
1529825935226286082
1529601959078121475
1529579309308026880
1529567985240838145
1529555465302163456
1529270456531943426
1529213471711277056
1529155744137895938
1528873413523144710
1528859567278497798
1528850760221413377
1528845725802631169
1528820496678141953
1528795930069192704
1528779304410177536
1528474800259272713
1528110884828192768
1528086535509356545
1527776178118926336
1527759921776889856
1527737172136108032
1527694230042333184
1527652676921704450
1527652674442756096
1527437306348683272
1527431271688855553
1527431192236245000
1527412419290615827
1527393723251933185
1527370973028069390
1527355947605434369
1527344936642760711
1527331532456615953
1527306203101286402
1527306199657349121
1527306197229273089
1527306193982476290
1527101374613409802
1527058953292619783
1527051402672869376
1527047628155932673
1527042595167252480
1527017668586487815
1527004809483755526
1526974647715041280
1526946964855586817
1526930099282530306
1526700459012108288
1526687757355167748
1526676105888940033
1526648749568704514
1526625178272382976
1526603486397440000
1526577252309385218
1526563577863208963
1526332918724907008
1526307753890828292
1526284096669896706
1526264970698031104
1526243012686258178
1526222455916089344
1526222454116458497
1526196796690780160
1525921458463047681
1525911714012839937
1525895162274140162
1525238205137752070
1525228301110939649
1525228298581811202
1525216814279450625
1525196681976942592
1525180323293630464
1525143968627011585
1525121646985633792
1524888400263798813
1524879593525633024
1524869880087994394
1524863896464637987
1524845618673373217
1524799842437980160
1524761498530238466
1524524760759029760
1524519720396808192
1524510270772719616
1524488944989184002
1524451769421643776
1524404395743531009
1524404270199619585
1524396408303980545
1524162373228974080
1524151041117364224
1524139716442042370
1524128392064516098
1524119584592130050
1524056676352991232
1524022696107024392
1523799979537539072
1523789911907717120
1523781608641236992
1523761476657291265
1523752331246202880
1523731665314455552
1523674148995690496
1523316797658730496
1523027000373436416
1522999709262041088
1522968181710929921
1522705266470309888
1522697719231434752
1522686390328197120
1522671060407173121
1522659326095151105
1522646125018234883
1522635527681413122
1522625992170168320
1522617184278573056
1522612574507913218
1522597971069739008
1522572396183629825
1522354582512406528
1522341618396934145
1522335328182308864
1522328261212135426
1522305610825490435
1522296320047796225
1522290034308784130
1522281526091780097
1522281522950287362
1522258571194507265
1522245988789854209
1522225883599314944
1522225881661558785
1522225879245545472
1521980489262845953
1521972946956394497
1521965391437737984
1521959098119450624
1521950289779212289
1521940223508287488
1521904991639724033
1521886116869066753
1521867399389138944
1521849626583838720
1521596710220439555
1521581610763702274
1521575576972238849
1521553928269275136
1521546378270236674
1521536312301391872
1521516591632068611
1521312630895525890
1521312629452677123
1521255714760634372
1521251938297393152
1521244388474687490
1521233072443826176
1521228030588461056
1521221739119665152
1521211673222205445
1521193197933838336
1521142479831019521
1520481834236362753
1520409517548265472
1520161003769581572
1520149675151613953
1520137158488690688
1520137154474565633
1520130803996381184
1520103354927665158
1520094353833795585
1520066628712603648
1520050642848555008
1519815555636731904
1519802386776313856
1519798612628320257
1519788546139336704
1519780637900775430
1519765896713043968
1519732518852902912
1519681591957667842
1519451332368900096
1519439999359500289
1519431059351474180
1519413576829657089
1519407951458578433
1519358616721047552
1519313764717408257
1519090194317721600
1519073842303438848
1519066286801801216
1519054961916579840
1519050966234013697
1519034912581562372
1519011995693068289
1518989530648526849
1518945492771610627
1518722773236989960
1518711449463386112
1518702382242226177
1518680539921846274
1518680536298016769
1518664300499554304
1518605400240762881
1518572550166654980
1518318862625767424
1518273570480271360
1518258680889847808
1517911181092167680
1517865879366606863
1517639384429780992
1517625543415402496
1517616737100828672
1517609191090794496
1517592045795299334
1517568032952004610
1517556339341418499
1517527137154220036
1517492033597939713
1517491775576887296
1517277002822152192
1517270167088205824
1517265671964532741
1517255969205596166
1517211489387569154
1517188916058759169
1517170041493536774
1517091754620633090
1517081220764553216
1516901767212154880
1516881892934656004
1516876861413941248
1516850439920226306
1516813945130012672
1516788779348021248
1516771570223562757
1516765368571899904
1516746049259548679
1516734819534835716
1516544671559860227
1516523280072536066
1516509438739427333
1516471690066227203
1516447232739917824
1516447230600880136
1516424197534330898
1516373416881926144
1516373414436610048
1516191091539783686
1516178508481019907
1516148309403992065
1516046388793995270
1515704447887978498
1515434858863992835
1515412209802776577
1515374467219828736
1515356274078191617
1515106444378476546
1515091023789281286
1515087573047300103
1515060110044839937
1515038496553115650
1515010813945253890
1514981876745834498
1514956352086499330
1514744056382824450
1514732732286484484
1514722665369534467
1514716795642560514
1514706613227171842
1514688051871637506
1514677661012041728
1514677658562568196
1514675136259051529
1514649690754588684
1514625041392091147
1514377897124892675
1514367827142008832
1514359019095220225
1514346706879537157
1514314989640863755
1514277914728181765
1514247342404378632
1514018022188453888
1514010472734814214
1514004181010591755
1513995345923092505
1513983320371216398
1513932193923481604
1513895534037196802
1513886061176442891
1513663183961079816
1513645570245554180
1513628199346970628
1513536177957224450
1513524327571935242
1513524325449617410
1513222530361876480
1512867947617742851
1512856363566833664
1512821628106850312
1512555887730196481
1512550854502481920
1512527856970211328
1512501781229715463
1512485330313691137
1512457044275744782
1512430910808993793
1512203566068379672
1512180918798090274
1512158268067524609
1512136410148610053
1512110153860108302
1512096367174463495
1512096365484072963
1512082780800241681
1512056346589474826
1511894946072125440
1511835094889209861
1511810425637191700
1511790615612342283
1511772978953875459
1511746326081544200
1511724158492704773
1511702660596051972
1511478800000819201
1511456142228078592
1511437881285435392
1511415155237736460
1511384668935016452
1511374353555853313
1511335346151165953
1511120948606517255
1511105077976698890
1511092009200721929
1511080591999049732
1510665179360645134
1510633614609948678
1510287440489103377
1510017914283479042
1509994983641821185
1509968589285212170
1509938654642323464
1509911392039616523
1509889254343819272
1509863156763578394
1509655526476460033
1509651754262147084
1509640426923311111
1509629733453058049
1509605848397619202
1509605845075578881
1509588837206568963
1509568709236428800
1509521195657539590
1509300688597270529
1509286541042008066
1509249098955767810
1509231482530848768
1509219700852592641
1509219698919067649
1509198779357925382
1509162592220196864
1508938300559663111
1508908479867670537
1508896778984304643
1508871226940403722
1508806192042156032
1508581443215282176
1508581438849007623
1508569621980319747
1508561173779787777
1508561170244022274
1508528097796186118
1508480282525020160
1508146902713475072
1508132224633294848
1507825580238118915
1507774223682523150
1507484975989415937
1507473649632256003
1507461066825023493
1507382023165517831
1507122589013000201
1507081365984096271
1507061067557519365
1507018148393930752
1506995499886206987
1506769006908248065
1506756424210296841
1506747615567769605
1506738807877611534
1506718728062476293
1506718726036541448
1506718723989716994
1506718721997479953
1506718719904522250
1506718717908029441
1506718715143938061
1506714900525199366
1506711529999192065
1506703603028930562
1506670860177879043
1506650503387697159
1506629336438173697
1506407877015216133
1506397812883292164
1506386486270173184
1506376420494389248
1506357615894347781
1506309218294546439
1506307214767640579
1506288339967639552
1506266948665057287
1506040456026603521
1506029131586174977
1506016548753862656
1506007464642285571
1506007461924331523
1505927780927737860
1505642836082888704
1505601312284569603
1505578756773232648
1505250904320233482
1504948259067899910
1504926868411076616
1504914922815299595
1504888040979943438
1504888037750329362
1504852629666639875
1504827207620993025
1504600971128713226
1504589646721740892
1504582096471224339
1504574546782818304
1504556203745107972
1504528665211768835
1504483950089154560
1504458784525230085
1504220967291133953
1504210900382756865
1504197059401814018
1504185169187594241
1504176927233425408
1504155621435785222
1504130214594596868
1504104655214845958
1503883749498527754
1503863594554904576
1503863590528466950
1503849770980360203
1503840075934797828
1503810778360651784
1503797251562512388
1503760051684655112
1503732001391751173
1503512591943049219
1503512590064009224
1503503740963377152
1503483611030306819
1503471025341743105
1503454197068480522
1503396226259116042
1503153718933475329
1503121220237099010
1503098573742755841
1503080351152943111
1502728633751949316
1502677153929908226
1502427231863427075
1502419094812905483
1502397703178932225
1502390604222930952
1502390602561949699
1502336049732718592
1502293032040812549
1502130550089424897
1502130548789108736
1502125042242666502
1502058194293690373
1502043096409907211
1502020215789527041
1501990200691544070
1501935219544256526
1501763043071516675
1501762689596592132
1501713192409513984
1501701867801169921
1501684251758002178
1501627342866812944
1501601610140684294
1501601608056156162
1501578457477746694
1501578455158247428
1501578452905902084
1501338733290958858
1501331554534150150
1501302522329378819
1501284866863865867
1501265068163485703
1501237223882211328
1501227637620224006
1501224061103398912
1501224058742087682
1501216167830044672
1501205063393595408
1501003429979824129
1500992193040990214
1500980186304630787
1500938085026213890
1500925447282073606
1500925445272920065
1500861329502003206
1500519322778746883
1500239307029819404
1500134131421831168
1500134130067152902
1500100329811156993
1499860630207139843
1499836396974100487
1499825810731155460
1499818206424272896
1499801149108596736
1499777714483609604
1499758075141672962
1499522815090995203
1499501116609818652
1499481990466191392
1499466639435186182
1499450605848387593
1499420560438317064
1499398914897707027
1499180252567801858
1499157880267808776
1499131179492126731
1499114821240770560
1499108259650838528
1499081696590942208
1499056632306753536
1499056630671065094
1499040796678496261
1498863918017658881
1498858107400859649
1498852608877993987
1498835465184686083
1498804792784834565
1498785149252636674
1498766428689903627
1498750168757194756
1498737434120667143
1498737432572923910
1498713143228477443
1498685353913470989
1498451701644369925
1498441362655657988
1498431831527636996
1498419353880043526
1498406820607578113
1498392257170399240
1498365693292654602
1498337059483922433
1498099983735787521
1497964746674429955
1497690727542931456
1497237450841894912
1496981669701689345
1496931686063345675
1496696302272450560
1496643858838560768
1496622146625228801
1496612622829076495
1496580259260645376
1496563061238505472
1496563058570838020
1496553142049288202
1496511417452621825
1496277374987423749
1496266049829834752
1496248434034098176
1496235853517144073
1496224527050678272
1496213458429386760
1496210983005609990
1496194959128547329
1496152565909708804
1496152563405762566
1495856143289233416
1495828849166331906
1495473342048096261
1495163786700984321
1495096578838876163
1494813434227089411
1494793852401733633
1494767425165971467
1494749809504186370
1494730934867959816
1494720936913870850
1494700625908858881
1494672200376455171
1494482387073478675
1494461484893679619
1494449077387345926
1494430922007056389
1494387618519433226
1494355499625680898
1494315451270287367
1494315449827438595
1494103047525613568
1494089206473408512
1494078694725492737
1494078691562991617
1494057068764008448
1494011743919558662
1493972830303752200
1493725560664514564
1493709820712603649
1493689437166788609
1493674733581258752
1493651593434210310
1493628671873093632
1493604828479733760
1493385649898012675
1493378774938779657
1493365688718610432
1493359400957800449
1493346194399154181
1493325137785069574
1493245849664733188
1492924389167403010
1492616085195177984
1492566510925225984
1492533873883947008
1492287335819481088
1492259210389766144
1492244299068719104
1492190444872253440
1492176333421559810
1491932497654915076
1491922428758409216
1491913620577562625
1491898521150238724
1491879710141390850
1491856998484217857
1491841430557532162
1491833588500865029
1491806721714450439
1491581212837793797
1491561299020423174
1491552490973810690
1491546024892157956
1491533414192885766
