1534644183218040832
1534634260543447040
1534612137456414721
1534607399612469251
1534603853274001412
1534584354176901120
1534571602091950082
1534562546312781827
1534269752176267265
1534246797870260225
1534244108142886915
1534234305395843073
1534211877060091906
1534211874895581185
1533904308378316800
1533862404932632578
1533862092813606914
1532813402309107712
1532813119705210882
1532790365790646273
1532758504037130240
1532744893390520323
1532392085411745793
1532077610506723328
1532043990681505792
1532038268916834304
1532033847080243200
1532005547557412864
1531728722532761600
1531715109428543488
1531714852267376642
1531254850008150021
1529207513480155137
1529189686341672960
1529178337993687041
1529125773470318592
1529125771469590530
1529125522298609664
1529122588118622208
1528851823691456514
1528825519646679041
1528813719282765826
1528787026333548546
1528783590275915776
1527711281746157568
1527711279598780416
1527697405067534336
1527370088843620360
1527366924543242240
1527359806037626900
1527321578765438976
1527317783998267393
1527316842716405763
1527039827358515200
1527033962903871492
1527008555274063882
1527001965254819842
1526994576564789255
1526963241326362624
1526957236781830144
1526955317438910470
1526954420419829761
1526669863153958913
1526597156131446786
1526594355905052672
1526306896935886848
1526294203529154560
1526274505534058497
1526269729706475522
1525212535950954496
1525164934786650117
1525163989889695748
1524836055022653440
1524827871461658638
1524811590683578374
1524771918288719872
1524770647653629955
1524497457589395456
1524467383460679680
1524443295262388224
1524442753723244546
1524441122990440448
1524145048123846658
1524142378252214272
1524133601088057344
1524125826563940359
1524120262064721920
1524107219398180864
1524073588814491649
1524061437320122371
1524050215258447874
1524047440126648320
1524042890779017218
1523779032248369152
1523770572450123776
1523751701186064385
1523739031611142145
1523716707868889088
1523707956121903105
1522688906705186817
1522686076955070464
1522662721711443969
1522649517690175489
1522646850758754304
1522642331425517570
1522642306024853505
1522642269093965826
1522642254724321280
1522642219001384960
1522642091167428621
1522631464642297856
1522631200187244544
1522604984998801409
1522589889744756738
1522577852427902976
1522315697484820481
1522295436161261570
1522289440806383625
1522274858863927296
1522245857982222337
1521966338595508225
1521965775988404230
1521951128572809225
1521924964353458176
1521921359382827010
1521891816227983361
1521887404617048065
1521884833684901891
1521600332903723008
1521588226439397376
1521582603459039233
1521572100691083265
1521560844043227137
1521557940246880259
1521547088177287168
1521261501243351040
1521156267909292035
1521151093723521026
1520119439055855616
1520088783638605825
1519728883779739650
1519704835469320195
1519427942073483271
1519412198505914370
1519395751637536770
1519367913781841921
1519365678679142404
1519348345159962626
1519340754904223744
1519003212023541761
1518998653960138754
1518986351978463234
1518658858457210881
1518636532684500992
1518598303134461955
1518042349980557314
1517211974467260417
1517210324734300160
1517176940301541385
1516854491299074056
1516845763363581953
1516808286896537604
1516802846129377286
1516507618478546947
1516498224843997190
1516490522231296000
1516456852090986511
1516456850413301769
1516453434165063680
1516441194674405376
1515712401404043266
1515000801403547653
1514989530859950082
1514351820256079872
1514319741141196800
1514291000579342336
1514290129317158918
1513642300097716226
1513624412133609472
1513581971393462282
1513581969275330560
1513578345597964288
1512518390807678986
1512498881539497992
1512485977302142982
1512478837669605379
1512474199721496577
1512437907692429321
1512437906509635586
1512113725410529289
1511816767370190849
1511813191453585410
1511784426879000584
1511774786434781186
1511744087623356439
1511717019128897539
1511458094433382414
1511454533427281920
1511430028495659008
1511430026851405824
1511399712871497728
1511377397219737600
1511373187162025994
1511370822572720130
1511079901612462089
1511059702641266696
1510397547445161986
1509592485839974409
1509592483101122566
1509577422169165830
1509568715876098052
1509550842252251137
1509544460090163201
1509268983949795334
1509210150686633984
1508919840412778510
1508883668516937743
1508879093026148361
1508867796515573765
1508842924678733830
1508835265023991821
1508537823892226054
1508527624473223168
1508490039176667136
1508483415779299330
1508063803946196995
1507087857520820236
1507079917829332995
1507056720169820168
1507056717187764228
1507051324109688834
1507037590838513668
1507023742886625289
1507017645299679252
1506738384223539211
1506721265335377928
1506686187506999301
1506675716359958528
1506634275298414598
1506385206869213190
1506350750720401412
1506341787673239561
1506304982945042433
1506302422041378826
1505983429606785031
1505983427723644944
1505983426465345547
1505976742942588928
1504899225565368321
1504554137928843265
1504534443075248136
1504531955752255507
1504480778456997889
1504164713323716610
1504148721495326730
1504145401615896582
1504125942142320644
1504109284120043523
1504100442782982148
1503853725277958158
1503846888814096397
1503830154581262346
1503821655344353280
1503796926868860928
1503792886705446914
1503772264470552578
1503765955377307651
1503765335274631171
1503482707128602625
1503479912962875392
1503456135017385997
1503398572628316169
1503075152694845447
1503056011095064578
1502313151060193291
1502304307642871809
1502030777575522304
1502008480609222661
1501988999182925830
1501981952362090500
1501954235784740871
1501953226068873216
1501952840159346689
1501711478176555008
1501711476981129221
1501671693965742081
1501651095642333187
1501635903713861632
1501623895476031491
1501619154448699400
1501579345374195712
1501578712516644869
1501334771774935044
1501320545803063298
1501280317918748676
1501279329644331012
1500966059955965958
1500916385341448195
1500890717274660874
1500887467477684225
1500882346584719361
1500182626950336512
1500182557295534085
1499843771319652355
1499837054208954374
1499808055353126914
1499502354042961925
1499475669075566596
1499461264342462474
1499455179095224322
1499442234424533005
1499428341950070788
1499416454596337668
1499413402925608960
1499412448562003968
1499188851121827841
1499155007161217027
1499097625240424450
1499079566769467399
1499068508646301697
1499052004135555078
1499051276310564865
1498861106407907331
1498781797341179908
1498781795453706242
1498729247648714754
1498714329230852102
1498704471324602373
1498676534600679428
1498437860868988928
1498424848078544902
1498401257953837067
1498371050991591424
1498351310084657156
1498350397903319052
1496949882325635098
1496596477472354308
1496553788840288267
1496546431682985992
1496186142672179203
1496173123686838274
1495827129531084806
1494408326095986688
1494372816803844102
1494367104539279366
1494349413308846084
1494333255625043970
1494070770204659722
1494062853132804101
1494013476364300291
1494009190297309190
1494004220852424712
1493996701157400582
1493962356900069377
1493714659572129796
1493699000620490765
1493650521483272194
1493334986778361859
1493311235005243397
1493270403204141058
1492216477574905863
1492201421231513607
1491884467606204417
1491871365506469900
1491862546038542342
1491827631574196224
1491795352533438464
1491788035507167243
