1534649333919916033
1534629274896015360
1534601108206891008
1534591165915439106
1534587981046112259
1534544835205636096
1534324331412541440
1534316951266263042
1534316949467017218
1534286851468664836
1534266563527954434
1534254801881636865
1534254770688606211
1534253660007452672
1534245529676300288
1534185823737987075
1534185324791967744
1534160184398028800
1533961944339824641
1533943063352967169
1533909489358934017
1533909322845003779
1533909091499790337
1533893991980318723
1533867566128578561
1533860762443304960
1533859317631287297
1533856743624691714
1532823086046883840
1532805143447707649
1532724856869081088
1532723782326034434
1532491536725954584
1532454882707488776
1532438670241767424
1532428468826296320
1532428467530256390
1532428466351656970
1532428461347852288
1532422052723974144
1532421644353998848
1532412726374440960
1532010196402323458
1531779016444739584
1531710643342127104
1531669551183761410
1531669550068031488
1531669548767780865
1531669547530567681
1531669546125369345
1531651357266137088
1531327127030751232
1531036427382824962
1530602596288839683
1530557977584930823
1530206175052107777
1529933717656969216
1529915274954166296
1529872147958702080
1529847332317151232
1529807677886451713
1529507595286880256
1529479032974213121
1529467761692401664
1529450964154998784
1529250903680724994
1529231244050845696
1529231242167607296
1529231239902797825
1529231238468345857
1529221446785978370
1529200527195643906
1529179467301765120
1528901032650088448
1528866108836827136
1528806410808614913
1528732524947578881
1528732501862121477
1528377871143780352
1528064755348520961
1527723387182895106
1527695657997193217
1527665998471614465
1527356717041799189
1527340811402170373
1527336316316561408
1527318022234738689
1527290519650308103
1527099601773289475
1526998116075020290
1526957527619055619
1526949528171171846
1526739027747037184
1526661266579804163
1526599661938782209
1526581800012750849
1526569559611916290
1526550604000247809
1526300160720093192
1526214416064294913
1526214414357209088
1526181149491482626
1526180817764069379
1525890235393052674
1525528326584078341
1525497068835446786
1525497064892903436
1525223091038732288
1525167184259039232
1525149137859235840
1524833095152717843
1524826188744691713
1524821622376497154
1524807820381720576
1524797419594080258
1524775971601137665
1524547135219326977
1524517680665006080
1524517679079510017
1524508673720074242
1524508608473534465
1524508564777283584
1524493395674157057
1524485996536119296
1524485995076497408
1524477874736177152
1524477873461112833
1524448459163684864
1524436891847831557
1524397359324667904
1524390576170450948
1524384087611527172
1524168514927529985
1524145687960731648
1524119402349842432
1524092160752168962
1524088231893078016
1524072694874087426
1524028668829446146
1524020622841503746
1524019107527639042
1523826320752492548
1523765977367810048
1523738016132780032
1523660640954757120
1523441737703641088
1523441660683685889
1523370200405405697
1523077646044725248
1523058669943894016
1523057615567298565
1523017119603912704
1523015133626531840
1523015107294474244
1522940259322978305
1522763669582630913
1522703808048025600
1522656088528728064
1522613447174799360
1522613408817889280
1522609882360422402
1522590107513065473
1522581288011669506
1522581286455590913
1522566904413663236
1522566869601107972
1522289831203725317
1522274206334996480
1522230020336410626
1522229981216190465
1522229637052604416
1522201014132219907
1521991036041637893
1521966787298054144
1521952948875669509
1521928446334713857
1521909604225069058
1521871224971968515
1521869156659965953
1521869155485589505
1521839855059316743
1521603002855043072
1521596628448251904
1521574330819395584
1521554883488497665
1521549121626288130
1521261287044493315
1521239887038627841
1521232467876847618
1521232414919602179
1521196975407964160
1521194755820081155
1521194739458007041
1521194680888799232
1521190280497668098
1521144720751271939
1521130038325919748
1520546337741176832
1520448379662344193
1520445687174946823
1520443733145227264
1520239025910542337
1520153450448838660
1520089278226653187
1520070409235927040
1519772187779125248
1519759267951173632
1519723116854865920
1519675396735877120
1519412785888825347
1519111585184333827
1519077965333680129
1519077028770861057
1519076899351314437
1519010989164871691
1518968488727138305
1518968451745910784
1517688444322988032
1517643663953772544
1517604016271863809
1517602664808333313
1517601272777609225
1517596656916697088
1517596632719806472
1517595533489102849
1517536876567085056
1517312649574461441
1517312647787601920
1517312645594075136
1517312640653135873
1517190173498425344
1517171145526722560
1517140380180877313
1517134636958240770
1516898188703244289
1516872814787190784
1516779376288976898
1516776552675037188
1516583103912939520
1516520763251040258
1516501814123929605
1516491581045497856
1516430232814825487
1516429543418077188
1516413810088845319
1516410351532843023
1516172029480902669
1516149324324945921
1516079845536681993
1515819723765788672
1515819721509191680
1515394568220459015
1515122562032095232
1515117773185171456
1515091344473137152
1515060136989110276
1515025954095128580
1514965986511933447
1514954507297308676
1514669234311335939
1514637973610024969
1514630626745458690
1514601648680669190
1514303831974322184
1514259411027566593
1513997827122290706
1513874485199388677
1513675097449672709
1513192953258426375
1512807278138769415
1512551405021769729
1512508413263101954
1512481944071716872
1512479378315354117
1512212797354127368
1512180919569842207
1512152648740446214
1512152647444406278
1512132980264902656
1512072626293800965
1512071698199154693
1512051226493562882
1512041605607440387
1511818945803792392
1511803603329163270
1511803001945604097
1511785533579661319
1511767621011750913
1511715935442374658
1511409584501575693
1511385549310988288
1511070635426000900
1509959590980554761
1509915994268966917
1509894798261506057
1509668109883518980
1509666851906895879
1509636085642575883
1509636084514410502
1509628464130928644
1509594937914015748
1509594936513118209
1509566934387462167
1509540396937977870
1509283018535538700
1509283017122013188
1509214754119761921
1508935069427245063
1508917083563827203
1508872899737833476
1508840942576586754
1508575635144429583
1508575633928081410
1508575629700182031
1508456587865858050
1508440739616894982
1507477187020181509
1507477185577328641
1507453730790129664
1507077287941971969
1507054102710210564
1506998914058182656
1506783221949911045
1506757682732097540
1506734405754175488
1506719279793819650
1506715585597562880
1506697008605798401
1506378936187437056
1506333638375485447
1506307709985079304
1506291374114680838
1505896963367129089
1505332806804779011
1504911535507972108
1504638488490426368
1504629341623394304
1504577928092344323
1504560481998094346
1504532900905115651
1504525303011553280
1504487186447560708
1504480179090980872
1504466419148374018
1504450172759289863
1504210205919354881
1504200372071673866
1504199011447754760
1504177736021069834
1504131513058832397
1503844667569414147
1503818220066770956
1503810736706969607
1503807756670808070
1503800700043612160
1503783353018945542
1503738597282828300
1503536565938802691
1503536564709826560
1503536560792342532
1503376284927369217
1503374608141099010
1502707576831721472
1502415318999732225
1502393457809281029
1502321644701949963
1502044123389468678
1502018959654096912
1502001255467659266
1501685742355066892
1501642574603472897
1501594838353031174
1501588628413169666
1501555405494882308
1501247214470979600
1501247213384654854
1501218094160781315
1500920469007986688
1500894087150456836
1499823390164766732
1499523765855735818
1499497343174864907
1499492524754411520
1499463140920147975
1499438690183098368
1499438529599922176
1499166223493472259
1499058555508428802
1499029415782715399
1498999479680352260
1498872100085542912
1498788335405383684
1498739258076680196
1498722514322825218
1498694309796892673
1498403856065118222
1498340079751806982
1498332681947557899
1498295632489943043
1498025041845370881
1497997636737114114
1497728568423497728
1497635953015332865
1497305640628367362
1497305635393835010
1497245762895466500
1496990827066716162
1496956851665063937
1496922886103191571
1496885702595911688
1496885700997832717
1496885699370491906
1496605223137255430
1496135662361321480
1495899464883744772
1495899463948374020
1495899462685896705
1495214234195701761
1494425530967502854
1494425444350930957
1494425269918183427
1494057242869567495
1493971531738791937
1493659973691355136
1493303238661226498
1492915045700800512
1492253300913500160
1492191350078550020
1491968625091223553
1491927414636789776
1491858667456667649
1491842706288615424
1491840349567963136
1491840297751433225
