1534536015200899073
1534219504749887491
1533875870460432385
1532806027090984960
1532744181545934848
1532744179452940290
1532448622192873472
1532124909400358914
1531755395915599872
1531345946554015744
1531032879265992704
1530669539670769664
1529931930166345740
1529905127917768707
1529226317530640386
1528854888574337024
1528127086371667973
1527770507277393921
1527749214876356608
1527377677896019968
1527348995936309253
1527302680498012160
1527019242239016962
1526982464287416320
1526665071665025029
1526584416419696642
1526262720374489095
1526262718503825409
1526209653885083649
1525599395596713986
1525214034894761984
1524863771889614872
1524555918448410624
1524457188357459969
1524103897912123394
1523790583961354241
1523746461649088512
1523350522266517505
1522671148307210244
1522314107713691648
1522314103502610435
1522297407681220608
1521945107611762695
1521592071597043713
1521248599010590721
1521248593264402435
1520151656834424833
1520100577082019845
1520100573772664832
1519785236686675970
1519688433169584128
1519387362366832642
1518989983696265217
1518709045615542273
1518297108033548288
1517544378956451841
1517180595469701122
1516861611054714887
1516841202875838464
1516826045294465026
1516537896437751816
1516501895032025088
1516047590516740102
1515739472624762883
1515104233086930956
1515030330616553474
1514630146548027396
1514338629153349640
1514312341374091267
1513986744403771393
1513923779356987392
1513230946744602624
1512540378293022725
1512135648651714560
1512110658158055436
1511844109899776010
1511741446822539265
1511702650437394434
1511443209586630658
1511061762929528837
1510002010770362371
1509931192883290124
1509589634765963267
1509522096531066886
1509274684629700624
1509247494080839680
1508933272310632456
1508888317076586510
1508534600255029248
1508236590270795776
1507452342723043335
1507082919717781508
1507082917419302915
1506752860041760771
1506724467409567744
1506666708462931970
1506296479127949331
1505990959351410692
1505243360092692484
1504839168052051999
1504470897255616512
1504086662372077568
1503818636988985345
1503818634631823372
1503818630500425731
1503818625811202050
1503818621184790535
1503818616252383232
1503818609797308423
1503788420887367688
1503478647549829120
1502409052797685768
1502363873998954497
1501952390257254402
1501952385463341056
1501684377046167552
1501264155034079238
1500998773333495808
1499862788843446276
1499850611809992713
1499829333283717125
1499460013370359809
1499429610706063360
1499081767453659140
1498823933960892424
1498779533381615618
1498394264044294146
1497354046637678600
1496900825540554753
1496602922284728348
1496567317077151753
1496200213828145163
1495833676663382018
1495489819090337797
1494798939131985920
1494429845601722370
1494107334301425669
1493706950277840897
1493360599752978435
1492239206319595523
1492207572564201474
1491888583258562566
