1534619072872206336
1533935513480069120
1533901933156630529
1533836235604729856
1532767149286211584
1532118756318650376
1531407359653953536
1531248662856228867
1530356500253708288
1530356489994391552
1530356477147291648
1530356468158844928
1530356456746233856
1529949033459949569
1529598962684112902
1529277486311145472
1529175199815331840
1528884279857631232
1527674793822023681
1527407287651794945
1527021185598476298
1526973721184980993
1526670516135895042
1526644544376299520
1526623496465416194
1526248852872904704
1525199123779137538
1524782535213031427
1524503515825164288
1524503511467180040
1524470067605430275
1524457706995785729
1524426705481437186
1524089609763893258
1524044383674327041
1523358337743552512
1522677247022448650
1522645606619131905
1522644213627764741
1522266312831029248
1522014765517783043
1521925058087817218
1521924835424800768
1521924743108116482
1521900540703264771
1521900539503648769
1521900538195062784
1521900536873820161
1521900535456190464
1521900534172684288
1521900532884983811
1521900531605721094
1521900530217406466
1521900528887902210
1521900527101038594
1521900522944479238
1521560152293453826
1520051163395248128
1519701361029435393
1519398850200576008
1519122278394605568
1518675747874955264
1517911175966691329
1517583707804213249
1517276999911235584
1517229815492972544
1516846737402511362
1516500713404354560
1515699100133511176
1514687328014548999
1514647346818301956
1513559763627425802
1513263798324445193
1512081791187783695
1511829346830409730
1511787290351357958
1511728599417638922
1511530301436084226
1511529687301951488
1511048388929806348
1509982204021071893
1509682717688053767
1509574121973325828
1509542206855598088
1509286928306388995
1508829115343937537
1506291112947990539
1505012345751355397
1504849379131330569
1504522520594165766
1504187456857456642
1504175546858627076
1504129258133798914
1503866922433224711
1503791321135435797
1502655964104830976
1502408289639968772
1501974935018819585
1501771920316026888
1501678102568701961
1501201192294232068
1500895983944839169
1499830858013888516
1499787611430338563
1499508929579130882
1499464763440521229
1499402999696793602
1499142401314762753
1499109809211256832
1499071287188148225
1499062004279132160
1498883240874151938
1498732844071460866
1498319536331927557
1497314350016745472
1496831658363871238
1496576652410818560
1496182417312333828
1495797967009243146
1495080743168585733
1494758348905926658
1494708168974389259
1494681199301779460
1494431736616431619
1494347409165635587
1494061066988437505
1494024057205006341
1493994701145481217
1493305408664084493
