1534625317746118657
1534625316181659649
1534245060887252992
1533949216816369665
1533895493935255552
1533895492186214401
1533895490588188672
1532501432481599488
1532422103307255809
1532021953510375426
1532021946854121472
1531758432079859712
1531758430645460993
1531758429097689088
1531722280102834176
1531722276709601281
1531289339979653120
1530238046020456460
1530210532632023040
1529246411627417602
1529246408859078656
1528445510113103872
1527701972056698885
1527431918207352844
1527393211924238336
1527393209030168579
1527393206425501697
1527049584014290944
1527049582101688320
1527003701168291841
1526959309841526784
1526959308432285697
1526959307039731712
1526959304519352321
1526753497936539650
1526753495700873219
1526681632597483522
1526649015915495431
1526384588829782016
1526261464490643456
1526261463077138435
1524809411780218883
1524809408055676942
1524804865918046221
1524804755918229513
1524788468101967872
1524788464083869697
1524165946457288704
1523779641789480960
1523779637687373824
1523779633845399552
1523779632025112576
1522669747040567296
1522669556753391618
1522378384281456640
1522309541584674818
1522309539185364992
1522251184098070528
1521327810484183042
1521301011478065154
1521252903440109568
1521148071865815040
1520116366375759872
1519719786493751296
1519719784484646913
1519719780315455488
1519396610320441344
1519370646056148992
1518994421018251265
1518680637200236545
1518680636004790272
1517527933627375621
1517527931031015430
1517527928137031680
1517187549772632064
1517186349731913728
1517183345268072449
1516871779943206912
1516871777430827008
1516140028501454849
1516096321257574400
1515759694316404737
1515008329986236417
1514760205090889737
1514657237372837888
1514637162918121479
1514637160481267715
1514637155364130826
1514352771734155278
1514352477411360768
1513980973876072449
1513980971447570439
1513913017817346053
1513729867203940355
1513729865266171905
1513729863361908743
1512803345232183299
1512583384857468928
1512463949287075842
1512463947689078788
1512463943423467520
1512463942093881348
1511822568092798977
1511747054959214595
1511428718903844871
1511428716303470598
1511428711307952131
1511368317021429769
1511033477214445575
1511033475775746052
1511033474471403522
1511033473179561988
1511033471690588165
1510292752067555329
1510006105660919809
1509984275432546304
1509984273444458496
1509908689523773451
1509651621743108103
1509566176610770945
1509565492104777734
1509300759501819904
1508942199009861644
1508561701922254849
1506740486094041088
1506730368740724737
1506356082712539137
1506305214260781064
1506305202617389061
1504964203676721160
1504964073082929154
1504907694586548224
1504869581860474881
1504460477476265987
1504146185983959048
1503826604358881285
1503514403081056256
1502452303009177602
1502452300664635397
1502071845352321032
1502007472747425801
1502007470801235970
1501301341351813122
1501246402298531843
1500980194978373633
1500908136122793987
1499858435457773568
1499809614937956360
1499490164221034498
1499441643019251718
1499177040439746562
1499177038715895809
1499154896712450051
1499154893809983492
1499154891951931397
1499066815879729156
1498776397325737990
1498724192933588994
1498724190597353472
1498448198439895041
1498396516838297602
1498396515550699520
1498359301823369217
1498359300405661699
1496530301236875265
1496266160316502017
1496266158793949184
1496240142507466752
1495939360671551491
1494733883912425473
1494425686819450885
1494425684957188103
1494045703814799360
1494045702191673346
1493381034079137793
1493321687387025409
1493321685495394304
1493287977522397185
1493287976087945224
1493287974544412672
1492246632129347587
1492246630397100033
1491892076857937922
1491856582887579657
1491856580878512129
1491570429076533249
1491570427797270530
1491570426492846084
1491570424911577088
1491570423183511554
1491544258838364161
