1534519444667518978
1534197656108601345
1534194107542806530
1534193040352485383
1533907587544109057
1533891046886846465
1533890956260519936
1533883200686145536
1533806490099847170
1532837188248936451
1532810967200964611
1532450953357676544
1532346068016500736
1532137215916113920
1531692464569999362
1531678908181004289
1531637501961588736
1531292699588009986
1530215623472599041
1530194617983029248
1529957344595042307
1529880805379563523
1529849980554559488
1529219241828032512
1529177547870724100
1529114793646469122
1529059963120893952
1528822397591330816
1528700164973776897
1528163233680465920
1528163232262852609
1527709094932627457
1527637355531730960
1527364833426886656
1527320186025496578
1527317698665152512
1527251484857057280
1527046522482876417
1526949030831575040
1526691486267588610
1526673693644029952
1526616028087783425
1526596114023063553
1526591974605725698
1526589508090732545
1526586198147448832
1526552526807617536
1526392287789469697
1526329945924022272
1526292940263407616
1526243093032448000
1526222556222693381
1526216493091930112
1526215874650177537
1525189796007755776
1525120161187086339
1525112436570959872
1525100684818931719
1524915954718736385
1524838193874489374
1524820232577159170
1524786835817385984
1524762139638046721
1524519968859119617
1524480821222154241
1524462058288340993
1524445673613152256
1524439638999552003
1524439637837684738
1524439636550033408
1524408072566935553
1524407401088233474
1524387147221979136
1524379640806182912
1524186041359478786
1524171088334307333
1524166860366921731
1524163518383247360
1524020610321555459
1523851222998003714
1523731185901633537
1523675108799172609
1523654315365511172
1523358830863736833
1522996270943838208
1522644409925443587
1522638383188787202
1522590436283621377
1522583992683352065
1522386333930602499
1522313317221552141
1522306448952381441
1522287632566435840
1522287626824343554
1522287625532583938
1522287624072966144
1522266639491809280
1522246018372358144
1522238100331712514
1522206025201463299
1521885343485730818
1521857929321848834
1521855546638454785
1521854822756102144
1521797613095370754
1521601956766224384
1521486093895483393
1521486092666646529
1521486091488055296
1521486090267414528
1521236604098129920
1521228314521780224
1521220313299755009
1521170248220688391
1521154167951269888
1521144824593850371
1520094816826281985
1520084686877429760
1520078351783940097
1520057046833541120
1519781167574224897
1519771862234025985
1519771842705342464
1519723012261650434
1519721213102333955
1519721211370119169
1519650924268068865
1519404348564029440
1519359665360023555
1519323262869725193
1519320226764054534
1519319362657783810
1519305241153449986
1519074861628416000
1519015571156836352
1519004941582487553
1519004940022300672
1518976426866794497
1518950399700520961
1518690496486461441
1518619925711052801
1518602931267846146
1518596543263162368
1518553763694456833
1517505317420027904
1517244623495782402
1517159403874574336
1517144738259865603
1516891324670259203
1516849223450378249
1516777794113581058
1516485539838500876
1516440616661663752
1516430849226551298
1516427604202594311
1516125934314786823
1516096695943274496
1516064968759824390
1516053911437721603
1515710499773685761
1515096723017932803
1514994534438035460
1514648053373882371
1514634773859344387
1514620717307875338
1514353773132619791
1514264669787246595
1514081584172998659
1513973908550131714
1513927568877146121
1513901035768721411
1513894732472201220
1513558723519778816
1513548618925580289
1513532829069676550
1512918851205349379
1512589774166630400
1512487140940124166
1512482583216484353
1512469278066458624
1512142166587494403
1512077446534729740
1511799580576432129
1511784799056367620
1511782521331232772
1511755991427260418
1511457709547216903
1511398796307087362
1511397148897730564
1510993178828095492
1510980169313538058
1510762443173150733
1509930186720133120
1509930183284994057
1509926633750335495
1509923047557550086
1509905649529991204
1509858305908297729
1509589480130457603
1509554423600721927
1509541763752546319
1509492684477669384
1509216690122465290
1509207749745381383
1509195783182114829
1509192326631116811
1509189918664364034
1508916413783756809
1508902262621495302
1508874129939828736
1508868541377830916
1508864981999230978
1508836606123327501
1508505419957866498
1508490837063258115
1508486509544058897
1508453443702300686
1507539584154050561
1507406097136693253
1507353819583295498
1507353654369599497
1507142913767223305
1507058501704630276
1507046005627367424
1507046004276748300
1506799409350287365
1506738806803898368
1506732983373504518
1506683457635856387
1506660107869986819
1506619508852727809
1506283280945012747
1505962297172414469
1505942296960901123
1505942294557511689
1505935414988881925
1505924438189031426
1505924204344098822
1505193726133645314
1504852574461124608
1504837276362285060
1504211489137303563
1504157935550803973
1504147172232683527
1504147004619898885
1504118909947060227
1503805348842455040
1503740886043213830
1503459450660835328
1502368762342772736
1502348446413512706
1501963468383076354
1501925930884898822
1501631990637944835
1501599188743819268
1501528234227347462
1501300939931717634
1501284028070174724
1501256204982505477
1501242788297560072
1501237471631261702
1501207906229829638
1501202026822357001
1500971055929831429
1500930292193898499
1500918198279057414
1500910824646455303
1500871483173789700
1500859538425188358
1500857731472924678
1500856408337747968
1499826652762759176
1499805122460803072
1499766872807456770
1499726037671985155
1499476073586774029
1499462205032513536
1499462203723984898
1499462198833332228
1499387050214236167
1499086058230890508
1498858941564047363
1498858940096036867
1498858938623737857
1498858937138958337
1498388257293414418
1498333349735280644
1498313582337040386
1498313457959063556
1497668616648642562
1497662927322628098
1497301232246996993
1497260826306265088
1497253197299298310
1497243406774452226
1497229958741037062
1496946816176242691
1496914595084226560
1496905988351434765
1496854809437249542
1496854808183160842
1496565848160538634
1496498836730220544
1496294073199738881
1496249744326279173
1496204148316024835
1496200878671417348
1496162000476708865
1495747633935106049
1494799974168731648
1494752602189447170
1494690649664335877
1494677205535842307
1494401263185846274
1494371828499951617
1494360695890227203
1494360694690623488
1494351852691148800
1494351606393061376
1494326345953804293
1494323207649697794
1494074648585199616
1494040699813175301
1493993126226182146
1493978996098412550
1493636992130854914
1493261146945736705
1492185852503543809
1491904758633873411
1491838903543865345
1491817768165027848
1491802745799536647
1491793619849601025
