1534683752386990081
1534625254257180674
1534595396030300162
1534558188527296512
1534521928152756227
1534295811806351363
1534213718598369280
1534176349283356673
1533551252033912835
1533466062813110274
1533118490995044353
1533105966748684288
1532795132772331521
1532775000331239434
1532480756576051235
1532441825407123468
1532371516138172421
1532102341746475019
1532088857667293186
1532041309904576513
1532012632361816065
1531982888815804416
1531616878044528647
1531345045609230340
1531273398353113089
1530881164466130944
1530589746166104064
1530543719182749696
1530223173102452737
1530160823771058176
1529928952155979787
1529913567838883849
1529867900760297472
1529572580537126914
1529559107518226434
1529558234469629952
1529214887062380550
1529178258373214208
1529160436922335232
1529115542228967424
1528769194321395713
1528744445088354304
1528445971948003328
1528389857705353216
1528017115688599552
1527762915721363457
1527742954839977987
1527714887685885952
1527694280021757955
1527645158082285570
1527386303054094336
1527367374881845248
1527289739149078533
1527277021294129153
1527273258059542529
1527060481143451648
1527039322150559744
1526996110744625153
1526969501279039492
1526965179031994369
1526933180850249729
1526908368811614208
1526905303505199104
1526693950177914881
1526647045301444610
1526606956273729536
1526604741207379972
1526545917934960641
1526335647337828352
1526321195389440001
1526321160593584128
1526311097380249601
1526220576989356033
1525948999957618689
1525940604651417610
1525639019895439362
1525475815936479237
1525173964024291328
1525123567012257792
1524893724840443906
1524893449597734923
1524826997796524049
1524806741044645891
1524781611602042881
1524759515710824450
1524757909422366720
1524493660208914434
1524470920898875392
1524443723521740802
1524380286661890048
1524377075104288770
1524205256116260864
1524146076680433664
1524066320433700871
1523768121970262017
1523757372455665664
1523734108341370881
1523703795196194818
1523682862264107008
1523661982494126080
1523271636329254912
1522939400077942785
1522696621737320449
1522633553581903872
1522604755989716992
1522333719884972032
1522309235618598912
1522290508764221440
1522251842511585280
1521926421110829056
1521902554279555073
1521887134768054273
1521551924373372929
1521538372153581569
1521500601871437825
1521198192112582656
1520810353151651843
1520734826478845953
1520398046852526081
1520097272754806791
1520022391371538432
1519792023561199628
1519784375621148673
1519761664928890888
1519668409360953345
1519658272545988609
1519528399798218752
1519383065264599042
1519013948401627136
1518946990104666115
1518640932954021892
1518633555660013569
1518198185885323266
1517865981225443328
1517473435349364741
1517304406596800512
1517260329885052929
1517258147878080515
1517195942121721856
1516882279527686144
1516871463088922625
1516795486564347905
1516497531592654867
1516485939241050121
1516474825073516551
1516420280402464773
1516211011598098438
1516118819755995152
1515676462220656644
1515057372900691973
1515013952266194946
1515013361708285960
1514731191513096195
1514682586681036801
1514619360861569045
1514441838320566276
1514347395626242059
1514347367071469574
1514269294577782795
1514237060634324996
1513957525439328263
1513926355204939779
1513926327837069327
1513901032232914945
1513611732408754183
1513581838845059082
1513525633426632711
1512778851105091591
1512585343668736008
1512492031754522624
1512407364485492747
1512159986608222211
1512136655125323785
1512104308396990464
1512070260895019015
1512053968981139456
1512052035360854018
1511847520741253121
1511743470150557697
1511713027816579083
1511701674813014031
1511683741692874756
1511520415008579594
1511432287195480069
1511426692010676227
1511425701509009413
1511077760558669827
1511073692033466374
1511073690884128773
1511031798779756555
1511010622061920264
1510693686648180740
1510255809728499716
1509997872942567440
1509964144698699777
1509905574300954637
1509715421825482752
1509691555254358020
1509631314114355202
1509581298351886347
1509543251438673920
1509520418054582278
1509271725095145476
1509271475731189777
1509245458622951435
1509152735354146822
1508930846207713287
1508906068235198471
1508882093031534605
1508826395249676294
1508555542700216329
1508555482738352128
1508530085355266048
1508525229399842819
1508471198790918146
1508066436383744000
1507719161824305152
1507457543651659791
1507371765445627909
1507099779100200967
1507079322280026120
1507054559977480193
1507053111202000901
1507004781033926656
1507004309648551951
1506990544542748672
1506727001499095056
1506726999007674368
1506684308400054278
1506670556703248385
1506411771682177025
1506350510521126926
1506299576743088128
1506267673428168710
1506014713821417474
1505992390733189122
1505942721046921220
1505529733550903298
1504925701358694408
1504838544157720600
1504563117233250310
1504525539100528647
1504524279261577226
1504188393500160007
1504166553327222792
1504104262992805889
1503884278026969098
1503840720641310726
1503821289483554822
1503792869601071105
1503741218957713416
1503478757771857935
1503420986959581189
1503381559801524237
1502768274785947650
1502747450532315137
1502739055141871621
1502404108048871430
1502286554001297410
1502061535170117632
1502036377122320387
1502019346167738373
1501961098932727810
1501572616150257667
1501561743444692992
1501351162662035468
1501330002188460038
1501327106445357062
1501291448263655426
1501248444824195072
1501192034283044866
1500948199695126530
1500873278054928394
1500471353186607109
1500139169527566337
1499793036360171520
1499756455708221445
1499743961791053824
1499445599955046407
1499386523929747457
1499233117411979268
1499148163973799938
1499096710060126211
1498859747067535365
1498829089167314946
1498799507567427584
1498781261648773120
1498781260516409344
1498781258561773570
1498727967207432196
1498693633779900416
1498656684717322241
1498458708883517443
1498374432125079555
1498357388419768324
1498331282358644745
1498325808540225544
1497822483919118337
1497246023500144641
1497232326107054080
1497039122741014529
1496963816386699265
1496909708497719301
1496709302702288896
1496581091301507074
1496571729816207362
1496540332359569409
1496197980155793409
1496155721054011401
1496143023155077126
1495825153032343560
1495781981203877899
1495473424159887364
1495155227682652162
1494794892043825152
1494653884391989249
1494378987417903104
1494351634532556808
1494123928289222658
1494001587722858497
1493633854355165186
1493593815806095372
1493236507620130816
1492888329192357889
1492224049644195840
1491838719699173377
1491784150134624268
