1534581051535896578
1534564907273883651
1534533984142692355
1534282814207795200
1533863806123876354
1533826078141194240
1533819766665789440
1532758639378944001
1532755246623215616
1532361489721475072
1532014144114786306
1531987698008850437
1531783849709010944
1531702056783847425
1531259492356263936
1530187125982957571
1529564256546463744
1529559802560581635
1529237062989266944
1528892292236464129
1528770237763571715
1527997706421026816
1527670493125529600
1527328237373644808
1527110551092043777
1527106783667421185
1526699101164822528
1526566968849047553
1526563250204196872
1526205838007930880
1525498684980572160
1525191656982683648
1525110567433805829
1524866163871825943
1524838079483236381
1524831789277229056
1524799077845803012
1524497083633389568
1524483240999936002
1524407745201463296
1524391387780812800
1524084360940507136
1524022706643079172
1523679249139441664
1523294182747820033
1522229693713375234
1521980498301657089
1521891161186709505
1521633259238707207
1521566843600883712
1521520092651171842
1521504911502069762
1521494802243756038
1521182740732944387
1521175192365580291
1521172734281191427
1521167642740076544
1521157633931104256
1521147509317554178
1520413927376621568
1520402862186053633
1520040613969862658
1519798187397193728
1519768449920249859
1519678176909312000
1519390953664036864
1519325503668334592
1519315681954697218
1519032323773280256
1519002124436361217
1518998372228767746
1518610795667595269
1518606255027367936
1518354108322918402
1518228497520541696
1517866146606759937
1517551314410029058
1517254361314955265
1516824201159663626
1516431466795835400
1516416885574836230
1516099271904444425
1516069437132222469
1516054141994479624
1515706861730869249
1515676577031409669
1515329452342976518
1515117821784731656
1515067448155942914
1514971816493731845
1514963014163779585
1514700026768986127
1514611950201696257
1514318767425269773
1513992867160768513
1513619152694657036
1513554985740603398
1513532978017845255
1513170113930969094
1512830210118406149
1512792691872272386
1512460963739537419
1512395733927870469
1512247903661735940
1512143202828132363
1512083138247233550
1511705599804850186
1511394447812177930
1511390675866116098
1511343921724600326
1511343110437150729
1511338348144648202
1511150230141550592
1511084957078364172
1511063566266388486
1511027030846058501
1510996207019212807
1510658413935661061
1510255831123644429
1510228226009878530
1510228208175796231
1510227880361578500
1510227868948869130
1510227854189080587
1510227841455112197
1510227765974507532
1510227739739045890
1510227720772411395
1509983984444448780
1509970495256633351
1509949976213954563
1509893913271808011
1509867108699721769
1509866723746455557
1509681970724454405
1509656795358318593
1509632889469743113
1509536805951049728
1509276794582622211
1509214327710097415
1509189968907939841
1509168960310235140
1508901819816292353
1508806580715859972
1508534597650464770
1508522097500430345
1508459420375789569
1508444268561670155
1508096678045310984
1507779620485177348
1507669790596423680
1507530954742673409
1507525146193678339
1507506639707983876
1507473623992446976
1507439694614872070
1507432077716865025
1507417265133731881
1507387211767029790
1507009596195434501
1506994562769772546
1506692361077903362
1506632125017214981
1506330072290152450
1506285077021532172
1506274762418528259
1505922665047076867
1505531716168998921
1504820327062376452
1504815620801675265
1504494163101892618
1504488327889793024
1504457997187231754
1504225260337573891
1504225194575020038
1504215229353410566
1504174423817003016
1503732985778089985
1503460989630615559
1503446028724457475
1503415842993807363
1503386172298604544
1503008171211866115
1502660871247568903
1502124451336536064
1501981270867431445
1501945229904998404
1501618015128985600
1501617763827306496
1501362145283481604
1501347321153343488
1501331951885725712
1501320614031896587
1501211464081809416
1500864237442420737
1500568111963164674
1499863514269335553
1499859741140721664
1499444549609046024
1499424372775432202
1499419294400143361
1499112354159673346
1499096036761088007
1498861825923952644
1498861796177944579
1498802787601293316
1498402651201052678
1498312324578521091
1498282626238590978
1498281897771905027
1498040295065329669
1497247532317130754
1497243753911930881
1497225062067355660
1497021535097442307
1496979153488424962
1496973221547102211
1496969444274454537
1496862641964335109
1496615864090914816
1496599519512993801
1496545444515692550
1496537643756232708
1496500434516725768
1496185629104873480
1496184939422830598
1496183442136080388
1495775650938032128
1495413103332319232
1495050619740164104
1494688487097962497
1494039084334989315
1493963706207768578
1493601283063926789
1493333969529708554
1493333828265463817
1493333776176451589
1493273844097949700
1493238945878102019
1492876362675335172
1492637073743962114
1492513998495006720
1492206095015817225
1492177873515524096
1492151725809192960
1491849482417360902
1491789281521586182
