1534670518703443968
1534645792794939394
1534628113497395202
1534575096744009728
1534548332378411008
1534545698514866177
1534368174539517956
1534290477859495936
1534283189761490944
1534281942555926528
1534253151657897988
1534204687657799680
1533930509465690112
1533910685251424260
1533884665702006786
1533817739697168385
1533138158648446977
1532814213378367489
1532503793673175041
1532499247190245376
1532495393212096512
1532490498220478491
1532477996824600577
1532477750509903873
1532469088009613312
1532456886976385024
1532454746237603840
1532411739442008066
1532411347513659393
1532395544760311808
1532387719032078336
1532379085560610817
1532378493715042305
1532367892024393728
1532122957408894977
1532086799245357056
1532062059323883520
1531841625873190913
1531782907458633730
1531367513853874177
1531363799852253185
1531363785771999233
1531359133517156358
1531279249482604545
1530940838469148673
1530928598726475776
1530288049791373315
1530279063453147138
1529994878297440259
1529930976633159680
1529819502329970688
1529819498122985472
1529608568005066753
1529558266883330051
1529448064771039232
1529236338033172480
1529123456830386177
1528993554315591680
1528867946616918016
1528817915696500738
1528473597156655105
1528115287379169280
1528065586772647936
1528055467594764288
1527842387929624576
1527789665142468608
1527771982263201792
1527771980782526466
1527763775041916928
1527735410410917888
1527719832702971904
1527712593900625922
1527386783016751104
1527367696815628288
1527352096290328578
1527117375367221254
1527074571555414022
1527043120319279104
1527032933839785989
1527013153984364546
1526979913558786048
1526945493384736768
1526727039633571841
1526659218572451842
1526633783050522626
1526633779829395458
1526589141445754881
1526316479225946115
1526277509284872193
1526228204666732545
1525898938166878208
1525891381264261120
1525525544120500224
1525221820445741057
1525190283918442497
1524926070578765824
1524924430903873537
1524921410220589056
1524844177556656169
1524830751677726721
1524756097973862401
1524510288149725184
1524488272801681414
1524483842018578434
1524441522464342022
1524430777710170113
1524400408252272641
1524371770018516992
1524142594980298756
1524131216932634624
1524106405782990849
1524078584154972161
1524025510719852544
1523663801333456897
1523316925371396097
1523008324601794560
1522622463372312580
1522588622620446722
1522310796415492098
1522310795027222528
1522286922625949696
1522285463087857670
1522275346669875201
1522227763595337729
1521953750981697537
1521936772086865920
1521886532893818881
1521653287145156608
1521618076537659394
1521598614782492672
1521583159594430465
1521525595330523136
1521478897103216646
1521478896138567682
1521478895324827653
1521241414537027585
1521223434260389888
1521212758796165121
1521159224109281281
1521153640467075073
1520894171317514245
1520786839174410240
1520517438399336449
1520135676473262081
1520063916935688197
1520057314518224897
1519748625592721408
1519704022244077568
1519692955531030531
1519432382545281025
1519425928073461762
1519402060134985728
1519384835147640841
1519322542556786689
1519092048233652226
1519092047432593409
1519081121757151233
1519038403370795009
1519026150311628800
1519022358715158528
1518776118467342336
1518720624633520129
1518618479921963008
1518618478214844420
1518600775961911296
1518069950396706817
1517909109135138818
1517576745255329802
1517535256147988481
1517244204505780225
1517239480213639168
1517162448251412480
1516872665885253636
1516851099113717760
1516820038589861896
1516820033745428482
1516562943701225473
1516553814077227015
1516553811799728135
1516553799460167687
1516553774583758856
1516553764861358082
1516553746712600577
1516553660481916934
1516539385717657613
1516495476727726091
1516466247382093826
1516410120342810640
1516399099368534018
1516218790165446656
1516215540389322753
1516175460090236933
1516122336990306304
1515669747328684038
1515357454816665600
1515039982678913028
1515038586026012687
1515024394392768513
1514986786313109505
1514936744424083463
1514936297432920064
1514934488026943492
1514934064629022723
1514934030982021129
1514933989139648519
1514933893853372418
1514302076192501773
1514279642567483400
1514252795481759751
1514015170888151044
1514015169046843398
1513914620880240643
1513870256548237312
1513632288965378054
1513595121824108548
1512886186322370574
1512592922725785601
1512506955784503301
1512477913681121281
1512137344622735362
1512115843802578945
1512069357169360896
1512061146878070785
1512061144806080512
1511855635171876873
1511788814058070024
1511744658262700040
1511716457104748551
1511687947506130944
1511480880346411020
1511472704746147849
1511453937676832773
1511443947163459591
1511419904787947522
1511404611403501572
1511345661941358610
1511124643188465669
1511109509980295169
1511063018469269509
1511019735508471809
1510992095556816897
1510654730703458306
1510321534740664324
1510013432191459333
1509980904759906308
1509912025614454790
1509634043444404233
1509607900817338375
1509575352716308492
1509554084386422785
1509526380484169729
1509510092001058820
1509339783197253640
1509281923528593416
1509265417927340043
1509238748676034567
1509228974030741504
1509219590898958337
1509172426906771457
1508844465263419397
1508833225141063690
1508818178067120146
1508813381599469579
1508568555595436035
1508568554643329031
1508568553582178305
1508524362382589965
1508521104075284481
1508150248518078470
1507485721950629889
1507046851362631683
1507028261523660808
1507015396032860183
1506743758863355910
1506741877760049154
1506708061146202125
1506668259898236932
1506645837170024449
1506438082970722307
1506331987761635330
1506319358993309702
1506263835275145217
1506055173902376965
1506027206073540613
1505971002970460165
1505970998952214531
1505943867035639808
1505913501658849289
1505593184939872256
1504911941495668748
1504900262967795721
1504612389530054662
1504558463376056323
1504515151961149451
1504491708863631369
1504462250156957697
1504269537050513408
1504205423771017222
1504096523038117890
1504076163240673289
1503886513058234368
1503884585985224706
1503861719436865536
1503836095812878347
1503818416272162819
1503816689615396865
1503787113485115401
1503736838388822019
1503453295226114050
1503386815553806340
1503059727177158660
1502775120510820352
1502442679845720066
1502417383083986949
1502363133238722560
1502304350387027969
1502111709741432863
1502066995805708288
1502047402815074309
1502014095482105857
1501999334740705282
1501981769897332739
1501967936868782080
1501919587314675715
1501664964699987973
1501625818203709444
1501586741878272004
1501373588817031174
1501353184585035776
1501353170022375425
1501321116819894281
1501309833106145280
1501271061031051275
1501239406979690498
1501189840737644545
1500922250266128385
1500845627290312714
1500145606974652425
1500122337332674566
1499867919223771143
1499526542925385748
1499504457691893770
1499471845321543680
1499448933118095366
1499411762290081798
1499194845251915778
1499173647180779521
1499141075319021577
1499124974220718085
1499117600315424780
1499075987329400839
1499064704303575047
1498869205533343751
1498859132639752199
1498793347535802369
1498791332080504833
1498776731158827011
1498768133393371144
1498745756462850050
1498716628003000320
1498708751465000965
1498679062046388229
1498664333873664003
1498454291492843520
1498442539661148160
1498390034243899401
1497735263912615945
1497624390300835845
1497615354377510921
1497329944128536577
1497329941180030977
1497313543196233733
1497287438410129413
1497217774921388033
1497209728774152193
1496907900836618246
1496871858410606598
1496871856233660416
1496871854249754632
1496871852282630146
1496713372976488450
1496583923241033729
1496583917566054408
1496526754441306122
1496517924705771526
1496288656893648899
1496188606049927173
1496135944201715712
1495790515597500416
1495428783083560967
1495088541017075713
1494822034957864961
1494802177868525570
1494767576471117826
1494757467863109638
1494751066784677897
1494705848416886786
1494453841819013121
1494427416634314763
1494378301854466056
1494096194867507200
1494075240401588233
1494020320092635147
1493979117527646217
1493758200939700224
1493669703549661185
1493660200770883593
1493597157634490371
1493395754014199808
1493383183173312512
1493368454996500483
1493367230943436800
1493277015079796740
1493268723083497475
1492967565672337410
1492888686484197376
1492549511264231440
1492538124681023491
1492227916196950021
1491914123919171584
1491898521485815817
1491864751554576390
1491813780849840129
1491773470539198470
