1534588012033712131
1534572114027630593
1534546970555076608
1534278480938029061
1534258779063300098
1533930307690405895
1533804115049979904
1533164329515814917
1533130751323029504
1532481632002887684
1532382848430362625
1532038511603351552
1532002658806116353
1531370896736280576
1531259612405678080
1530567844492103680
1530268625583628291
1529834416939446272
1529499948156428288
1529487830048727040
1529475779830157312
1529176053083668485
1529172026149175298
1529085391625719809
1528374023410929670
1528057550180073474
1527767425286029315
1527740929347571719
1527659879116185601
1527638863958753280
1527336567840202772
1527327293260976128
1527324830538018816
1527003833678942208
1526975841116250118
1526970652200140805
1526688971417440257
1526641118842179585
1526559710912172033
1526313254351511552
1526195704649195520
1525845662482440192
1525258421297156097
1525213518575943682
1525160160313868290
1525151386115137536
1525127755301539841
1525114308274728961
1525106089842421760
1525057914381160450
1524837097466642432
1524498623966420996
1524417706199592961
1524401234031034374
1524384495708872704
1524074010312691715
1524074008521674752
1524048613512462336
1524043286259904515
1523710183683551232
1523289091332313088
1522660185617096705
1522603234942201856
1522564103440683009
1522307210780499970
1522285037730861056
1522210720921890816
1521925647127486466
1521919891141496833
1521898897702068224
1521866233041367042
1521562908890644486
1521547361620832256
1521299077991964675
1521206696995082240
1521138910398722048
1520840543311474689
1520777345950494721
1520540213084315648
1520486475627966464
1520436624898805760
1520375614536097795
1519766156546134017
1519756826081959937
1519699205186482178
1519695577843441664
1519436875777384452
1519380885384085504
1519371819303718923
1519358577613455360
1519340853445246977
1519087237899722754
1519066876613120000
1519036429812342784
1519032761377513476
1518706701435875344
1518622820170969088
1518584894837960710
1518284011159883777
1517891841059917826
1517505282892570625
1517238882093383681
1517207606384906241
1517169629000515584
1517152355745103873
1516894035394416643
1516881210131288064
1516842865888047106
1516832252851806208
1516819262547107850
1516516553948373002
1516494953387638791
1516456396178571271
1516456393318014977
1516432426972688388
1516413171996807190
1516043378290536450
1515683694710857737
1515084798611578886
1515019170072735744
1514946500723359746
1514697138827112455
1514683659227484177
1514647227687448578
1514630757746188288
1514280622998577165
1514271007808315392
1514237313605320706
1514208369074130948
1513893828645765123
1513638294109753360
1513632863467487241
1513537307038654470
1513501957578801160
1513163364507209730
1512849184302546945
1512448394962288640
1512393550993965069
1512373420255760385
1512135863643394053
1511845737990168585
1511792439568351234
1511771616723746820
1511732327558352900
1511701398416678914
1511331624608276498
1511327811700760581
1511132883724947462
1511086578608885761
1511062338480267268
1511045961761628161
1511028335157157904
1510993474535006213
1510957685147111425
1510669659338690562
1510455511912747009
1510320945239572485
1510270717748723718
1509960781961601028
1509956385274052612
1509934103864487940
1509570721315528704
1509562223429132292
1509512251266457604
1509280476946653214
1509245038508785664
1509244295081037830
1509206192320569347
1508931405425872898
1508927968072056832
1508906268261556227
1508831939570147337
1508501384521469956
1508473194436509700
1508470136860299265
1508228274706690049
1508141593123033094
1508135595197018114
1508122960539930630
1507760046222065672
1507728958594428937
1507690693069787140
1507434328002867200
1507419060132540417
1507418646921957381
1507328858613338127
1507149685559078922
1507149209044144134
1507132079296770054
1507096933646704644
1507061395514437636
1507021613975359489
1506762553048899590
1506742552170536960
1506715483646701577
1506656812031954944
1506325363802181644
1506254121908813827
1506005916981899266
1505990368428531715
1505942091465216010
1505874890389393411
1505874889189777415
1505732502945779714
1505157911877722116
1505010934179373056
1504934055158157315
1504931930051162118
1504827404086358022
1504827300533129220
1504569273682956292
1504546671644004352
1504511501964611592
1504508419335667716
1504465829370417153
1504439717277884418
1504421796019412993
1504175484170559488
1504137534108057609
1504136986717794305
1504089915906314249
1504084541367017476
1504081591450152965
1503807184391618564
1503784650573074432
1503766325277167626
1503742034040995843
1503729984799707141
1503407152081342464
1503401723343347717
1503052891585716227
1502825717356191745
1502791040415240193
1502710307071967236
1502413301782880259
1502361096312795139
1502307786419486727
1502302675995701248
1502302674238193664
1502007672324952077
1501958340829597705
1501955604193189890
1501940631303692290
1501683700970528769
1501635287868391426
1501624986850979841
1501607581009256450
1501577813677199362
1501371012851580937
1501364840954273794
1501356929494523907
1501350243404767238
1501304944552398851
1501280562866270211
1501250968322777097
1501212968129867786
1500965661958455296
1500913195783012352
1500888342522732548
1500857697352224773
1500838854592499713
1500793854928297993
1500569657513758720
1500489953335287809
1500250446811865090
1500167242327146502
1500111901023522823
1499850543946215424
1499845680172617729
1499807835508592646
1499776559582007298
1499462973521289218
1499462493688709126
1499452593654968321
1499434456981114886
1499433532275449860
1499433444870602753
1499433229983657989
1499429605664514051
1499425430868307968
1499404850844549121
1499388138753560577
1499217944009711616
1499108204961271809
1499085490720546819
1499070259445342212
1499028390296305664
1498864368137682948
1498858252666388481
1498858251257065472
1498858248866353152
1498854182207561735
1498852653752897538
1498851117421182978
1498849906202755074
1498849387115593729
1498846766711590913
1498844622428286981
1498781194447642626
1498773965875126281
1498746798739005442
1498737099092148226
1498722599181901829
1498708866279870469
1498706885645672448
1498688081486131209
1498667093042110469
1498664670915346448
1498474118454419457
1498359407016652807
1498340046302236675
1498334425901412357
1498018840441147396
1497964038642442248
1497928961078308864
1497575416986542085
1497562358696267784
1497399945636241413
1497323374783119362
1497323106305724416
1497310118253375496
1497238140297388034
1496934534604070918
1496925931033800708
1496880592721526788
1496876407452020737
1496851998012059651
1496691214975967236
1496537339388116995
1496506310900260867
1496489827893657601
1496258554570936325
1496193940504158209
1496174226650320903
1496150858769305600
1495770801110462473
1494678422978764806
1494389478357667844
1494375076715765760
1494336812147347458
1494046177616183300
1494046174420119554
1494017949774004227
1493643302687674373
1493640006551937024
1493345820191637513
1493320439451602944
1493308768653914112
1492995624467324931
1492945574353682432
1492932225943355397
1492878375312146437
1492523227486244872
1492183595997409282
1492163101633953798
1491811155148525573
1491783388180758528
1491776653348986889
1491764360078938114
