1534678256959512576
1534651772735717376
1534594616703467523
1534558247142707200
1534558180662992896
1533937250341466115
1533547408965222402
1533117400052289537
1532777578611679232
1532777577240113154
1532488256574701568
1532052915354882048
1531322366210387968
1531322365144993793
1531322363794423808
1529248285613080576
1529248284161851392
1529188583357161476
1528830548977885184
1528456227956604930
1528075448634298370
1527669475641810946
1527439096620146688
1527439095072448525
1527399624494956547
1526683487956176896
1526668536323661824
1526243933889740802
1525890527958339587
1525523540686131201
1525226363464077313
1525226361614368768
1524858158883151872
1524842493551988753
1524783518311669765
1524510790677630980
1524510786021994496
1524454760300089345
1524407582282104834
1523774495303286786
1523774493818523648
1523739004755087360
1523364817825894402
1523364816265814016
1523331086599671808
1523331085245067264
1523065243903082497
1523007267913838592
1522586849671364609
1522353580598046720
1522351385798483968
1521637019000184833
1521636962481979393
1521636874678374400
1521597641859153922
1521535273452150784
1521320868940505088
1521320867615195137
1521320866113630208
1521320864679137280
1521157302249832450
1520479764976394242
1520105323947864064
1519767156090621954
1519744068640722946
1519679059856441349
1519360857016348672
1519354451198365698
1519017776714862592
1518319298204389376
1518319295792664579
1518304881873932290
1518304880246595585
1517606433805635585
1517606431998242816
1517230369593978880
1516855719420702722
1516569078877462529
1515787859009044480
1515426592410898432
1515113027024031745
1515064486889238531
1512167431166435338
1512167429627068419
1511836820664987656
1511836814478356480
1511757196136222722
1511365667802472452
1511002140101259265
1510680547269480452
1510350237386297353
1510278415403913218
1509976183613624325
1509976181340315652
1509718660721557509
1509690451632304137
1509654285008707587
1509645934979956751
1509571214926397443
1509571213429035009
1509287592356982790
1508871261589487631
1508555886935040006
1508134827870072837
1507774851393761285
1507457975748894731
1507158382884667398
1507045809774280705
1506780903460290560
1506778509196369920
1506760352889024529
1506421512353558528
1506403049081815047
1506337912803282954
1506263944805167108
1506055500328312836
1506032177238388736
1506032176013393929
1506032174507728904
1506013064130445314
1505575377917427717
1505209898459709454
1505209896236691463
1504531714609197061
1503872534600720386
1503872532872667137
1503513878549958657
1503512771987652608
1503512770662260742
1502453614069141510
1502453610143272963
1502086445024038921
1501697573819596800
1501346357776420868
1501346356409114624
1501266948688072706
1500899829324599304
1500899826497638409
1500551057625300994
1500186411840024579
1500186410153820160
1500186408484544512
1500186406169284608
1499856109888225280
1499533543705395207
1499518428968804360
1499419174807998467
1499397085245759499
1499140488397525000
1499140486178783232
1499097984365215750
1499097982708461569
1498849217674153988
1498836528960872452
1498797730075922434
1498331551393845248
1498053063612846080
1498053062698561537
1498053059959660546
1498014401382817810
1497725335978143748
1497725333935583236
1496892293986635785
1496892292703084559
1496892291558084617
1496681410584723459
1496629974433865730
1496248052667097090
1496248049873604608
1493265458493018119
1493265456735662089
1493265455414489094
1492658849588948992
1492591015982772226
1492245574162259975
1492245571981168645
1491908463445872640
1491908462569299968
1491908461336137737
1491873032658472968
