1534668733343473667
1534638555179503616
1534608765944750081
1534585863660879872
1534566267000086536
1534564192891674628
1534552178957893632
1534526364577148931
1534526045071753217
1534332502168506378
1534243008354344960
1534235383839563777
1534229648082616322
1534204882315616263
1534179627727568898
1534174205922746370
1534144854317584386
1534004267836637184
1533985029440806912
1533916115251957761
1533822143787581440
1533785560438956034
1533779378466955264
1532869473979486209
1532857369507549184
1532791031594369028
1532781105371299841
1532765515600510977
1532755887970037763
1532740553087000576
1532740025594568704
1532740024327974912
1532740022973104129
1532740021492514817
1532740020292952065
1532740018950885376
1532740017365327875
1532740016186830849
1532740014920056832
1532740013615611904
1532740012294430726
1532740011031990272
1532740007995359234
1532676876250058752
1532503293599023109
1532498559517577236
1532474364301565967
1532469116069634060
1532432920270491674
1532423415356858370
1532422613733101569
1532415629348724741
1532402934067056645
1532392009574522881
1532387574941114368
1532387338172698624
1532387263581134852
1532383946310397953
1532378780337061889
1532375795926192128
1532371975758172161
1532135265384468482
1532094291316772864
1532046881664253953
1532044659773657089
1532029877507002371
1532021340944883712
1531999205706846210
1531998629573103620
1531978222770044933
1531811813909843972
1531804489681883136
1531764659908489216
1531703579718868992
1531689325389389826
1531684570151940096
1531671741713506305
1531667336821985280
1531665504376705033
1531635956113195009
1531449439054880769
1531418169100886019
1531337709297491969
1531325948334948355
1531314663392268289
1531275347060219907
1530861084537659392
1530587618832007168
1530546237937696770
1530524761683546112
1530503946120450049
1530324136781877249
1530309239088025605
1530308362063290373
1530307589745041408
1530299123135660033
1530297491178012673
1530259969332940800
1530203868839264257
1530175758945099776
1530151860681703425
1529902176587456517
1529876455148109830
1529847192441307138
1529847126754316297
1529583822676844544
1529265250943610880
1529181524087779331
1529174753226985477
1529114059190194177
1529091412444192769
1528923206123413505
1528829230250921985
1528785120152395779
1528760165562040321
1528749086857371651
1528721675210170368
1527753611232653315
1527738417869688832
1527737242692747264
1527730730901864448
1527706081660657664
1527487244528934912
1527460731268091913
1527419582062940187
1527377806090727424
1527359341350703112
1527341944388853760
1527340894898118656
1527329702100467714
1527325394059546624
1527297305627738112
1527092435020656640
1527086934283231232
1527085994108928002
1527070958527336448
1527063668722225152
1527057665330929664
1527038163859947522
1527022485811732491
1527004194103775240
1527001574492471297
1526996382212665345
1526996092801409026
1526991102343004160
1526987982867251202
1526985120598659072
1526983480739082241
1526979862992412672
1526958741958152193
1526948152493875200
1526939684835930112
1526920340764561412
1526918160963850240
1526611308656861186
1526563258110558211
1526322047059640327
1526309102141456385
1526273544811839489
1526261813477793792
1526235068804517888
1525275495503364096
1525254540060131331
1525251946168434688
1525244645122392066
1525244165650513921
1525173434619240448
1525127752147423232
1525125734200664065
1525116355082653696
1525090654350712835
1524928667322818571
1524918499398778894
1524865249270190081
1524841848484745218
1524829383730642944
1524825878932373505
1524807342528798725
1524796548294619144
1524788040274694144
1524772038732353539
1524756250860437505
1524729912371863552
1524700376477442048
1524604844899770369
1524580325506101248
1524573838440288257
1524573140675874822
1524549865799364609
1524533055926452225
1524484859435143171
1524460395502751744
1524454708907327491
1524438357467713537
1524403693981941760
1524391019189616640
1524385496457261056
1524375572029259781
1524367120162865153
1524214627109941248
1524214625193050112
1524120138475515904
1524106597244579840
1524094888907784192
1524044058062204928
1524032830237466627
1524011296059973634
1523966404298514433
1523846135932203012
1523828733999816704
1523739143960145921
1523713445312741376
1523709721374760960
1523691384099979264
1523680951100125184
1523661146032861189
1523659265785081856
1522721859887902721
1522672267766996993
1522665830672183296
1522644118748475393
1522633519247339521
1522608417126457350
1522589421580791810
1522581216301625344
1522578658745069570
1522393719336538116
1522268188397998081
1522251248975626240
1522212175800160256
1522035128805072896
1521981072132964352
1521933905678544896
1521910295563800576
1521875977625874436
1521872981445775361
1521867086158606338
1521859586273288193
1521591193695662081
1521563117951594502
1521534674807443458
1521506464115875843
1521494065799380993
1521489073394921476
1521314296239693824
1521311255360942080
1521310003503718401
1521309015975858177
1521308615105257475
1521306895927156737
1521301477347758081
1521281684439769092
1521268675629752321
1521224544031326208
1521187581618229249
1521184684239118339
1521171027484631040
1521158942595952644
1521128592243150848
1521125103823687681
1520527485687017478
1520499232192479238
1520144639692623875
1520104650539732992
1520062354435805185
1520062017708740609
1520061983034335232
1520049576023146497
1520039992525004800
1519857976366018560
1519839060029808643
1519777915088609281
1519749468941336578
1519721206412365825
1519706601652989953
1519682070422953985
1519489586652717057
1519476794042245121
1519433078388805634
1519427097697128451
1519419305716338688
1519365506687512581
1519348169842335744
1519147477508796418
1519130218023329793
1519123425897418753
1519090480058974208
1519069931903631360
1519023916689371136
1519015439988412420
1518980301011267584
1518951046411952129
1518733082173521922
1518686354493816833
1518678741647507456
1518664434079744004
1518642187315077120
1518623524835012608
1518584230040719365
1518373555435675650
1517842630897553409
1517547287421063168
1517540020571279361
1517529566432182281
1517497809150390273
1517317525348003841
1517229195058892810
1517168793247784961
1516932859755384837
1516833920075112463
1516792103447273478
1516764342246682634
1516764240983601160
1516763394594029574
1516582900589809664
1516518755525926922
1516466963811291137
1516452700942123009
1516425600524767236
1516408776219406349
1516259485580464128
1516256543137832960
1516195168122245127
1516186703366606850
1516185187700379651
1516167907599912979
1516114280495697930
1516109760592060425
1516101119562465287
1516078978263666696
1516062224791527424
1515705626428592131
1515036597695266816
1514737437607669765
1514718122074427395
1514694291167268874
1514670304647385090
1514655734474153987
1514640834481766407
1514617203512864769
1514602519128784898
1514288255101022220
1514271952998912004
1514267813904621569
1514262362466959368
1514249817165340677
1514226562505314313
1513996895693287426
1513965196397666308
1513950517013225486
1513908383941808131
1513859438414897152
1513653750082248718
1513589147977539584
1513555532992466944
1512544096241557510
1512491282945527816
1512408122719191041
1512407253718081543
1512200209341849600
1512186416029130756
1512186414317854724
1512158191039270923
1512140734656356361
1512123052095594500
1512112161614704645
1512096528839626769
1511915818321432580
1511892110647173123
1511850876499107845
1511812209046872070
1511749425537945603
1511723272261537798
1511697839142973440
1511687666936557572
1511458225102729224
1511432066877071362
1511423763736412160
1511415435203424260
1511407618669096960
1511350499500568581
1511342235576582153
1511334755207372803
1511009868081209355
1510986214442209291
1510972894301597698
1510634426564325379
1510634351251365901
1510315780780478475
1510294374890020866
1510082344908169216
1510066259483770883
1510058225906987010
1510004981100859395
1509994002187235330
1509977063729647623
1509960448149438470
1509951034998853643
1509929906741862406
1509918243913355264
1509910587282796551
1509893402351054857
1509846578353393668
1509724475104890881
1509692261252182017
1509624936029200384
1509537376435122181
1509283558308958211
1509234231423156233
1509227530556952588
1509214751015981060
1509212190208925703
1509209805315002370
1509194315196776450
1509187402862059520
1509181442689048577
1509173722439110660
1508899579563061256
1508891129504321546
1508857790076530695
1508829075049263107
1508822060444889090
1508798876400201731
1508575205920321539
1508522224428453889
1508516501652967424
1508491320595304448
1508470480960995338
1508456244230643715
1507905845933359105
1507809698938032129
1507804156412768264
1507466081870487557
1507452521371086849
1507426656268562432
1507424779984384005
1507393159751479301
1507360924826484738
1507357969192792075
1507141383311835147
1507078979764817924
1507025858967576591
1507013876134518784
1507007051356012548
1506990698981175301
1506941573002579970
1506940470278213637
1506782322850414601
1506747821235617796
1506747467332833287
1506656952159510539
1506648823787147265
1506635222678396930
1506633838247788558
1506632785754304524
1506627202053509127
1506365655028842496
1506356653750468617
1506340281536425989
1506315731411124237
1506299676915482626
1506284554092531714
1506268888891379718
1506027436399599627
1505988075985547265
1505976003478409220
1505926518043824133
1505913687692951553
1505897832989048832
1505684854104539137
1505143962033700869
1504928742254206976
1504903950788608004
1504903948683067396
1504855960824823813
1504842063044612096
1504589799759523843
1504563063269343236
1504505339630211078
1504481315868987393
1504474889670914052
1504459222704173056
1504186274969759752
1504171159755046912
1504116275974479873
1504109672290304002
1504101608598167554
1504031722458996736
1503855823012909060
1503835824726712322
1503793142256082949
1503764225965047809
1503743294337134609
1503729700996268032
1503521741800456195
1503487788091641865
1503481076102176769
1503471284163956743
1503398333334839301
1503387784400318465
1503364461616324611
1502704193697685505
1502431421801144322
1502414667913781252
1502394059431759874
1502365474394411010
1502335910473605121
1502310119803076614
1502049896437854213
1502041803591241728
1502030433130848261
1502030431721566209
1501984195622678532
1501974539361738753
1501957105238032386
1501937485315674119
1501925568513781761
1501925411365830657
1501768588193157120
1501762813857042440
1501725829390348288
1501707000257736704
1501680955307798533
1501674754339753994
1501618665233563652
1501572092944392205
1501563799073087490
1501393662290321410
1501303606242430976
1501281268926922764
1501255226048880649
1501230712338681860
1501221899166273540
1501214558697963531
1500976961627299845
1500948288069115906
1500928042260381696
1500896893861310470
1500878437933846540
1500875908797894660
1500859035918217217
1500858521113485318
1500838235278356483
1500571545680465923
1500570872016478213
1499897758630752263
1499865060092620800
1499860682606583814
1499852678926639105
1499830273688621061
1499817390858805256
1499801630669250564
1499788546642784260
1499779860323000321
1499502293389131785
1499466880209371140
1499452286581489671
1499420343483744257
1499387442163597315
1499142034971635713
1499123724360069126
1499108681794916352
1499077572612739078
1499076756942241793
1499054912478588930
1499044691001683973
1498860549513396227
1498860514583228419
1498860343606530052
1498856278877257736
1498840743787573251
1498837977786687497
1498805207601397762
1498765591053803523
1498762836172066816
1498729338316931072
1498706514458157058
1498665642605654029
1498665342889074697
1498438527574585347
1498377982615994370
1498366504768835594
1498303514845528069
1497360644034764805
1497358853142454286
1497344890056835072
1497318788278198281
1497300224582295568
1497289172125687813
1497288107720421382
1497284985467793410
1497280830569385990
1497041113412255745
1497036902226178070
1496997524825120778
1496961162776399874
1496960448226332676
1496956428556423175
1496946218819272705
1496942248520527873
1496922406325215232
1496705416163729411
1496703616962420741
1496503576214052867
1496498649286811654
1496494717005185024
1496308769315332101
1496250840927059974
1496232607440326668
1496207716540461058
1496206655247241221
1496169065475457033
1496168758225903646
1496144222155681795
1495781618291720193
1495750501798924291
1495132464242733061
1494778256616263690
1494776494421331970
1494771734750318592
1494771733320056835
1494771731743055876
1494766010305556485
1494749138654801929
1494724057958428675
1494706500450897922
1494697907659882499
1494508637405990918
1494408005722509321
1494406998540046341
1494393513068355593
1494389757320835076
1494358737146060805
1494320281787240449
1494319031444287489
1494109343872073734
1494102645937774593
1494088727475494920
1494052606754365446
1494010431664492544
1493997634343907332
1493983394497273857
1493970186545909766
1493742223057461250
1493730763325382659
1493709046561800194
1493666259023638534
1493622525196128257
1493622173415747591
1493618888759783439
1493432467646304256
1493393742446968835
1493328222368542725
1493295331207000069
1493280052842270720
1493269189829791745
1493255202585120773
1493235486336458753
1493227375928258567
1492939028768989189
1492931405810122758
1492716828493291523
1492666650436554754
1492597961733414922
1492529302587461632
1492529288708509699
1492482610483933184
1492243717276811267
1492241910106361856
1492228502535426049
1492199842889801737
1492159219079991303
1492143847257907203
1491922571108958210
1491882731705442315
1491845063982432274
1491840292932276226
1491819883545432068
1491814750778441728
1491796075656531978
1491772900356988929
1491582006605529091
1491565384159404033
