1534686285541126145
1534547502283751425
1534293494222753793
1534254172937256961
1534203573004738561
1534187234097758210
1533893761490735106
1533841800808615937
1533803394787250177
1532786945339686912
1532775657767321605
1532707421348474882
1532483970960613376
1532453749834125313
1532438181517348915
1532410497735303169
1532398282995007488
1532089852682031106
1532076067770363904
1531994222210916352
1531753349665652736
1531692232100630528
1531400654354366466
1531275737612685313
1531274976623579136
1530906303417069569
1530275172661579777
1530228398626332672
1529933721830313984
1529554753008586752
1529512116411056129
1529469304802103299
1529214757575729152
1529144088502706176
1528862721906982912
1528811479553687555
1528737518526640128
1527730184312569856
1527344132993081344
1527336742356803608
1527312034760491008
1527283508980359170
1527050809481039879
1527034872014983171
1526934549040619521
1526641521885384705
1526627913310814209
1526221405343326210
1526192664747687937
1525587001172537345
1525576119726006280
1525467718350249984
1524871732544282624
1524806027778088960
1524799061315969025
1524553880121626624
1524501493608550400
1524485645095350277
1524423987136286720
1524419804832096257
1524173386066374658
1524116579214147584
1524086006076657664
1524028187126251525
1523798140134080512
1523766543888580608
1523765883864481792
1523749657935245313
1523655203916066823
1523316961643429889
1522669937004883970
1522664021283028992
1522651723269087233
1522647814072848385
1522600687850377223
1522308798932733955
1522270275835990016
1522230445970178048
1522225963613962240
1521943700435312641
1521917470734528515
1521885180419584002
1521852069568782336
1521672597511057409
1521581167367139332
1521544074356011012
1521506693032693760
1521501471044509699
1521495709727477762
1521488325193969664
1521331021723144194
1521309809026478081
1521309782686285828
1521297678897922049
1521234243543867392
1521174355853647873
1521153752857817090
1521134837775667204
1520509934907101185
1520127849881083908
1520057219051659265
1519773333675462658
1519769976449773572
1519759261806518274
1519747193850241025
1519735309717721088
1519732214019366912
1519711755085271041
1519665736427479040
1519467336494948352
1519417767895654402
1519032595488649217
1519011517915615232
1518995918489534464
1518988312660348928
1518984186874507264
1518980312570679297
1518951565226299392
1518941983535996929
1518676134711472129
1518643846875332611
1518636803238072320
1518631082240921602
1518621681086083073
1518366483256119297
1517580246018674697
1517544749724573696
1517486124423208960
1516876198789459971
1516806526052323329
1516507668965437441
1516441464254910472
1516408281425719304
1516165434353008649
1516092528726089731
1516084492733145092
1516079520759099400
1516065380665798656
1516065102100848650
1516064393397780481
1516046187257810951
1515143971839877132
1515007015784960004
1514993036165582848
1514985068422385670
1514704996952166409
1514695223535878146
1514642278194855938
1514394642762117130
1514326131859759120
1514295583225544704
1514280834185969672
1514269593518358528
1513930414997577730
1513898027886555139
1513584913928364048
1513574318525063171
1513546174724194306
1512493791516807177
1512131464942563336
1512130782567051278
1512130730591145991
1511773459013120007
1511729031519121409
1511728491192107017
1511402928044658700
1511397833915740164
1511342393957797893
1511333148797415430
1511320691735470082
1511101511878819850
1511082732142665731
1511029328959709185
1511019780114989058
1510984515367448582
1509990002289254401
1509935557580935179
1509925488965435399
1509921345878081543
1509920834474885124
1509905550410231815
1509868977786441771
1509864064910036997
1509655462802825220
1509642289366417421
1509585348841689097
1509565258792419332
1509530912228212741
1509524195625025547
1509516360509972491
1509268285593952263
1509234752284512268
1509229025197281289
1509205562587762688
1508910599589306371
1508858795551772680
1508827677213532160
1508822675405389830
1508582533964787718
1508513040110608390
1508488009133572100
1508468665494212612
1508427378866937856
1507418711115792384
1507404461890850818
1507091248468869132
1507068750490705926
1507032259655839744
1507020494649839616
1506735680319336452
1506707702499717127
1506692520008429571
1506692460080246784
1506632752229142528
1506367124847181827
1506343614678507527
1506343044899119106
1506046699755782149
1505993096542179341
1505989537536819206
1505938070507511821
1504914438910091265
1504892885497491460
1504891393747173382
1504871068619714561
1504833829609029640
1504541939965825026
1504512416595558402
1504450472849068034
1504215269429891082
1504202795636953089
1504175000097636361
1504155350970380300
1504095540337946627
1504094292377325574
1503848127618551828
1503825654785228803
1503816422249705473
1503784181163253766
1503764642283278339
1503743568174792711
1503442863308390400
1503442783457222663
1503419674364715015
1503415045623099393
1503406582847184910
1502390281462812682
1502372792058224645
1502356899391549451
1502352116727353345
1502325366102319110
1502320710122938372
1502306099504025606
1502047218878103558
1502019641262100486
1501980052753461255
1501943977477435404
1501764572218277891
1501674955230126084
1501673627967758349
1501668419170668545
1501654987104997384
1501309863728754701
1501303327719669766
1501212887800549383
1501209006345490443
1501201711989415943
1501196538474909699
1500944696104865793
1500933570818449410
1500878275719139334
1500872663312609282
1499780897595432960
1499762429429002243
1499488209146892290
1499471414814035973
1499431619047964674
1499018988378071046
1498859546554601479
1498858497206853632
1498855926262026252
1498855653972090884
1498855454860054534
1498855334538055680
1498854831066337282
1498854805250445314
1498854664816705537
1498853698059091968
1498853000131092480
1498852908124758021
1498852857533145088
1498852446549991428
1498852110267469827
1498851832415801347
1498851205602328583
1498850979416092682
1498850546773630977
1498849931020451844
1498848957555957760
1498848901373300742
1498848472740548615
1498848004471730176
1498847476350169095
1498847012791406597
1498846884458385412
1498846420551540744
1498845986319441926
1498845828999438337
1498844867962748932
1498844606540226560
1498774990606508034
1498406648095944705
1498332998252515328
1497313869336879112
1497226588726992906
1497224231674855442
1497022378697707521
1496543902932910082
1496533204567740422
1496533171768279046
1496241132350676993
1496193067354832897
1496188722102116354
1494734805308690438
1494731294722428934
1494715391439998985
1494713219981713416
1494386147660808192
1494060911597862913
1494037354075627525
1493998658655825931
1493702983627984897
1493683114597625862
1493682446617006086
1493609391781826563
1493329446006403073
1493294554996301824
1493279110013018112
1493274634313207809
1492229681902505990
1492176210083860482
1492174304380960770
1492144643764539395
1491947531886120960
1491877859920601091
1491846476099727365
1491838949672820742
1491814305288888322
