1534599285634899969
1534597732245045248
1534568969667059712
1534561023881011202
1534232883308679169
1533871152648622087
1533869014941827072
1532717645694377984
1532716664298606598
1532189527762149376
1531681196215881730
1531293487714402306
1531227672474435591
1530621285692321792
1530183445086982146
1529979820595154945
1529263977540341767
1529120604770783232
1529115407025676289
1529110634905980930
1529097715799425027
1529097684023484418
1529092629291491330
1528798683969495040
1528751959376805894
1527802460978434054
1527295577410744320
1527000079298662401
1526957232633659397
1526710241370546179
1525516472134553601
1524914083258040327
1524872227988070403
1524828108209127424
1524791538814967809
1524767752552079361
1524545475835277320
1524545419887452161
1524536767495421952
1524533282498560001
1524533221186314240
1524508313676877824
1524163271615471616
1524154453766639616
1524032754421321729
1524011970541891586
1523838948451229701
1523816768678023176
1523722473971195904
1523364551302934528
1523011456555360256
1522660768969375744
1522567220957794305
1522423102180843521
1522357572166201348
1522254982728368136
1521969223433601026
1521969068017864704
1521557916238688259
1521502527417638913
1521129054207938562
1520905905222688771
1520134988225724419
1520095774503231490
1520095748951584769
1520061817887862787
1520043029557616641
1519707172032106499
1519707147977822208
1519690374402486272
1519675512100167685
1519411887087173634
1519040565714825219
1518680571886641152
1518680561799282689
1517510641610805248
1516545232019595268
1516544918000488449
1516544778762137602
1516544687691214861
1516500606470529031
1516500249950441480
1516495368233668614
1516474817180061703
1516420224467320843
1516065886834155530
1515648000093306885
1515078146407780352
1514978760021454850
1514355514620141570
1514305927486349320
1514237951802281984
1514036721050165253
1513975160038170628
1513899421112676363
1513878435554287620
1513633125686984710
1513606582692720643
1513524029587697670
1512589463037349890
1512477928218669056
1512424422392705029
1512194106986057734
1512167642974539776
1512098488791748618
1512068667957080086
1511827572413419532
1511808448123523072
1511765186918719489
1511736629781843973
1511727750607945728
1511512122185900032
1511487406821855237
1511465663742816260
1511427538794553349
1511364880162603012
1511024875980398605
1510250679729897475
1509701742266617860
1509636897882132492
1509635002237169673
1509589977176449029
1509551755771748353
1509535861733478410
1509529555702206467
1509529529047392264
1509338385999183877
1509338245389242372
1509269031341248518
1509250231019491335
1509247617338949645
1509246319591931908
1509179054062252040
1509178751669710853
1509162639192174598
1509001471647522824
1508859427054657536
1508574824502808584
1508503595053944840
1508209272458465288
1507317599734050819
1507122069712130050
1506760693286154252
1505986579105566730
1505986564182183943
1505955502370566148
1505949098242891782
1505272514964037647
1505003625093136384
1504962849797513216
1504938435433349120
1504879088766435328
1504571457896165391
1504567822432808960
1504564635109933057
1504563271201959936
1504517268511862786
1504469708438835207
1504196285586411530
1504119843167084544
1503797550121422855
1503557772943761410
1503513159616933888
1502379989295058949
1502358197721522178
1502115153021739009
1501985647191543812
1501957466048933891
1501625950131339266
1501576593583624202
1501572952126783497
1501328691309297664
1501280353553682433
1501280156488323072
1501270726409654286
1501255149695770631
1501255053578936324
1501237831649406986
1501207971128397835
1500998994885029888
1500959202478546953
1500929882364293122
1500911133376532485
1500911111805321216
1500911006041751560
1499835601608130560
1499821626292064258
1499772551966470155
1499772349385777157
1499536954274336770
1499517442221088769
1499433542643855368
1499416385662988295
1499402765898027009
1499182665660080129
1499175433539096577
1499110225223327747
1499100980067115019
1498873880231952389
1498866610563690496
1498859516091379719
1498855736134311941
1498855443296403460
1498849001151635459
1498847559242199048
1498819715279597572
1498807013521960962
1498806480698589186
1498780103261700096
1498779587999846404
1498760460228833286
1498728926893465606
1498702326932062215
1498368942154428416
1497688884611801092
1497348721528430596
1497305041845297153
1497295967523016704
1497275129268744201
1497245618825306158
1497232764181127183
1496936756729434112
1496896260552335388
1496274004025516032
1496244062806061057
1496182050499735553
1496140336560852996
1494777223517282317
1494676714248720384
1494344773695594497
1494344744616538112
1494308836185985027
1494033810132025351
1493771568001945606
1493771506362589184
1493703068499812354
1493664094242672642
1493652986547118080
1493592886218264578
1493592328845549575
1493592238756139009
1493592195487748111
1493592155297923083
1493421739338047491
1493343432688951296
1493343402443825152
1493343307300327425
1493331694463684617
1493270732838686723
1493269313792401409
1493269130862120966
1492994002412621825
1492572067551657986
1492556870795542534
1492235488983490564
1492231760616333313
1491958760625037354
1491894930771435526
1491894784339886080
1491889579514896385
1491800216118333441
1491785163059044353
