1534679702832525312
1534679696025296896
1534665280407887874
1534648966272327680
1534620288436027394
1534595143214538755
1534543271518773250
1534372140505391105
1534354529071898631
1534331876105629696
1534256378159587328
1534220891432931328
1534138235097595906
1533992140811816960
1533977036972122117
1533931739692683265
1533886446699880449
1533851692202172416
1533673162994499584
1533673161744605187
1533673160675033088
1533673159601311744
1533673158544326657
1533673157399289857
1533137772453711875
1533117081499193344
1533116859096125442
1532923000659517440
1532922999317331969
1532900278936248320
1532900277531168768
1532880134063235072
1532880132846788608
1532849026365890560
1532849025199886337
1532811479119978497
1532811477853392901
1532778284991369217
1532778283678547969
1532753981428080641
1532579088074162176
1532579085691629569
1532421798871986176
1532364670211969025
1532165104631828480
1532104705836388352
1532031186708602882
1531817812125069313
1531688311458340868
1531669352562544640
1531480533896728577
1531308535887368193
1531067759513284608
1530958141269188608
1530566523760386048
1530284530497617920
1530273627324792832
1530188446655995904
1529990775907536900
1529933600342392845
1529873958228598784
1529643484025655299
1529628390176837634
1529552888170655744
1529537793659219970
1529507591721828352
1529471099251134464
1529268722292215810
1529229749977235457
1529143606946177024
1528903271997485057
1528796484640071680
1528559652782342144
1528444705469505539
1528193970802765825
1528166173325545475
1528104090185744391
1528067571840389120
1528003145640599560
1527831545829920769
1527801343993270272
1527771151711232001
1527756047275814914
1527726988861087749
1527454061909495831
1527438965128605696
1527393098912890881
1527340809904803857
1527303483682000899
1527131231837634560
1527119640345952256
1527114319258861570
1527099219135307776
1527084119997313025
1527031274845753347
1527023722414059520
1527008621829169152
1526993522318098434
1526981842066366464
1526759914726727680
1526751932110368768
1526744384573566978
1526719855122071553
1526714187979816962
1526683991050526720
1526646234425004033
1526633293151715330
1526410309816270848
1526381993272913921
1526328523908161537
1526322486819926016
1526251061882781697
1525933793294655488
1525890793180889091
1525889239618990081
1525690169260744706
1525689100086427648
1525675329003700224
1525655491640283137
1525341400799268865
1525341133546594304
1525234432583475200
1525189140437819394
1525174036262572033
1525143844928512003
1524944259769581570
1524944257521418240
1524917164209233920
1524902248798736406
1524874302402748416
1524874301077340163
1524849395857907712
1524834295717634048
1524820123462291458
1524819527162372104
1524789204785500161
1524740921518088192
1524524755532992512
1524509654109376513
1524471906778247168
1524457204295811072
1524222038340157440
1524211626135756801
1524192417703993344
1524177468793438208
1524163267614191617
1524132586540441607
1524094419208654852
1524075330956320775
1523845279413420035
1523830178320846849
1523824179409301509
1523820413083652096
1523787963720945665
1523378198385504258
1523330134744444929
1523041120196116480
1522983261969989632
1522687786356195328
1522659966489931778
1522643163881611264
1522365528915947521
1522338446097932289
1522323102381789184
1522312677711912963
1522297579459035138
1522277366155911169
1522033340894748673
1522028784827969539
1522003139662123020
1521953809039339520
1521953807726526466
1521953806313050116
1521953805151129602
1521910612841930753
1521681821318189056
1521658577215180800
1521650640484773888
1521625657712721921
1521610559212429314
1521597258831212546
1521310022659190786
1521308564836417536
1521285912906244096
1521172673107222531
1520931080274165760
1520841822456668161
1520795186351288322
1520628238334119936
1520587636208979971
1520553588791005184
1520473299616157696
1520191201185464321
1520100601828462592
1520070411781754880
1520040203779510272
1519859009901273088
1519843920418684928
1519813552181288966
1519813518803013632
1519813484598501377
1519813427375620096
1519798617317421056
1519783517076574208
1519768998954602505
1519708092782583809
1519678383923286016
1519533358664933377
1519480388669820929
1519467860938334208
1519466483415457793
1519451328669532161
1519436269721432064
1519426499312562176
1519413576754106369
1519397349881257988
1519134236426444800
1519126635894779906
1519119140161785861
1519104039304286209
1519073843624570880
1519051188829831173
1518768071464394752
1518741648544567297
1518704651734069253
1518411423831015427
1518333474217807872
1518285594207608832
1518040323536179200
1517993953957666821
1517943389949464576
1517692234098823168
1517679313650397184
1517654488839909376
1517639385986043907
1517341462752542722
1517311937209581568
1517282256317988864
1517282254443229184
1517242139087974406
1516942805742071809
1516896740649041921
1516861511469350919
1516842785394941953
1516532843479851008
1516497881016025094
1516490708856750088
1516490593983160334
1516188610030194701
1516157368773582859
1516112070248484868
1516089402753269762
1515847021869076485
1515774848303251467
1515714450396954625
1515502582269026308
1515430753282240518
1515366658595979264
1515115503882149889
1515066178800029700
1515051054911660035
1515035476565975042
1515005192105771012
1514768215251075073
1514760059762487299
1514760056725807106
1514738016354504710
1514722942105571335
1514564372097601537
1514448051217260546
1514415641993826305
1514403059409039361
1514392997286146052
1514381120447655939
1514015506671583233
1513973478654840832
1513943280051896322
1513913073869881345
1513710114771025920
1513681350309527555
1513646826297040900
1513601276256342018
1513556067191508993
1513226248423710732
1513175698344718344
1512920154186866693
1512859641767768066
1512577278638800898
1512561676041654272
1512531225524649990
1512472157900615683
1512253572959850498
1512200798112989188
1512169592340295691
1512158935888896002
1512139896873312259
1512109834430201861
1511855774502248448
1511846019587211269
1511836770752684033
1511795125143453705
1511734539701342209
1511509996319780868
1511480714616836104
1511479797750255618
1511449095097004034
1511418644328116227
1511412757412954114
1511383405837045760
1511382453138636809
1511374657647169544
1511144588391591938
1511135780219011074
1511114137644015623
1511083938713948164
1511053700462170120
1510972962408570882
1510829858376466436
1510716267786821639
1510625669230694405
1510400156360925189
1510369004640215048
1510365202822270978
1510323175967522816
1510310305280126978
1510290963641638937
1510274215496372231
1510274214670045190
1510259507175301128
1510006300175785986
1509964134284247049
1509942729404469257
1509937500759990279
1509921618411331587
1509920134491783171
1509670625941626889
1509648228404269060
1509640930378203138
1509596890123362304
1509566439681843201
1509540275726680064
1509527322633945089
1509304468474527746
1509289462060224513
1509265227061334023
1509257906520137728
1509251523645255685
1509212356345143300
1509208384263929866
1509208380837089294
1509197421326200834
1508962208012636162
1508944303682322434
1508930751340892163
1508901558532157442
1508862803100139520
1508621211785261058
1508556865306869773
1508187363234570245
1508163444700233728
1508138883577380866
1507898498733146117
1507862461503791108
1507771030206656521
1507770958840578053
1507555850147164165
1507496657461694466
1507496298748039170
1507466100140916736
1507435901701406722
1507420801766768646
1507400267704283143
1507390295012433928
1507159076697948160
1507143977350299680
1507128877814067203
1507112520254779394
1507082320985018376
1507076092435345423
1507052122050859013
1507023181546094600
1507008333626019843
1506747078436745218
1506744540295688200
1506744315107704832
1506719522333544454
1506699803421335556
1506469977439846406
1506448855189008384
1506346474807963651
1506316517188665347
1506316113482723328
1506302511837155333
1506079722995736578
1506077183114039300
1506013417563250691
1505984839710695429
1505975895281967113
1505747219621691392
1505663211986595842
1505398345090576386
1505019876393451524
1504956060871716864
1504947252632170508
1504931901462700032
1504916900194791425
1504624693038395397
1504578573591474176
1504534281665728513
1504508315082055680
1504267730471452672
1504265250966806528
1504257841758019587
1504224000406216707
1504194021215940609
1504163840719785988
1504132323268247561
1504132321976500228
1504132320437149698
1504132318881263616
1503854804396765184
1503837635348901890
1503828380067770370
1503806989138284545
1503773658535268355
1503492416711512065
1503479166561243139
1503447118203170816
1503425915312824320
1502815513461735424
1502785257044590596
1502744652604182528
1502420352688926720
1502393928053448705
1502385181134503936
1502358699221811201
1502335836494471176
1502122659231928322
1502053937893060634
1502023488365760526
1501992030003597328
1501970567045464065
1501770203159732225
1501770108624113667
1501770031587278854
1501769941489491971
1501769866700808196
1501769775973871616
1501767175304105987
1501767073575358467
1501766974946353152
1501652291388116994
1501635673962565638
1501596438123405316
1501397284600356867
1501297956397404175
1501255174534348802
1501247495661314049
1500944376935059457
1500897820341116928
1500862220783259656
1500861716032278532
1500554557922832386
1500516686444646401
1500224422208278528
1500209473285234690
1500140958012391424
1500140957089607683
1500140955781013505
1499893703728500736
1499846015381344260
1499845881822162950
1499845829540077570
1499833128529154054
1499830355024613386
1499608999389319168
1499530445943459840
1499529073030316034
1499499858352173118
1499467143192195078
1499449024407031818
1499439237430755335
1499439175925481473
1499439038624903170
1499216613714792452
1499185285355098112
1499150054602330113
1499142005556920324
1499135135635099657
1498862529216274438
1498862395392806914
1498862321061404673
1498861322456363009
1498861264709160960
1498861180470714374
1498859250742874114
1498857306657808386
1498850243437375496
1498849394535243781
1498846445931094019
1498844238951301120
1498840716339920898
1498804188641386499
1498804186942742534
1498777095828385798
1498764980694495243
1498764926457839618
1498762045369552904
1498762043373015041
1498460244430700544
1498416469599686658
1498415897106530306
1498395582230151171
1498384877791682566
1498373939575332866
1498344650855362567
1498343652787208192
1498343571342209035
1498047800130433025
1498001988260225027
1497683389087813634
1497669718001528837
1497634230695706626
1497633757125242882
1497617977470033925
1497358088222900224
1497310431559380993
1497283647321387008
1497283646025355272
1497219845154385923
1497069824916160513
1496988309448388608
1496955605906432000
1496940601727754252
1496937327460945930
1496934554388647944
1496920118697381899
1496708018427371528
1496708017433333766
1496708016477032450
1496666235169243137
1496665089620938752
1496621139845693444
1496597394288353280
1496579364418473989
1496545807411068928
1496545642440630273
1496344748277252096
1496258500904714244
1496236905498873856
1496204007253196814
1496203815116316672
1496173793382916097
1496173791558438922
1496173789473910785
1495808291112648704
1495235355657715713
1495207608457773063
1495180668367634434
1495131467352920064
1495109203563663360
1494825306690969600
1494771703339106304
1494754790403985411
1494754723957776391
1494754682014773256
1494735943181475852
1494735697554587651
1494735643842392068
1494535846480863232
1494525554745241602
1494525507580293121
1494523611662589954
1494449467499724800
1494439920160555021
1494435029925040130
1494402521049317387
1494367273880072195
1494367272349143041
1494367270667235338
1494365464658690051
1494221819590504448
1494070332126375936
1494046172591243264
1494029743485816834
1493985628911898626
1493979576292323328
1493977218187505666
1493686552874008579
1493646539511660548
1493638985519976449
1493388750017105920
1493334085393162242
1493329023484645377
1493314720740294666
1493286287503151113
1493000784409026562
1492568708019011587
1492353754816864259
1492311787840192518
1492311089924620289
1492260908898283521
1492220140401963011
1492218933675540481
1492188212562907139
1492187804130062341
1491953885384114176
1491923147284791316
1491909739642507265
1491883421752336386
1491839916074016771
1491588981863157766
