1534664166635720710
1534631367530762243
1534609666893807617
1534524508559790081
1534304335269617664
1534277671013711872
1534236663588741120
1534169525536673797
1533977039962882049
1533961940506230786
1533922011273211910
1533906465882312706
1533886472574705664
1533493859073810437
1533161670435954688
1533125908571242497
1532804866564825088
1532789931105468416
1532760349329465345
1532460734738751510
1532446221939486720
1532379572024623104
1532176804877828096
1532115027515293697
1532090248708120578
1532081756039532546
1532073594268041216
1532039114857627651
1532018925751488513
1531823442399485953
1531755293033365504
1531735580203171840
1531703832325066754
1531669663016534017
1531295133039198214
1530309971526750209
1530309720103321607
1530289808622370817
1530242428950544385
1530228320197042179
1529930448796884992
1529930268315901952
1529912715942187026
1529884173699362824
1529588006268567553
1529558375335346182
1529542370676686851
1529534744350031872
1529534741443117058
1529227415406292992
1529168778654785545
1529143043999383554
1529124522011533313
1528814097822896129
1527809564078317569
1527706260459515905
1527704993175810048
1527704982471856130
1527682060210515968
1527089080491683842
1527074042254987264
1527048553553661955
1527000950493282309
1526969309251215361
1526952528289550336
1526945873506078725
1526723318283239424
1526683313942892544
1526639864732692483
1526627183065763842
1526606746394820608
1526369462290501632
1526359016422531072
1526304650818822145
1526220429609914368
1525996044710027264
1525664966027595778
1525630768663363585
1525537174896013312
1525268739645505536
1525248781306019840
1525136440820060163
1524841248527372307
1524816707721875457
1524508379711954944
1524491632078376967
1524480078956146688
1524439941782069248
1524428568075325440
1524389499576455169
1524205124956323840
1524146415991238661
1524093978454503424
1524077240346152961
1523782498622521344
1523775079129427968
1523748087067414529
1523331898029707265
1522726532795576321
1522720365805506566
1522697831781445632
1522697828488912897
1522697824634347522
1522697820997926912
1522697816728289280
1522697813028589569
1522697811883610112
1522671648129830914
1522650307930562561
1522649879948013570
1522285968182677507
1522212885295816704
1521972943307345920
1521953333409427456
1521939040613851139
1521920092539396096
1521909017894866944
1521897945381048321
1521874909017915393
1521584437049413638
1521514480026497024
1521495523328503811
1521488863314825216
1521341316013117441
1521248898303545352
1521231709928370177
1521187767782420482
1521158463828672512
1521152190483775491
1521152132749180928
1520888971835944960
1520575666290311170
1520155219199512577
1520115710181220354
1520112717603950594
1520091976711999489
1520070411777679360
1520059255390359552
1519763624549654535
1519753315252412417
1519708015288496128
1519705101514027009
1519670318369021952
1519476142146736128
1519421392126627841
1519415323639832578
1519401273157685258
1519380810708750336
1519303580582395905
1519068070010097664
1519020175336615942
1519016420780224513
1518981577212153856
1518955956067053568
1518756710965465094
1518733034857635846
1518716720017547265
1518699970727194627
1518666254655143938
1518639259028180992
1518612184896528391
1518409221104099328
1517591333145395201
1517552896820322307
1517319303372152833
1517239639433744385
1517191328207155200
1517145411269521410
1516899763207254023
1516849465222733827
1516811184397328387
1516795740353441796
1516601058239430658
1516544228498808838
1516543396193742852
1516511666837598215
1516495094345572355
1516463684293386246
1516176727294287875
1516160242559729664
1516160238797438981
1516160232292069384
1516135575014809616
1516062964670996489
1515793007861239814
1515117086053384199
1515040478323953666
1514733231484117006
1514724365937565705
1514724362334707715
1514724357402152963
1514693024336470016
1514638912777592832
1514341723656400906
1514318846240374789
1513947885674577930
1513633209078239234
1512459819571101698
1512423156451094529
1512184674348580875
1512167075904634886
1512150719318605827
1512133458872700939
1512085122933088260
1512076845566464002
1511885948312772608
1511854442018185219
1511762623049699330
1511726706951958539
1511701004592447496
1511694707230855168
1511493671417487364
1511442143201660930
1511418538564665350
1511360816485969922
1511053107060518925
1510419560889040896
1509982430840590339
1509964620726951936
1509910708137476108
1509902993663176707
1509896884328050696
1509875429922029570
1509856464613085184
1509721401816662016
1509651114538508289
1509637045114875911
1509630491426791437
1509625634011729928
1509622632194453512
1509622518826606598
1509622381748396039
1509622092416831501
1509621589733691398
1509621537560797189
1509621482284109836
1509621379553009677
1509605541781417999
1509605094408470534
1509604655998939140
1509604609962266643
1509604499845005317
1509604452910735372
1509604437748289537
1509604370794614801
1509604349428785156
1509596019645984770
1509595654443700231
1509595327631958021
1509594267165016065
1509593441558269955
1509592970315681807
1509592805907304449
1509592719580086279
1509592641561841667
1509592286686027780
1509592223419187208
1509592174907871241
1509591514468474889
1509591512207740932
1509568359536410633
1509551153905872904
1509542335528505354
1509493208287375363
1509357450369056772
1509237544231313411
1509191331645636616
1509190906301276165
1509180203339325442
1509175812909637632
1508978087337369606
1508926967776694278
1508884894012821504
1508574781607665672
1508556838241026049
1508433190830104584
1507790929746403334
1507430867978776580
1507411534112301059
1507366899159609393
1507132953628925961
1507032493026910210
1507024964200898566
1507016180900368392
1506713862980222979
1506706499913105419
1506697955318939651
1506327075287973888
1506282182276489217
1506268630564192256
1506019072471093250
1506002191533936664
1504862171829833729
1504842294951821354
1504827060954537987
1504625341733773318
1504625269570777092
1504625092894076932
1504560231245885455
1504550073082028036
1504528099182092290
1504527205963030538
1504526295669121029
1504525792478474247
1504525520624570369
1504524264350826504
1504524244994113537
1504524230876139530
1504524223015968777
1504524212362309633
1504524169039560705
1504524160428564482
1504524136562966531
1504524121484500993
1504524096662654981
1504523854265335811
1504508200124616707
1504508159402160131
1504507943168921602
1504111586641911811
1503744972692111365
1502311924616343558
1502298754652717059
1502017048314007552
1502001879491956745
1501996931563851779
1501996929164759045
1501996923586326533
1501996917840089095
1501996912127483907
1501996906372808712
1501996900681228301
1501996894825979908
1501996889495031819
1501996883375501317
1501996877968982023
1501996875582427154
1501677428535668744
1501677336562917384
1501669397085237250
1501662638736093197
1501659697367109635
1501618471196676098
1501585597047128067
1501578126819737604
1501406935190577153
1501333054459105281
1501298987462184967
1501242006185598976
1501009545845428230
1500947290269306880
1500947288088326144
1499880382694580224
1499791552478121991
1499752326881751040
1499485328125665287
1499405979363983365
1499390675711926272
1499108838263476231
1499108793686364166
1499053306227965957
1499035221970333703
1499035171684864003
1498862524153876483
1498860908017242113
1498858032033411079
1498857639706509322
1498857182716207105
1498856372787720197
1498856028124987404
1498855245169975299
1498853071149051904
1498851936036171781
1498851721803714561
1498850441513291776
1498849459685543940
1498848015825747974
1498847219306446852
1498843620253831168
1498840935626682368
1498828343289991176
1498780367737659392
1498722873250398211
1498710843525144577
1498465943672008705
1498464965841362945
1498415382184579072
1498330936890515469
1498325148759384072
1498010978423877632
1497306429744562180
1497259109577629703
1497259108130598912
1496999630986530822
1496962123221585920
1496717139948064768
1496648252216774659
1496580566019448837
1496540435770224645
1496540434960719879
1496211003712942083
1494421598379692032
1494402948281122819
1494402946704060416
1494402943147286537
1494049815021473798
1494028829295321095
1493994834897477634
1493978636571095048
1493709231953960961
1493668957584343047
1493663611922878464
1493343294364999685
1492213050123952134
1491917723273773071
1491865622275403786
1491818331908841473
1491802485207359489
