1534282461299056641
1533434699669987328
1529562731552116742
1529148491716603905
1528848192359616512
1527030975032709122
1527020690922262528
1526274927841660932
1526195086337384449
1525551913462382594
1524400931110010880
1524022602817228800
1523744118232403969
1521535826471141377
1519783236041326594
1519028400421232640
1517561027336015873
1515695187753852930
1514356578639613966
1513897462234333184
1511059566238257153
1509235779083636748
1509218993269260299
1508851309469970434
1508821999212244996
1508480589661450244
1507005927689314316
1505145193137422339
1504486027506843649
1503927815313534978
1503821997066928132
1503445566721822721
1503420209218076674
1501917541974880258
1501712413409820679
1501684305554198529
1501278241608318980
1501238973523533824
1501218596562907144
1500206036745084935
1499889003331559432
1499837425035759618
1499507524495679494
1499453973539041282
1499433290935193605
1499053022432923654
1498883731830054912
1498779943844655106
1498762567308750861
1498752852314972165
1498710401818710021
1498416929056436236
1497704957373517832
1497322871785500684
1497317833700696064
1496984490031427584
1496887693116162053
1496887381819105285
1496663524113895428
1496663358656950280
1496483299828838401
1496265141612122114
1495855778456125442
1494349704297173002
1493689271953276936
1492320767568224257
