1534649600853913600
1534649599549394944
1534620408166621185
1534599710467674115
1534577247352410115
1534577245339148296
1534262115879555072
1532863326488625152
1532863324962009089
1532863322273353728
1532863321145126912
1532780557351809024
1532780554017378305
1532780552192860160
1532448939487531008
1532132160810823680
1532132159309217792
1532132157887352833
1532132154997583872
1531351531211005952
1531351529533296640
1529228571843125248
1529228570379403271
1529228569049694209
1528400385731330049
1528400380048117760
1528047182842056706
1528047180308676610
1528047172599570433
1528047161539190784
1527422118002147346
1527405516351324160
1527405512979099650
1527392165927784449
1527130115842375680
1527130114844155904
1527130113506164737
1527050849712754788
1527028214719184901
1527028213704278016
1527028212538265600
1527017907779149824
1527017906630017025
1527004104257593345
1526994119435997192
1526699652183121921
1526699650903842817
1526655479635656704
1526569938328203268
1525286617405079555
1525224367604568064
1525224366539214852
1525224365268271104
1525175576788598785
1525153630537531397
1525153629145022464
1524896476744359937
1524896474357813250
1524844979255922714
1524844977825665045
1524844975753678866
1524814936937046024
1524518849240084480
1524518847281340416
1524492408855089153
1524492407676588032
1524492406502088705
1524492405285736448
1524492403503415296
1524436893710102529
1524414340291514368
1524408946072641538
1524408944680181761
1524210639106887681
1524210638226079746
1524210636724609024
1524187767378432001
1523743747065876480
1523743745711099905
1523743744406986752
1523743743072907264
1523743741005398016
1523319336970170369
1522690074474864640
1522690067113861130
1522654933522259976
1522654925678956545
1521979634346246146
1521940911575420929
1521903509482139649
1521547068992626688
1521319837246574592
1521276710813147136
1521276700709072896
1521235340744404993
1521235339402174464
1521214635164278789
1520202073392009221
1520202072087482369
1520202070678282241
1520202068044173316
1520202063837380608
1520163223579856897
1520163215728066561
1520163207914082304
1520163200913879041
1520163194752413698
1519410633615319042
1519410632440832001
1519410631207788549
1519410629890777088
1519397143013961733
1519366235603050498
1519366234470559746
1519366233304571905
1519366228900552710
1519061074150055936
1519061062997491713
1518739076114894848
1518739069282398208
1518683770253025280
1518683763768582144
1518683757435244544
1518683750371979264
1518677613094465536
1518618057798651905
1518618046922780672
1517693364518285312
1517656993997025280
1517656984773795840
1516934714182946818
1516934711712436224
1516885813245583360
1516885804265598976
1516885795428208640
1516502966475247616
1516502965221175300
1516502963820236802
1516473217711415300
1516473216507678720
1516473215001841665
1516459242466820108
1516459172283310081
1516123092472385538
1515730985966452744
1515137906842632193
1515118288438583296
1515118282398855170
1515118273322315777
1515118266858975235
1514725475687432198
1514260480033914881
1514260478695931908
1514207712409579523
1512567596662591488
1512567595576217615
1512567594569678848
1512567593546227716
1512567591751061511
1512192094923804674
1512134937620664323
1512134936492445697
1512134933778735114
1512118445730582532
1512118442861678594
1512118402504179715
1512118400503451651
1512118370488967171
1512085748110950406
1512085743786770432
1512058706279682048
1511864006767792139
1511841968850149380
1511841967629557769
1511841965968666633
1511771413144911887
1511762066901766154
1511762065622552583
1511756769760055300
1511465343172157441
1511465342169751559
1511465340429082627
1511112966854348801
1510042629467222023
1510042626694815762
1510042625507790851
1510042624291397633
1510042622945112066
1510042620185169924
1509933130983088143
1509929031252254738
1509907701081456654
1509686978056441858
1509652049729933313
1509652048203206657
1509605679631421440
1509605675017641986
1509605669640495104
1509605665819570183
1509582629225570313
1509582623462637571
1509582621986205713
1509535022079950854
1509535015369064457
1509535012143734793
1509535009086091266
1509303467806015488
1509248096215179278
1509194549972938753
1508946470480883712
1508928436877803526
1508928435741151244
1508928434541674517
1508928433522454530
1508928432150921227
1508867234390757378
1508867233447088130
1508867232192995332
1508589244859752450
1508589241286246412
1507374029719498758
1507137998009167896
1507137996855734298
1507137994804719660
1507137993563205635
1507137992212639765
1507064324031860745
1507064322479906816
1506757018580754432
1506757017129549825
1506737188523765761
1506720615100653569
1506675133053820938
1506401490776121347
1506323084571078656
1506001739954106370
1504570211281911816
1504570209046249482
1504549080390934533
1504549077656162313
1504549076511211521
1504219622823895044
1504219490904678400
1504187499199049736
1504187497986854919
1504171686811389952
1504171685796323332
1504171684764557324
1504171683170725896
1504165040265613315
1503859585496535046
1503847932063272964
1503847930834391048
1503525322926571525
1503525321827618817
1503525320825225216
1503525318690230276
1503472576101859335
1503472574315081729
1503472573111275523
1502388307031990281
1502329594233376771
1502329593247719429
1502329592220168197
1502329590978592779
1502298200614613003
1502298199406620683
1502030716447637507
1501995372264185859
1501995371114942466
1501965123686174725
1501965121807081472
1501669731505524738
1501669730415177730
1501669728162570248
1501621664953556992
1501621663829532672
1501621662806167556
1501621661606596612
1501621660121714695
1501593089919623171
1501568233568149510
1501333683948556300
1501333682514190336
1501304617992286212
1501304611885486080
1501304600665608193
1500981331228037121
1500981329781010434
1500966392861970436
1499913997772013572
1499892690204381185
1499879064043200519
1499879063019737091
1499879061396639745
1499784262517678085
1499767463134875652
1499551892468289536
1499541325443735552
1499509760126763012
1499477389490933773
1499466819702345730
1499443172954488832
1499443171759169549
1499418544550916097
1499418541203857411
1499244096816308228
1499174906348675073
1499174650269609984
1499168718429073410
1499106628930523136
1499106626485338114
1498884228188151810
1498884227202535424
1498884225969364992
1498884224933376004
1498884223918387203
1498884222655868928
1498849251333480449
1498848961276297216
1498848487311650823
1498847429168349187
1498846448473067520
1498844436935188480
1498843895148523524
1498839766036631552
1498831869852459014
1498789682825601026
1498789676320239620
1498704530590031877
1498704529512181762
1498704527935037442
1498699098337251332
1498699097074769920
1498463011505377281
1498457337958440965
1498457335584497667
1498451768161746945
1498451766643417091
1498451763413856258
1498451758426865669
1498451751262900232
1498451749434277888
1498411752186433546
1498399854518755340
1498352403447533571
1498352400893161480
1497303461573980160
1497303459975995394
1496964301768179712
1496964300774076417
1496964299683622931
1496964298622464030
1496660621525401601
1494406492371435525
1494353655826456584
1494353653544759297
1494118193836793863
1494118192133947395
1494118187696279556
1493683721458831365
1493613027647795200
1493298275050569732
1493271073571446784
1493271071793070086
1493060710561165314
1492607123607506950
1491856814387965953
1491856812173406208
1491564198425419776
