1534682785608343553
1534659290300129282
1534614190320754688
1534592526602076160
1534528720131825665
1534327524435673088
1534253083814928384
1534235726899978240
1534167878391431172
1533956584031797248
1533902219883560961
1533881004187852801
1532805555043041284
1532780598959427584
1532718900672069633
1532465368039579670
1532441980055302145
1532421884083589121
1532119218212175873
1532095654507515905
1532072443955015681
1532029399532544003
1531707221620494336
1531673893227962372
1531631677851766784
1531436579188793344
1531339574974287872
1531289223843745792
1530269439849123840
1530237996691234816
1529917698179747871
1529879907593076736
1529879905374281728
1529825969581592582
1529562956110909441
1529533549237395457
1529207950706884610
1529179439137013761
1529154964391698432
1529089224678719493
1528819223040036868
1528795339599355904
1528456151985270784
1528058760421335040
1527713134038945792
1527675374427164673
1527382607633207296
1527375494416478208
1527354248756809729
1527057526386307084
1527013282611179522
1526986253606047746
1526922494413836288
1526709200537235457
1526689332312129540
1526654663101145088
1526624980028596225
1526605486560272384
1526308011815444488
1526281454031888385
1526260081800749058
1525216101881225222
1525188198737104897
1525173077780439040
1525146630919528451
1524845118775250959
1524817743974916096
1524800512104742917
1524760393402535938
1524491838148812800
1524480033787629570
1524456293779521536
1524413563514888194
1524397324969156608
1524188662417793025
1524156289101799424
1524135905707110408
1524030225646071809
1523775202995630080
1523767285839953920
1523682031569281024
1523682027563720704
1523322695999311872
1522960047181123586
1522646870568415233
1522592018530242561
1522344371538087936
1522314132984598530
1522300462774595585
1522300454331469824
1522240524777926657
1521959359227609095
1521935883313815554
1521923619764453377
1521906644283797504
1521600507554504710
1521577386831134721
1521518152424771591
1521310850845454337
1521231866136866816
1521207564096184322
1521198603418624002
1521121117544624130
1520846254275805190
1520130136372387841
1520099980161208320
1520081858746363912
1520024120393711617
1519783863647711232
1519723777281728513
1519700690158997505
1519411934755491841
1519393987353849859
1519376982353588225
1519343877957857281
1519316681759379459
1519091593768321025
1519037140889448448
1519011029988122626
1518990491345428481
1518947970653335552
1518775118004117505
1518711435810983936
1518584423037509634
1517654611997478916
1517654599930421249
1517610422135926792
1517571983545978881
1517538438047838213
1517497146785861633
1517275424673435649
1517232701484453889
1516923270435594240
1516903863529480192
1516862219199332357
1516810034184916996
1516788989964992515
1516540693916884995
1516521669413654529
1516499855006486535
1516441798553616386
1516140511781953538
1516109066657013771
1516090964653359107
1515704591702179845
1515056886776795152
1515020963787776000
1514996493505155072
1514938594628182016
1514662069626417164
1514629025213390857
1514604981478776841
1514375336842215424
1514365753318903812
1514333597112668168
1514252475359969282
1514009818582990849
1513963743868243972
1513943692901560328
1513895600470872070
1513612350137511937
1513590458513035275
1513552831588020230
1513488625606004743
1512522054557474822
1512494672794554368
1512443452885241861
1512211183654289408
1512178082253352964
1512138723986747401
1512117550766858243
1512104657300111368
1512054762929274880
1511859412838854665
1511761509441024003
1511724244002082831
1511695833519079427
1511437654633885697
1511395265944694795
1511364571252019206
1511350054262616065
1511343044959875072
1511117695915335683
1511075320920694789
1511046338145832965
1511017517904506883
1510980727525019655
1510267509555007492
1509990097445396483
1509977765084291077
1509917013765988375
1509650762304995335
1509611975667773441
1509592877193641990
1509569210695004167
1509550570012647435
1509525576809394176
1509262615205269510
1509246351049359362
1509235562187796480
1509157542890455041
1508926122012160006
1508912834347941898
1508872008859324417
1508792455579197445
1508558699962454022
1508537541930229765
1507800630458392579
1507440354433372180
1507414180114038787
1507405427935379460
1507097184210075671
1507056722677944328
1506739451082403842
1506706574705762307
1506694879094599685
1506411932286291969
1506350001634492418
1506313470563676161
1506090071077785601
1506029375111589893
1505998683359354887
1505987554931200002
1505918511197024256
1504904058234101765
1504880419560472577
1504841985458425858
1504610538805944323
1504544785889169413
1504517381032402944
1504494960871096321
1504482067286949896
1504463426621476869
1504192877915746306
1504169578628276229
1504147816557555720
1504140834933022720
1504096302094766083
1503810126007914499
1503775210180386817
1503752565242146820
1503539986607529986
1503463603038470149
1503420476814671878
1503377579906150400
1502503735863529473
1502374531805110276
1502363634508382213
1502315886522343425
1502053488389500949
1502003036004274181
1501974710959153152
1501970466084470788
1501766036181463048
1501751296554061825
1501714631517163520
1501562442215739396
1501325563725815811
1501301496775852032
1501277568615399426
1501222539208663043
1500956842083733507
1500947519966269449
1500915005541265413
1500892393297559566
1500842256869298176
1500831369005568004
1500185265385750535
1499748923459747843
1499515470726242305
1499502109485682703
1499481894383239169
1499393791794417666
1499191603289808901
1499109612850757635
1499088819559227399
1499082483211591687
1499056936096047108
1499034877664059397
1498858363169517575
1498855318809419780
1498854393722114051
1498853016761417734
1498851848345825280
1498850205772488709
1498849219213410310
1498847305855873030
1498846395385667587
1498845487960571905
1498843788374155270
1498836724868427781
1498768993997447180
1498755827104157696
1498727449043030021
1498647824761823234
1498477991755763724
1498401639715254274
1498391219222810633
1498325499445223424
1497326186074095616
1497258120401375232
1496945818477072392
1496945816732409857
1496537848778047496
1496501594317332480
1496239923728457728
1496206585772843018
1496161103897899015
1495930155751153669
1495852090173923330
1494707490453401600
1494449196321157123
1494414434416173057
1494406940281212935
1494337776266870788
1494107702934523907
1494038852411052035
1494013251063095299
1494008142455259145
1493987465383841796
1493953843394228224
1493953531484778499
1493721139893391370
1493690670195822599
1493657958500163587
1493627415817502720
1493420640828899329
1493352863904550915
1493301044826316806
1493278545405165573
1493261631366873091
1492226741112385539
1492226740189552650
1492226739329773575
1492226737115127814
1492142092625358854
1491931664167145475
1491901480718282758
1491836250994655236
1491792465493323784
