1533940242138509314
1533940240951480320
1533940239538049024
1533876485890744322
1532928009543589888
1532928006796222464
1532428236856119301
1532126740629409793
1532126738762825731
1532126734522503168
1532000056152317953
1531740215924215815
1531289134433722369
1530207031617101824
1529884608589963264
1529507805836754946
1529507803907375109
1529507802393239552
1528801848735543299
1528162046017163266
1527805894930595840
1527805888718942208
1527757467366694912
1527757465839980546
1527753793550573570
1527736160839249920
1527680395424194561
1527675162568564743
1527294451005071361
1527032632411930628
1527023004701667330
1527023003481022468
1527023002197573632
1527023000973119488
1527022998485712902
1527022997277655040
1527022995377635328
1526971478540943360
1526971477039497223
1526947564725075968
1526927196090257412
1526663311592509440
1526613860202971136
1526342066665562118
1526271007241256962
1526271002589659137
1526270993135718401
1526270985648873473
1526236734001926146
1526236732697477120
1526236731367882752
1526236730017435648
1526226878096367623
1525218737250615296
1525218735837020161
1525192803797590021
1525192802329559041
1524876551447273492
1524849898507718656
1524849892090429441
1524849885325017094
1524838914543996932
1524821299331219456
1524451686466605058
1524451683148996608
1524434004094726144
1524068876941672450
1524039308252008453
1523687631816916997
1522594658492243969
1521959896421474308
1521949212879036420
1521876213752598534
1521573352007249922
1521527397249691648
1521220603260416004
1521134089054605312
1520099666955808768
1520076664536977412
1520076654621691906
1520056435094265858
1520040840630001664
1519817975406252032
1519789212907851776
1519753497356419072
1519685745103015942
1519452308161056770
1519368227750662150
1519368226555277315
1519368224487391233
1519368220095959048
1519330500887957505
1519033240941649921
1518993803906064384
1518607152889442304
1518593809927524352
1517211701275508740
1516778173169647616
1516457850364702724
1516392235843129344
1516092457565499393
1515860269452382211
1515051078273937413
1515016402759036939
1514951614892761091
1514661200260435971
1514642634509275137
1514253917932208128
1513977548581085185
1513622088778661900
1513558197214359561
1513541959046123526
1513536434929606670
1512482839782203393
1512187937743642628
1512066412268847114
1511786142785486851
1511384962360086541
1511348254008614922
1511348252607721472
1511012456528695298
1509990986080002049
1509933894740549633
1509576692406304780
1509267462130442243
1509229441536479243
1508928293839544323
1508928292568670214
1507458961712234504
1507400360427720707
1507400358913581066
1507377754983235585
1507083969166286853
1507049293751934982
1506742640083185667
1506742637004525570
1506706139467198473
1506374453525110795
1506364361941606406
1506311181463699459
1506018375419535363
1506018374081413120
1505984618415206412
1505949491379281939
1505949489898602497
1505012962045669377
1504868789225197585
1504868787677499404
1504830364908494850
1504560658226061318
1504560657055858691
1504560655956905984
1504560654744760323
1504560653473927169
1504545633310588931
1504543683391238152
1504498011883376648
1504121418895740928
1503840660419485708
1503804031592017922
1503804030379823110
1503750114975883274
1503479408333627400
1503479407142449169
1503479406043541516
1502799173967659013
1502398639712477188
1502398627653767168
1502365278776315907
1502365277073379330
1502334264481828874
1502051104158371841
1502041855059533836
1502041853197230082
1501993520562950144
1501955333534715906
1501955332200873987
1501763611961741318
1501763610229542917
1501699221291999235
1501676172492615687
1501676171238551558
1501655146287271937
1501655144764780549
1501655143137386500
1501647893282889737
1501602782863835142
1501294752448147457
1501294751114579969
1501278445426380800
1501278444235149320
1501227418493026304
1500950876256710658
1500950872754249739
1500931388572319746
1500860910285512707
1500860907504775172
1499859991389429772
1499859990202433544
1499859988394778624
1499859982006763522
1499840231113211916
1499840229804593163
1499840228625891330
1499840226457534468
1499797394724204549
1499797393369452547
1499777049447313416
1499777048189022209
1499486435375788032
1499486431391240209
1499486427243028489
1499458843151159304
1499083312316493829
1499083310978539528
1498839151373955079
1498839149897474053
1498839148672786433
1498810871069515777
1498683050561003538
1498339730404036609
1498313245832196103
1497274662530818056
1496965074010968066
1496715491502702595
1496562445246255106
1496553023342055429
1496553021844738048
1496533907516370950
1496504351950581760
1496504350776176650
1496216580103245826
1496200765249097728
1496174810417803264
1496158819445100547
1496158816500686856
1495904681364983808
1495458230474006539
1495050544917876736
1494766068602224643
1494709946239311878
1494697587370254337
1494697585843519488
1494697583217889281
1494489021657100300
1494467394693210112
1494393493074190339
1494393491241246728
1494379770469097478
1494343183207178240
1494045729026940928
1493687192375414786
1493059371449917448
1492997017534177281
1492238844707627009
1492183777354960897
1491885795023769604
1491850580226187266
1491850579047497728
1491850577617342464
1491805334524022786
