1534279406256066560
1533923721869680640
1533913888248537089
1533913886046490626
1533539487137112066
1533539485895761920
1532457872994582539
1532442698371584000
1532173621510123520
1532094145405255680
1531831898040717312
1531369928070254593
1527764699546361857
1527026071639556097
1525215865960124423
1524491364192432128
1524403310450692097
1524403284903182336
1523700996664270853
1522685967068549121
1522618001354338305
1522328691728162817
1522228912939544576
1522228911437930496
1521543171712462848
1521543170399645697
1521495492936536065
1521495471772078091
1520137614791254027
1519737408253837313
1519737406387273729
1519677208599662592
1518678385681211393
1518678383244238852
1517713700311998466
1517713699091456001
1517520325474406400
1517520315013816320
1517520311461322759
1517520310068817926
1516155841002496003
1516155839278718978
1511075009103597570
1509890942093955077
1509611935494459395
1509542502193377281
1509542500943421446
1509284814951788550
1509284813601218561
1509213568692019210
1509213563151343634
1508572457359265792
1508572455820050449
1507142673274126336
1507142672246611974
1504949605171183616
1504537554061778944
1504233905095913475
1504134767981350920
1503775364656635911
1502001509051027458
1502001507092385793
1501772591786299395
1501772590020448258
1501475184452468736
1501245309527080961
1500928299513569284
1500928298276339724
1496562023341174791
1496562018903629833
1494788843710648325
1494771352087236613
1494771349910396928
1494462138416513026
1494083033854627844
1494064548818599939
1494064547128295433
1493975461273247749
1493975459654254599
1493630737844781057
1493630736229933056
1492250649957969921
1492184501472145408
1492184499819528192
1491822340019265542
1491536885600210946
