1534618028897353733
1534618025223245827
1534606779782508545
1534604100830109696
1534564741720457216
1534193881746747393
1533822840990056448
1532815631145488388
1532484608402640900
1532434481713487872
1532409007608053761
1531715583049449473
1531281384710578180
1530198055609413632
1530185637193736193
1530177560310579201
1529197883752423426
1529138546996543489
1529132542292639745
1529128793637535746
1529086528047271937
1528790727102238723
1527789063113216000
1527717827901329416
1527322774825447425
1527288028502401024
1527273557302071297
1527022367230332929
1526998007316619266
1526908663801200641
1526653009299652612
1526623855984492547
1526549605084717057
1526293091317170176
1526218571591958528
1526218413105872900
1525197439283650562
1525191619233955840
1525191618034388992
1525191615941423107
1524835956544655363
1524826198551011329
1524801164205858817
1524795603775021059
1524780922456924165
1524769434266648578
1524758308770533378
1524491843601371136
1524427128179245056
1524130534946922496
1524076287261917186
1524072412463177728
1524042367162068996
1524040343028654081
1524016436687036419
1523708667345833984
1522655176112357376
1522255523395084290
1521935765567160325
1521904208114552834
1521890437606297606
1521608271211204608
1521533649866444803
1521158921829892096
1521151712316301312
1520181118053535747
1519805205856071683
1519747529881141248
1519698247744434180
1519682089142169600
1519662329918541827
1519342602897797121
1519311005700042755
1519300139747364870
1519299696841351168
1519048209242415105
1518961698362822663
1518675351299366912
1518622131461926913
1518254535751475201
1517569875748827137
1517265477101400071
1516897573436538881
1516895827255513088
1516823714234437634
1516577682376433664
1516501215298809856
1516501081999613954
1516491981521891342
1516251354028601344
1516203687638560768
1516117003219582977
1516039304933478405
1515680284640952321
1514665634705072132
1514645609432719373
1514618943394222080
1514591864099426309
1514285350406995969
1514270222936686593
1514269110007390209
1513889119109324803
1513604756706664448
1513560989593133058
1513560988385042432
1513560984295723010
1512451666557255688
1512146348539322372
1512078135184936990
1512042855338057732
1511842389337518082
1511448437069332488
1511391057120047106
1511374223134150662
1511347968338763778
1511113179362955264
1509906559337443331
1509644911775211522
1509628359118147590
1509602671791067136
1509581865472172037
1509540236744921098
1509211592206041089
1509189810497413131
1509180760430989318
1508869685856673801
1508783792508579848
1508472965779886083
1508444346831421444
1507415175254716426
1507330040463253509
1507023987569741844
1507001466321616896
1506654894010286094
1506616947538022404
1506419654163587079
1506359231666180097
1506352047037337602
1506273138929242123
1506251001937944578
1506025812818108422
1505174752541003778
1505008132812062722
1504839728016900097
1504569605343358979
1504557311846662146
1504488624678739970
1504238776213811212
1504172721986486272
1504095812133044225
1503855846685618182
1503806005414711298
1503513540954660865
1503461265741697024
1503450389533839361
1502401433190154240
1502367436326195205
1502049354298929163
1501998548946231307
1501996716429565954
1501960330385186816
1501900548055961605
1501644540352118784
1501551620848590861
1501344050577772549
1501285618134958080
1501230863090020355
1500938830265868293
1500899600613453830
1500858436136882176
1499863341929570311
1499785207196569600
1499785204914798592
1499737679474446339
1499176510489518081
1499132094869651472
1499042300873383941
1498861120072863746
1498848906251313153
1498827314301390849
1498789479049531397
1498704685179580425
1498463335947411460
1498422090906710017
1498313213045354498
1496935202895114251
1495064603591688208
1494751616079118337
1494704631678709762
1493697161300783122
