1534643938652524544
1534551877655875584
1534546343783546880
1534243952689397760
1534224403483054081
1533926445722001409
1533861600226168832
1533860846048268288
1533860408536317953
1533476351029788673
1532733367619289089
1532375631765327874
1532036561952555008
1531719646910480384
1531670443454779393
1531668025858002945
1531667760924745729
1531281081630085123
1531015859241721856
1530303014459817988
1530166356674498560
1529976170732822529
1529904278546128900
1529897165610528795
1529868565955895297
1529860026067730432
1529782608837726210
1529477714096316420
1529444099501215744
1529240862382776326
1529164773845344256
1529089375690268674
1528829586800357378
1528763999701065731
1528763122936426504
1527271710491287552
1526948289018568704
1526709454741422081
1526641578118373376
1526567255881957378
1526560450367959040
1526534108989599744
1526339267873718273
1526250957402787841
1525543153008263177
1525500101203992576
1525200503633760256
1525163353601150976
1525144468957044738
1525104388192313345
1524863178592731151
1524819437743923201
1524495669968482304
1524403630547288066
1523768016613576704
1523760589381816321
1523682775777562628
1523646494666104834
1522746368498053120
1522336754061225986
1521925294977859586
1521884991931695105
1520838548668223489
1520541826826088449
1519750098200281088
1519671409785589760
1519380291881771009
1519325402115854336
1519307741260656641
1519135068396134401
1518658251675602944
1518598898532683777
1518597903236972545
1517518665159172096
1517499559173402625
1517491494936006661
1517249751464427520
1517243549204557824
1517157275332268033
1517134788800356354
1516884342886346754
1516847163380322306
1516845186390843404
1516777607475380227
1516757924483321857
1516435884941455362
1516412772418007064
1516409001579274241
1516067391675023366
1515427343187288085
1515074345743396865
1514989223383900168
1514630058639597568
1514616260419481606
1514610186693971971
1514267485670973448
1514240467843616771
1513970253092560898
1513910149995499527
1513147796890820613
1512503687436029962
1512472620427579396
1512427303296458752
1512385766655250437
1512262469477093385
1512130220651909130
1512060486304641033
1512054494468755456
1512052366077566977
1511774042218450944
1511752490483658756
1511734406305783811
1511696871181500417
1511454788986327045
1511409255659851782
1511362830133563396
1511355207459954693
1510971777693929474
1510770997246533633
1510031755381727238
1510008176455921664
1509940168916094991
1509877524813299719
1509596024435793930
1509536704482484227
1509247485784608770
1509211662154350592
1509210260543885318
1509161566083731465
1508866228533841926
1508800876282056716
1508130465550675975
1507358534186504193
1506632459223552010
1506351174617808897
1506300408154701833
1505999483611627520
1505992879210172422
1505932255520342016
1505911862000594944
1504828943022628875
1504813711822888977
1504554556813938689
1504543927491301383
1504095177929076738
1504081607447166978
1504078426088611842
1503723354842447878
1502313679085309961
1502020319795724293
1501935068540928009
1501721175583604738
1501623890187067395
1501603238252003330
1501345948538183683
1501297683876790272
1501197726226296833
1500940826448478211
1500891504285470722
1500889340716670992
1500847447102402563
1499739029432147969
1499443058450092034
1499166738503634944
1499077671589928967
1498860294508060677
1498822310446436354
1498736633994256389
1498685887311499275
1498677171019255810
1498376734525251586
1497334692613402629
1497248371232292866
1497243746601246748
1497227387486060545
1497218403152515073
1496882823059415042
1496495082475868163
1496208061865902086
1495813066746781697
1495793506144722948
1494677663885242369
1494481930787688449
1494369464279871493
1494053977293471755
1494040564731420676
1493718994389549058
1493682449553006603
1493677994933637121
1493311786803769350
1493299222954881029
1493249062749057027
1492327522956193796
1492139966973071365
1491883215556067330
1491864417688068105
1491837902694793220
1491801696258838530
1491784472290856960
