1534613414059954176
1534568121238962179
1533948167422726146
1533452009713676291
1532789539378429952
1532468328937160704
1532466668546433024
1532465079572127757
1532363238549213190
1532082489291853827
1532058831525556224
1532025624428175363
1531765557879529475
1531321203511681024
1530266567992279040
1529230832040304645
1528859707909509120
1528513087111938048
1528392562628755456
1528202132754776064
1527801047070257159
1527765237948194816
1527330143231827973
1527010254499766289
1526668407235653633
1526645092399861763
1526334038608424962
1526257569299324928
1525864515849560074
1525607645318721537
1525561039412154369
1525199855592824832
1524840256276680730
1524517205508911104
1524509291096739840
1524490304790872065
1524490303750737921
1524490302488293377
1524196167004921858
1524169220346494977
1524145076720521217
1524088951912505349
1523810415922270208
1523388954199748608
1522977776676003841
1522575572316131328
1522357977474338816
1522342877409406976
1522325953648676871
1522188665472131072
1521960249623822336
1521619558607503370
1521553371240579076
1521519933502459905
1521320024690024449
1521316128483684357
1521259172121174018
1521150470319968264
1521132726404931584
1520142922896785409
1520057059730931714
1520044960652877830
1519730766116274177
1519679393928560641
1519378619499429894
1519315844442042369
1519080282963558402
1518699454890663937
1518260266873589762
1518259860588085250
1517895121043394562
1517895117784457217
1517581943646347266
1517559910241820676
1517293017551577089
1517229391314567169
1517208971412713473
1517203486546538496
1517190832285261825
1517174453289074693
1517174449442902026
1516891467775680517
1516807550208983048
1516583558026080258
1516502642297610244
1516502073600360450
1516221628555964416
1516221617269092357
1516124995608526855
1516124434444206086
1516097277588393998
1515696677923000322
1515126359668015105
1515066056217407494
1515059152313364483
1515059150237192200
1514997448388878350
1514988770159906819
1514963031016488972
1514766950328643591
1514724873255464967
1514675087621959682
1514377028845412355
1514285583518027777
1513944822893236229
1513608395294744584
1512540484190846981
1512188491186290694
1512153716706717697
1512134082481827843
1512119173614391296
1512100514720325632
1512042196471623685
1511811092250603522
1511795629407846401
1511714897415057409
1511510006486781953
1511464873074511877
1511463917045919754
1511401505131274242
1511356046761148419
1511093495334899724
1511093493921374218
1511068590946111489
1511068589842915329
1510970347830525963
1510763913117319171
1510613823841046540
1510323781885177865
1510029106347393024
1509975916830674945
1509894043790159880
1509889562742566918
1509693368573562884
1509666246169608199
1509591547532173315
1509591542255824898
1509530786508247042
1509301411242201092
1509299231693148164
1509277984926093318
1509277979645558790
1509223597390376966
1509171161648832512
1508956123491147778
1508902496516907010
1508897105347239937
1508874498233319429
1508606164459741191
1508512611410788356
1507464935298674690
1507458186558779402
1507400882987667460
1507378341833285638
1507139709146968067
1507052304242982915
1506754464744714254
1506740831193116676
1506730219050262537
1506710304985653257
1506664828017991683
1506403607683473412
1506359011930746884
1506344140195307521
1506344134344331265
1506043573711556617
1506009874224021508
1505954995878957056
1505684909054124032
1505236198838706177
1504948582931210243
1504589664593879044
1504544076984721411
1504505872281710602
1504453965831979020
1504267863665819648
1504224699114348544
1504189778341859342
1504173461710716929
1504173459726905352
1504132638541496323
1504090711871959040
1503855290265083910
1503804628726657025
1503804627187347463
1503516757922828292
1503497834108276736
1503454096413626368
1503420908404363265
1503111263051825152
1502792149330505738
1502746060992749571
1502701812603838470
1502696765048434689
1502418115166146568
1502073067790487555
1501940223432794113
1501940216382177288
1501940207767064581
1501940198963232774
1501768727305592836
1501731691848769537
1501627692269060096
1501243944994234375
1501202067981234176
1501173479667904521
1500987851445518346
1500976237812064266
1500957471267082244
1500919678713094144
1500919673885499395
1500857030529241091
1500525145609453574
1500518601790562306
1500518597541646343
1500158428441890822
1500127366663790592
1499832324506234889
1499526217581699078
1499475443891810312
1499416009253478404
1499191521765175300
1499191520276230146
1498863140167163905
1498859899077472257
1498859282837684226
1498856562311507974
1498855532966428676
1498853109023584259
1498852009688117250
1498849291112259595
1498848948714418185
1498848416763465733
1498846066657136640
1498451458743836673
1498448017556451329
1498128305018519553
1497246392061935621
1497008143863328768
1497008142202322948
1496959317341310983
1496946777785876482
1496565502000381954
1496550957508960256
1496230339613765642
1496149566550331396
1495811707549200384
1495568724400693255
1495476541429624836
1495404107032670210
1494822682067615747
1494787685281681416
1494786510616465411
1494748987093667841
1494738174064701444
1494446596695769090
1494343147106754563
1494057386708983811
1494055210309849102
1494032462992879618
1494026122467676168
1493959180847394817
1493612408996302857
1493376396135223296
1493346548251611140
1493288116001677323
1492530799165509636
1492257299347513346
1492228368548478977
1492208388889104395
1491962028776374273
1491952081594376205
1491886711265234950
1491852888162902018
1491828169661370374
1491817508386615311
1491591037768409088
1491548759137951744
