1534578608311787521
1534557004445908992
1534554865862574081
1534549058039209984
1534548160714002434
1534547388001574912
1534545033709461508
1534230264796282881
1534230119270825984
1533878901948272641
1533878688500043776
1533878230826070019
1533877513675489280
1533876915823681536
1532730726361321474
1532730417719164928
1532730227985727488
1531728584850788353
1531728517104271362
1531728383025074181
1531728189638201345
1531727942920941569
1531272335080275969
1531272072642678784
1531271948583550984
1531271768916344833
1530527126104965123
1530527018173046788
1530526173377224704
1530525468373442560
1530524542107537408
1530162780245991430
1530162591045234689
1530162346865446912
1529934514541281290
1529454837439537152
1529454665062092801
1529454411407364097
1529453822589952000
1529235902131838978
1529235672061693954
1529235342779461633
1528731045947899905
1528730951605428226
1528730650290823168
1528730555398905856
1528730454995746818
1527373314724880384
1527373206297817111
1527373055802359809
1527357063545835527
1527356896839028740
1527038238493483012
1527038069454655492
1526984083401850881
1526983951767818243
1526983646271373313
1526983481955389443
1526704820278677504
1526703707823407109
1526703545596141569
1526609891057704961
1526609799437230083
1526606928192978946
1526058119222239233
1525443897429790720
1525210156052754432
1525209504752799745
1525209246937260035
1524853208191062016
1524853114024738816
1524852731902672898
1524852647613841408
1524795843185979393
1524795727091748870
1524795546497695744
1524446658184024066
1524445949044707328
1524442569119346689
1524442291028570113
1524161375198711808
1524161338905403393
1524161181287690241
1524161080230088704
1524160903150768132
1524011076458885120
1524010612359053312
1524010357781680131
1524010078877147136
1523767836178468864
1523767733736730624
1523767637230034944
1523686330261467139
1523685556240392193
1523099004313251847
1523098893805711360
1523098781889277952
1522671921703362560
1522670660073447424
1522642732866584578
1522623059110383621
1522622777789927425
1522621874055917570
1522216829007003650
1522216718617120770
1522216572567269378
1521893368791502848
1521893285761105922
1521893144807481344
1521893050825510915
1521892953123348480
1521481935918440449
1521481546615640064
1521481073401675776
1521257702726541313
1520384513976815616
1520134644460572676
1519427252802490371
1519427082211762177
1519110890292928512
1518986722914275337
1518986637715378178
1518986084306276354
1518985464082010112
1518951087423770624
1518920064434683906
1518573982882148354
1518572282981097472
1518571498725949440
1518555327687450625
1518334577445642243
1518298971277512709
1518298888096165888
1518298549313843201
1517603451454345217
1517603366582595586
1517603197422129152
1516040625631682560
1516040484032024576
1515729862560030736
1515291254766063616
1515291114647003136
1515063308562452491
1515013070057320453
1515005931872034818
1514613890570543111
1514391417774301200
1514391194461257735
1513873167848255509
1513872772233052170
1513872654528352260
1513872523833786376
1513871625996881931
1513544719221112832
1513248436593778698
1513176465998757892
1512459301604016136
1512459036024786955
1512458776212914191
1512146004430184453
1512145911882915842
1512145221231992843
1511856440172064776
1511852216851869709
1511852100095033349
1511713477035016195
1511712909189070855
1511471778245357573
1511471669101146122
1511471548561043461
1511471099284004869
1511313599934967812
1511313521681829898
1511313315682824193
1511313150079127555
1511193989654929412
1510988563688882180
1510988524258054149
1510254219118493700
1510253954667528193
1509992110728097792
1509647598944202757
1509212662982483968
1508970042368704518
1508158301116190721
1507332867763982382
1507332863053778984
1507129907469598721
1507093477712093187
1507093473652092941
1507019875725680661
1504072808657309703
1503876771971796992
1503807828703780870
1502414255194316801
1502414196771799046
1502413276201857028
1501674410759102465
1501363308191965191
1501285751102836739
1500203064912982022
1500202984168472589
1499428499240759296
1499141872819781637
1499055982172942345
1498817913192603650
1498452874631786498
1497559949529927682
1497266328817786880
1496995023543574533
1496813378811142146
1496179044009795591
1494662397835067393
1494365611379630080
1493602691645386761
1493359518633402374
1493359283890700290
1493159329175937025
1492601405835825167
1491799917844525057
