1532130769262477312
1532130760299270148
1532125433562550272
1532096227189342208
1532051605780107264
1532045801454813185
1532043562803728390
1532020645273423872
1531342268782739460
1529281921754271744
1529125295051182082
1528839964917735430
1528807790516523009
1527379377758998528
1527379375553134592
1525584880263958529
1525193268304269312
1525185528655712256
1525116541573939201
1524860262750339099
1524848279493787676
1524837943453556736
1524415076006039552
1524042660096491524
1524040579151183878
1524020001912631296
1523805131652825093
1523805130155606018
1523805127437479937
1523380744328212480
1522679924615745538
1522650421810155520
1522641811507978240
1522328401130016769
1522314441949339652
1522284808684154880
1522276697839751168
1521951234516729857
1521925679448739840
1521873639234322434
1521673507486289920
1521492500728397832
1521492499453329408
1521237609770622978
1520127138158022656
1519757025797971969
1519741705913778182
1519702616120479744
1519074662491246595
1519016817435496448
1518995836776366081
1518976823853518849
1517581769616281605
1517573586583789571
1517253117116571652
1517200278738583554
1517157708994166785
1516862938384150535
1516516075453788162
1516466966638252035
1516174136695037952
1516136495748313091
1516116245715767299
1516116244042338314
1516093518602813443
1515784653403213825
1514728114919809027
1514706925220503559
1514669051737522182
1514626636595044352
1514326411934371843
1514290675197562880
1513967907788759045
1512573403106099207
1512546448424030208
1512421989268471809
1512163456329437195
1512127079772524549
1512118442073149451
1512099781203607562
1511833317368377349
1511805694525247490
1511760709956349953
1511728284463243273
1511379622612684814
1511364843017756683
1511085750552518664
1510387771646611462
1509972786055421958
1509914163061088265
1509914161144377355
1509523387084906499
1509294471707598849
1509276299814215687
1509208031166451723
1508950259036213249
1508914900101472263
1508898326804111364
1508878603416653834
1508866064528064531
1508570352301060106
1508549314561380358
1508537004744757256
1508180036498735105
1507826184884785153
1507810725321969677
1507455705493692427
1507434889251065873
1507421053462712325
1507361164031897620
1506790607636807694
1506781763561050114
1506706818503950341
1506642421400182788
1506622254234456064
1506417292569198601
1506375124899049476
1506367779468980225
1504971833942196227
1504917262351876100
1504909054690349058
1504591905224638467
1504564648896516101
1504545103033122820
1504519934138884102
1504191105222553600
1504191103397994497
1504168300460314632
1503859232885587971
1503842706459701254
1503831710001254407
1503484414327914496
1503469073069391872
1503449107037310983
1501654453807722497
1501600783896391681
1501338171757506562
1501315306911846400
1500979002038702080
1500657880747454469
1499917424627433478
1499837877827653641
1499832938845900809
1499805781516066820
1499762234737704961
1499168396595929088
1499143849964412931
1499079016862605314
1498883034925481985
1498343282044289040
1498343183624847366
1498304341781929985
1498109468772651012
1498046610365845505
1498032871466061824
1498032869825859585
1497298004180672519
1497232371342622720
1497222177048961028
1496954014809956353
1496857496174145536
1496612310529499139
1496612308960882704
1496490396842614785
1496206569343799305
1496178214640750595
1495150021628633088
1495111691339763717
1494786247025377285
1494778304880066569
1494697145869512712
1494423386512146439
1494387336054022153
1494370520086810632
1494354357709680640
1494334410040111108
1494085965345918982
1494078307830321158
1494002278843486213
1494002277417459719
1493707162023088128
1493686479503122435
1493606194329567240
1493335004625227776
1493323194375282690
1493306210694713347
1493246100538642432
1492968505762885639
1492889878157316099
1492631562298531850
1492582611633512448
1492555027797393409
