1534674926950662144
1534661287673741316
1534650398061076481
1534639857527660546
1534628627656105985
1534612365538385920
1534593119408234498
1534565725922381825
1534565724211007491
1534561856282558466
1534536061396844544
1534306609580621825
1534277864337682433
1534261895670136832
1534242000844759046
1534228330223894529
1534190307566407681
1534176059683381251
1533926508795990017
1533926489833496577
1533891398499545088
1533855257167634432
1533846393902727168
1533836320963014656
1533466627966132224
1533466626749767681
1533179483217440770
1533150320989290497
1533107567651696645
1533089254913495044
1532859153676476418
1532699702549958661
1532525864247762954
1532501082781491200
1532498472016007171
1532495585999310849
1532471782510321679
1532471780408975378
1532406940307009538
1532119448374718464
1532112832774520833
1532034727162568709
1532034722896945153
1532020175222067200
1531750090704052224
1531732382960824322
1531696135924027392
1531636001378025472
1531630824306745346
1531630821907603456
1531403431981813761
1531282202465550339
1531082101650558976
1531016776867364866
1530982194847657987
1530982193941688321
1530965089079140352
1530672020077195266
1530582916098625536
1530569059116453895
1530301950767599616
1530288590449692674
1530288588927254530
1530275184065773570
1530238374086426628
1529961072538574862
1529919914798157824
1529882607537860609
1529795587834531840
1529619602409398272
1529618806624116736
1529598726901219332
1529574598920089601
1529555247856852992
1529551324429303811
1529523965970071553
1529516613338386432
1529505272808493059
1529436496100483076
1529436493898448896
1529238059417583616
1529205712051748864
1529188734918352896
1529176983103746048
1529163432020348929
1529150144523943937
1529141159041302530
1529136342701072384
1529127498969128960
1529101480548089857
1528926176747692034
1528913426260664323
1528849687872249856
1528833815900307456
1528804402097803270
1528771718386442240
1528763244822810627
1528752778352504841
1528747635380736000
1528496921962225665
1528455510256648192
1528410299753287685
1528381483269902336
1528363926781673478
1528157976770629632
1528153077416611841
1528100013980647424
1528091104880517122
1528091103471312896
1528064589216288772
1528057112378605570
1528052050541654017
1528052049396506624
1528040894829559808
1527792450793791489
1527792449330073606
1527767307623317505
1527740403801276418
1527737685485441027
1527703654823866368
1527682518480216065
1527677844981174273
1527428981586378770
1527397427438923777
1527393406493900803
1527380308118544384
1527376606573932554
1527351248231759873
1527331511359266816
1527312074145091584
1527310543421579269
1527286469529702401
1527267262603862016
1527089639307321345
1527051278781652992
1527030521863208968
1527028562460557315
1526982787701559296
1526956013814964231
1526903831124221952
1526708477858652160
1526685891619696641
1526685888599687168
1526664848842571776
1526661766532538370
1526655584325537794
1526643525500256256
1526635500160827392
1526627109178945536
1526626655313305600
1526620658893037571
1526619482315280387
1526605890362785794
1526599756151197697
1526578941661786114
1526574111094358016
1526541791801008134
1526531506398801920
1526357999425572866
1526347729001144320
1526340166973112320
1526296999024263170
1526260845709246465
1526229569652633606
1526185131504967681
1525878446450257922
1525597325774684160
1525567797832597504
1525542011616493568
1525170235359232000
1524935998433533969
1524935997082976256
1524844570613272583
1524824006373027840
1524797375314804736
1524791715307069444
1524791713063178244
1524780994158637056
1524758343759417345
1524758342668898306
1524752081009139713
1524556117845712898
1524550160101036032
1524490875291774977
1524476181793452032
1524456403594792964
1524445683549360128
1524430658365538304
1524423358594658311
1524423357248192516
1524411673599254529
1524397652619706368
1524396117198348289
1524384008611803137
1524379409242902528
1524169447958798336
1524152190566293506
1524136073311494148
1524134028877701120
1524117749059964929
1524100193771212800
1524090205455716357
1524082393434529794
1524062395097927681
1524062027009900544
1524047996727574529
1524020189800579072
1523809105210908672
1523809103021236224
1523802130024636417
1523767012773679104
1523739537100345347
1523714611807088640
1523698235877249025
1523665423459180544
1523399420905402368
1523355850483453952
1523337993137840128
1523316385954287623
1523104930160164864
1523023617205755906
1522996098339594241
1522983678493831168
1522976084039454722
1522945800644575233
1522704663107186688
1522691692230586368
1522674880386379776
1522662760747786244
1522659964560592896
1522626340943499265
1522600105609777153
1522593025444220928
1522394174351458306
1522345978459828225
1522259474488172544
1522255888400142336
1522225586999025665
1522204862179647488
1522012248608280576
1522011513678188546
1521985350033362946
1521961026731847680
1521953737476083715
1521943954069016576
1521924156744507393
1521883546994028549
1521882812865032196
1521864381981671428
1521854864355213312
1521805416371572736
1521633281673990149
1521618890492633091
1521605191589675008
1521586586776973312
1521552109690306561
1521547313537290240
1521534824598712321
1521522667647647744
1521497675908136963
1521476157874528257
1521476156956057601
1521475494620893188
1521475492985159683
1521301653294620677
1521276792635633669
1521268136552579075
1521260692325683205
1521229753558179840
1521221706228056064
1521154711457607681
1521109680797458434
1520872455820267522
1520851558623326208
1520841216463896576
1520827829537099779
1520822261091086336
1520822259774111749
1520791967289987074
1520566234827341830
1520428889125892097
1520135050976768005
1520129379581501443
1520110949998510082
1520090248407097345
1520033827971809281
1519812174931189761
1519811329787416576
1519774816038961153
1519753395535585281
1519739479648612353
1519729049580539905
1519707968270446593
1519678991795429378
1519675652361838592
1519663374363148291
1519661017210441728
1519450162040508416
1519443536705462272
1519428632372035585
1519428630291660800
1519423097295802368
1519411473172377600
1519382962936107008
1519375278392418304
1519360888914038791
1519351670693859328
1519340029063184385
1519334929993289729
1519332421530959874
1519327156526014465
1519323206716375046
1519315879590346754
1519300923700486146
1519300922005987329
1519282336889774081
1519120069955104768
1519112072826658817
1519086403082199040
1519069270545686534
1519035414601998338
1519032482397671424
1519018319348699136
1519017575098859520
1518993261674782721
1518984355296731137
1518933140437405698
1518933138587758592
1518703339734802434
1518663856410742784
1518635290344181762
1518612460558856193
1518043289328529410
1517962646473039872
1517945295530827779
1517663516257398786
1517563328427708417
1517505683578667008
1517493003211972608
1517232792777670660
1517159319032279040
1517131993183657984
1517111979995021314
1517111978413674496
1516888103553835009
1516888102463279117
1516888101397872640
1516888100303159297
1516843656329711616
1516830292606074883
1516794691408257025
1516773820924891139
1516509031778631685
1516497904688635908
1516471309546500102
1516449322719621123
1516443573935353857
1516410749169672197
1516180083010121738
1516158067255255048
1516129523787513856
1515703744389959688
1515703742867378183
1515333123378143237
1515051843222753282
1515013863099482112
1515007417800613895
1514962816679268359
1514962814925955084
1514746150133411841
1514712553166974990
1514699398369927179
1514686961189109764
1514683252866527232
1514671134666543105
1514660003562541057
1514620355754614790
1514329686100393989
1514311108277977096
1514256836089810944
1514256832247836674
1514244620275929090
1514244442546450438
1514231038876266503
1514231037974482947
1513964222400638984
1513957591415762945
1513948396842848261
1513942347691790339
1513892086617186313
1513867349509689354
1513867347974672385
1513625092592386048
1513625090570792966
1513606470683828230
1513606468930621445
1513591509853028354
1513590720535441409
1513553160962465806
1513253870012669961
1513213241211727873
1513189819073155085
1513187896601321482
1512864607249092611
1512829488324911105
1512829486584246277
1512802037834080263
1512541266294288387
1512522862187491334
1512522860975337477
1512486143727906817
1512486141202771977
1512448014471901193
1512232145086996484
1512185733230080004
1512149048123404290
1512137461782220806
1512095069049872402
1512080472624418818
1512072505053224960
1511859625783701509
1511829013735657482
1511818915369869317
1511818913524424708
1511806868120903685
1511790626882338817
1511787715427246083
1511769493269323777
1511755777043804163
1511740741336375307
1511715876290142212
1511693445970157571
1511680167227310089
1511488263684771840
1511427293541023746
1511416555652923394
1511413338164576257
1511413336277241866
1511404899959033859
1511365265971425287
1511353776963301381
1511107258347925509
1511062612905242625
1511026858523074566
1511026856614584322
1510701481430769668
1510684645247139841
1510662759867895831
1510661180553056256
1510341094835433479
1510282551256043522
1510282549221724162
1510277231096045570
1510014395916632066
1510006167996665861
1509995853854949378
1509985862238490632
1509972648612311048
1509967253051170817
1509960680899858437
1509946456312004615
1509938357786353667
1509920833095020546
1509914068664164363
1509899461685829643
1509664019703119873
1509642883204272143
1509630478634078224
1509630477510053899
1509619588107018244
1509606351823159298
1509592598561886213
1509574518519607316
1509547886605963268
1509519101957394433
1509519100728557574
1509508419811745802
1509475845374681092
1509475843919294474
1509302872500056067
1509299818837024776
1509286920291065864
1509274160563990538
1509262079030706181
1509240134402719755
1509225061798096901
1509211140999499776
1509204482139295755
1509189171088400389
1509116300668411904
1508995146590953477
1508960310618693638
1508941331825152002
1508921356435525638
1508902975494045696
1508898963994419213
1508894406019063813
1508888278363217922
1508888088545742854
1508884005533503493
1508867434937212933
1508855519817220097
1508833905826279424
1508561892473769985
1508479106735816706
1508440054057902081
1508188084281688066
1508172934338261003
1508124094771961863
1507854090193317888
1507854088867880960
1507803878242361344
1507757565337346048
1507583603433160704
1507534546513928201
1507482832091844610
1507438526195019782
1507421761947713560
1507355309857255437
1507321994353811461
1507111015447683079
1507096765811539988
1507083791759724550
1507071425970069508
1507059162068443138
1507033196722102283
1507023413981986824
1507020978894876680
1507008866495520781
1506996706906411015
1506772475585122314
1506758205313069065
1506741243832844301
1506731093147402247
1506723282774630407
1506719247954853892
1506706139899117577
1506681030631116802
1506675895066628102
1506659075156811786
1506646393754169360
1506602417672097796
1506602413515542534
1506416841186500610
1506413270323896324
1506373975328399364
1506364635783573512
1506332532354203653
1506318188811853827
1506310682769297423
1506287046284959752
1506244166329765898
1506025185463394306
1506012449245331462
1506001002327117830
1505990940992880651
1505978900266078208
1505968360189792260
1505957939533815817
1505957938522902530
1505939312017391617
1505924527129341954
1505731860239990791
1505619418428194823
1505619416637227015
1505315158729666560
1505294489077919746
1505256920483086341
1505239668903796741
1505181661700538368
1504985516185378816
1504982773655822341
1504933646448406536
1504920656999239682
1504908859227484165
1504908858011099138
1504908856538898432
1504908855498653697
1504899094824865799
1504856948222697472
1504838400188235779
1504831205899972608
1504774322598068226
1504547164432871424
1504518164817891336
1504510198228074499
1504506196316798980
1504492497250263040
1504476891285053441
1504464723789721609
1504272051397353480
1504234575815401479
1504228329129394186
1504228220937383938
1504221619669118983
1504211061989416963
1504211060265476103
1504202325136748549
1504193969214959618
1504181272083845120
1504169633808531459
1504144836093521927
1504144834847600644
1504130760839774208
1504108727871623168
1504089801489846278
1503856126009520128
1503843169426944005
1503837519342968832
1503835250048253957
1503822447757385736
1503815118202757122
1503801015681835025
1503800053596672009
1503795254192971779
1503775551449968640
1503758875857719309
1503746750586273806
1503737506906492936
1503735105843568650
1503707482610454532
1503464358357176320
1503412843932180483
1503095892668260363
1503064456842125313
1502815043611770883
1502780963637583878
1502720217981534212
1502680332944003075
1502484294878572545
1502376415559397383
1502336006254731276
1502295424283156486
1502117754261979142
1502117427127238670
1502116432011829248
1502114710115827716
1502104657505796098
1502104317981081615
1502081548413194265
1502064633338900501
1502063382287069211
1502044754732797963
1502031584425398278
1502023988398243844
1502003558794862602
1501979511231033344
1501964551662751748
1501957987560300551
1501956288376360962
1501930152678330368
1501918423240085510
1501918422275346437
1501916064350883842
1501712841270824963
1501651459095543814
1501612684315402244
1501608825106931716
1501591568783925249
1501589164017565698
1501563274248306695
1501539939795836929
1501539938277511168
1501378374945714177
1501370473359323136
1501355217102811138
1501337151144972293
1501306721024753671
1501304586937720834
1501295830661320706
1501279495092948993
1501274465220669444
1501253778275803139
1501246624135274502
1501236332319981571
1501230142634397702
1501216632542310405
1501003823304912896
1500990410780520451
1500946336505606145
1500916098732113923
1500846082422710282
1500844562612424706
1500842963244621828
1500806226170589185
1500584983127212037
1500554474603089920
1500524058198388739
1500518599609442308
1500496000447885317
1500495669953445890
1500317325626650626
1500245374841556992
1500241683069472768
1500224878187880453
1500186208219111430
1500181789486243847
1500169625241333764
1500169624029175818
1500137437107998720
1499813021782261761
1499805580784979979
1499764388076695552
1499749058554077188
1499531950788337668
1499531949655920643
1499521092062527491
1499521090535702531
1499511050064048138
1499504526436536326
1499496661193797639
1499487457007521805
1499479343403347970
1499475790387466243
1499467561129463816
1499459281288060937
1499438114925957124
1499402504932573187
1499401923916492804
1499176661618761747
1499165393507819525
1499157873905086471
1499140418486820868
1499136583500537856
1499132860527263747
1499119239277563908
1499097369731862536
1499085210272550914
1499054057822040066
1499054055544475653
1499043278972407813
1498859949337858050
1498823996984471553
1498823995973681161
1498818792138293248
1498812417882664968
1498798002919690240
1498786379270180867
1498739834143350796
1498733557522575361
1498723574852554753
1498704708541763589
1498703088823279616
1498661436062683136
1498434909379117057
1498385340717060099
1498276793379348480
1498064946898382852
1497688525549932544
1497641392553742343
1497628802700169218
1497622724532912141
1497373146059575299
1497340538814611458
1497340536755269632
1497260059390324743
1497214837612494848
1497205617794052098
1496998657987596289
1496988066317312002
1496979244244680705
1496979242428604421
1496944008064643077
1496935767083528205
1496927893762584577
1496927891099107329
1496914672150204417
1496914669944156164
1496813253976113158
1496624725765808132
1496618576190525447
1496599502727356422
1496565346911858689
1496557396348522499
1496501447197966337
1496247659618877440
1496223814505668614
1496205673201385478
1496205671943053317
1496163914526175243
1495782036094824451
1495530783821414401
1495486473977618432
1495480523438936072
1495451767445803015
1495152258719182848
1495100813127077890
1494780860612161543
1494714921300508679
1494714465605984256
1494448416058974210
1494448413873778689
1494434841617702927
1494421360470380550
1494412845467017221
1494409242454990853
1494398088903110661
1494389971796561923
1494364194648567811
1494361317305507868
1494355827272126470
1494323114666192897
1494322134658650119
1494115467165900802
1494103096317911040
1494098651886637066
1494084190383583232
1494084188185804803
1494041762041638920
1494037804099280899
1494035095447089162
1494012817137184769
1494006844712493057
1493994319090491392
1493977326874415108
1493968722637299712
1493708472952639492
1493682173144092673
1493682170971447305
1493671024302432262
1493662113562349574
1493634947579617288
1493629414814498819
1493620043267158019
1493602172482773003
1493394164054167557
1493371606793703427
1493371443433857030
1493312335817158659
1493250753330393090
1493230479503511556
1493210720649068547
1492976422016716805
1492956646141747202
1492937611220029441
1492905597712359426
1492612326780030980
1492584557748658183
1492549300974456834
1492270577528479745
1492234101818118145
1492223305931177990
1492217472564539396
1492217470375108608
1492199110883094546
1492181541199368194
1492177089201676288
1492172646083088388
1492152105548795939
1492129945782571013
1492129943597289472
1491943286147321862
1491920565942333442
1491902690921701390
1491888563276988417
1491867424618127361
1491848855704457219
1491837087552872448
1491824386357215240
1491810907378311169
1491799799393177605
1491788593597075456
1491563246926675969
1491548902494978049
1491540731411980288
