1534637638333911041
1534599698392178689
1534570906533695491
1534319949736513536
1534296605607841792
1534280893514252292
1534193180484198404
1533964848337502210
1533948278450053120
1533902905882853380
1533875179474010113
1533622855891566592
1533468237559746563
1533135270463229952
1532881583161622530
1532850293561597959
1532795859821273088
1532773025824768001
1532510807317151753
1532432444107984896
1532416152038780929
1532366937803702273
1532128788057825281
1532089300636119045
1532041448517935110
1532003034053615618
1531777742924136449
1531698902780583937
1531292238126383106
1531080782197972992
1531029142367617024
1530979552670924800
1530633670108782595
1530581469630021632
1530319613736759297
1530257407187755008
1530226714319765505
1529994188124823552
1529944405997764615
1529878310628605953
1529827067763621895
1529612406212726784
1529543820412481541
1529510813274365953
1529473130753925121
1529216452653375490
1529163745808764928
1529135307454554112
1528913697602691072
1528867942997573632
1528832822705807360
1528796751972507648
1528527908343537665
1528419565813878784
1528136663632859136
1528044554120839168
1527818391964336130
1527778207310675968
1527751717122723843
1527708694447894529
1527453229860245512
1527385760109711373
1527338369075666955
1527318839033094145
1527067827081031680
1527008864209711107
1526964146536947714
1526731292414550017
1526649727667818502
1526595895625760769
1526345472771760129
1526291634018721792
1526238424344182784
1525928436031700993
1525609034874863617
1525517782942613504
1525236399095664640
1525179303901777921
1524841578254192669
1524776885070225411
1524551002669604866
1524484485869363206
1524433095809769478
1524406583115104261
1524186895026163713
1524135131660918788
1524105862792585220
1524066435869335552
1523837997002727426
1523799969701978115
1523744171881746433
1523707921980264448
1523434182743052288
1523326233374830592
1523087724713967616
1522993682781245441
1522746322515857412
1522670615957803008
1522633874764976129
1522606959941369858
1522369962991665152
1522351095250620419
1522327418400346112
1522303550407254023
1522274334303268867
1522248237633183744
1521989811073994752
1521972700306157568
1521937311893700612
1521900695900860419
1521875038013730821
1521637480654585856
1521561806124339203
1521521041717215235
1521487106652225538
1521300030006648834
1521251412658868224
1521214695377715210
1521198159539671040
1520923114481328129
1520828501837979650
1520564420069543939
1520453687025405952
1520210861473898496
1520139949311508482
1520099442355056641
1520064029619798016
1519850990878576641
1519816526873960448
1519778849520766981
1519717147940986880
1519683695350886404
1519490243145224202
1519453581027459072
1519419663477841922
1519375444344197120
1519140013954551808
1519092859927937025
1519039979053359105
1519010998191067142
1518956983038230528
1518720425265704960
1518680696830795777
1518646439001341952
1518349369279455232
1518300196186345474
1518252532119785473
1518025253317976071
1517958554862370818
1517886121396649984
1517653114870022145
1517611505004470273
1517575260853481472
1517565665464487937
1517535210916696071
1517322298566582272
1517233179102490632
1517209004103057408
1517178429753511943
1516948166398070785
1516904531849850886
1516865226980970496
1516841749536288775
1516815776954605574
1516581209471688704
1516555771965853696
1516532734331662336
1516499024383287301
1516442571647729672
1516223083778084866
1516192173473021953
1516159449706246156
1516127555241267208
1515838878099427329
1515748501371695114
1515691032469512199
1515484009123491840
1515405182582112268
1515363058637586432
1515122889669984264
1515070578511978496
1515036968194916358
1514772378722594819
1514731875767668736
1514662628467093515
1514399487522967559
1514359018734632961
1514304758521208842
1514016538822594560
1513693585048285184
1513647535503679497
1513315339236524040
1513235000619061257
1512946380309938176
1512845378944741378
1512585215146958849
1512554557083115521
1512525701827678209
1512499979499225088
1512455682351681547
1512226563630243840
1512183389444620290
1512132902808698887
1512105027346878468
1512080725578698766
1511872901166903297
1511816553100201985
1511769214255779843
1511735414985478145
1511503947755888644
1511436387815464961
1511404941327360012
1511372627121745923
1511141920243949576
1511130646881701890
1511082804234395658
1511053068242243592
1511018292827332617
1510760453785464834
1510674197344890882
1510424132160307214
1510301033918078978
1510018835872727049
1509941684771205123
1509897222514696198
1509698090386743305
1509643429663416323
1509613719822782467
1509586261169815556
1509548747746861068
1509343766267801606
1509307311738736645
1509274000798752773
1509217586868895751
1509184074719670273
1508969625509416965
1508885508117696517
1508809694323818498
1508619254093987840
1508588281285513225
1508530763712630790
1508494905445867529
1508236668112814080
1508138900866355203
1507865389572800513
1507852516410769413
1507851119288102915
1507786065624633344
1507518809283956738
1507473935734132738
1507441841112764416
1507411239580094464
1507170688637050881
1507132978446712834
1507085281194913797
1507051599679610881
1506788090303635458
1506726216837050377
1506726084578009089
1506688842430136322
1506655230343196672
1506409085608017931
1506367552150249480
1506336775928791043
1506288352521334793
1506288256832487442
1506288153451188244
1506088270932983808
1506050053428891652
1505998738862624770
1505969232831553539
1505672610838978561
1505579973708591110
1505242883544293386
1504978900182523911
1504930882271985666
1504882504389570565
1504858138708791303
1504630950004731905
1504609396004958220
1504573083142832131
1504528395992190976
1504496555973386242
1504257495673544704
1504193211320913925
1504146510053011456
1504098965360414722
1503889742806585356
1503856611575615489
1503806696715603972
1503764444404502528
1503532161554604036
1503470943926202371
1503431556098150410
1503130384992768002
1503049438398451713
1502722374780788739
1502454663396102145
1502388516579381249
1502351847142666240
1502107500425924610
1502048048318492676
1501968983389528065
1501752140401975301
1501680909933854722
1501633498100252683
1501574408070180871
1501390768015134725
1501338521742753801
1501301634965647366
1501280954912055302
1501239984111632385
1500981121231826947
1500931000146276359
1500887334136557572
1500646048703954945
1500551962110181382
1500269654404743172
1500216418192826373
1500177303699136514
1499908293342412808
1499834270935879680
1499800488342138882
1499529747868622849
1499493712413483009
1499460834468241408
1499200332785717249
1499165994408886281
1499125150217822208
1499068259425038336
1498861790020743172
1498810753696022528
1498755239020843009
1498707495254122497
1498431449002827785
1498373064974872586
1498049411796152332
1497652669359480838
1497391988370391044
1497358498652426241
1497296114839478272
1497250388256468996
1497017006268190733
1496864812277583874
1496660904653512708
1496627142125367298
1496593143814361095
1496300664808427520
1496268074219184139
1495849403462131714
1495559393911668736
1495504200658214922
1495452063433691136
1495153051631509513
1495092192389603335
1494848722206961665
1494795437924040717
1494761109890519040
1494726723908341765
1494479333372706819
1494431695126335493
1494382307473596420
1494348608719704065
1494118608384974849
1494042982735138816
1494009474742370309
1493767432669831171
1493727003513610240
1493682227338694659
1493656209701974023
1493395085270077441
1493387255301423113
1493341352263880706
1493312069667627010
1493279239050825730
1492931980530495489
1492666191529271298
1492569414142771202
1492277784609112064
1492210089113137158
1492180742226518021
1491933934627831862
1491887512092041219
1491859487107563522
1491838226142662659
1491792450792263685
1491540081160687620
