1534669860424323078
1534664213880266752
1534663669761589249
1534590806501347329
1534590681741656069
1534587782093586432
1534562991248662531
1534559963766480898
1534559797038792704
1534558940272508929
1534558488109760514
1534492185281847298
1534491837280444416
1534479111023910912
1534323363493052419
1534180141139623939
1533982149744934913
1533982148109139968
1533982146595115012
1533891559451766785
1533787453085339648
1533768708316975105
1533757811812978689
1533756814629687298
1533755449392173056
1533567165345017856
1533566041506316289
1533467586968621062
1533466527135109121
1533465772105900033
1533456429105008640
1533456323202916357
1533455825355907073
1533453418249043968
1533453416831369219
1533451691642736641
1533451447932801025
1533440495225032704
1533435038527852544
1533144401693839360
1533117309660893185
1533109848199536641
1533105928840654850
1533078329070432257
1533063824110231557
1533060909488283648
1533060466368471040
1533060234746396672
1533060233437798400
1533060232032800768
1533060230472409089
1533057299320807426
1533048535628890112
1533033958547591168
1533033075155865600
1533032213780082688
1533032149485600768
1533023601754087424
1533023600491503617
1533023598964793344
1532885939005145090
1532881081623621639
1532866607181185024
1532843241984385024
1532829207746723840
1532815647914315780
1532804507326980096
1532798745561137154
1532792657478492161
1532787559566389249
1532787168317517825
1532786862364020737
1532785348098633729
1532781787935608833
1532780260307222533
1532768977956610055
1532762898220597249
1532761092144906240
1532757544728506369
1532729925584793600
1532725415470579712
1532723123530915847
1532723121257603072
1532722111818653703
1532716256515727362
1532716171371372545
1532715073940213761
1532708206937575424
1532707105244860416
1532539141761679366
1532474269283885056
1532464686251270145
1532464511025676289
1532455905417216029
1532444244933193728
1532442004671451136
1532436841713979392
1532435898083573760
1532400372249026565
1532364812096704512
1532351712891064322
1532188249740914689
1532187306437644288
1532178617416884225
1532175264666374144
1532175050391945217
1532174973250326529
1532174627325169664
1532127577795489792
1532127509352808449
1532124236126355456
1531991902765064193
1531989192212992000
1531987256914980866
1531986893537267719
1531986890693427201
1531985937873477632
1531983772467576833
1531809757052403714
1531790302947774464
1531773330319196161
1531770092643573767
1531763692857180161
1531754790082039808
1531754788244832256
1531754786386759684
1531754784591695872
1531754782700015618
1531749059870048256
1531746289863512065
1531727494356815875
1531690881526517761
1531667615436967939
1531667613339770882
1531606894430851072
1531454838671818752
1531450194650341378
1531450037087223808
1531428578289717248
1531403800434573312
1531402902794821632
1531388507092033536
1531309111140306945
1531301231238463488
1531301229711740928
1531286216150327296
1531280004922884097
1531264352027873290
1531264350320746497
1531256460709076992
1531098785966960640
1531084606195253249
1531081609163812864
1531070800912175107
1531059228399616001
1531048817868656642
1531048241382424578
1530962159550832642
1530960750105223168
1530932921372135425
1530928211009339392
1530927218431602689
1530924429974315009
1530893110372442116
1530892770503802881
1530891452242436096
1530733364256309249
1530663401629917186
1530649269195137031
1530649058876051459
1530631717781913600
1530631496259842052
1530624273395634178
1530620026042126336
1530619665076068358
1530619663566135298
1530603650841817094
1530598560487686144
1530585344231583745
1530561681637658630
1530520799949512705
1530343535169392645
1530304420596047872
1530303752133132288
1530303146072936448
1530293098391252992
1530210642057121793
1530209612800081922
1530203158026272770
1530193224014372866
1530163535824691200
1530163534377766912
1529921746974953472
1529879768107257856
1529872110822252548
1529835479914450946
1529814877795233793
1529797876943028225
1529768990167515136
1529611048680136710
1529609201537916931
1529590975173206016
1529590794411249664
1529519458787762176
1529456717481787394
1529449177855442946
1529435987583057922
1529434310863994880
1529295250187079682
1529294716096987139
1529270383047856130
1529219304029204481
1529219301806600193
1529219299491332097
1529219297914109960
1529187483212296196
1529187304388059141
1529158238570168322
1529152385418989568
1529152180527288320
1529128054093668353
1529128052747378688
1529095862839803906
1529060995578138624
1529058080603922439
1529057724859830272
1529057151687266307
1529057150068314112
1529056205561372672
1529056060702695424
1528888502145781761
1528835265342623744
1528815489245401088
1528810762386526209
1528797720709931011
1528759616548618247
1528759236548866050
1528747272988672002
1528745543937179649
1528745175664803845
1528725941559693313
1528687600659308544
1528685891107098625
1528685127018156038
1528679209966739457
1528678818851987457
1528678346560835585
1528501763191496705
1528492667730120708
1528480681587789824
1528477406515822595
1528475064810758144
1528424590304845826
1528415807243440131
1528398995072106497
1528398987702767619
1528398868890763269
1528398054818201604
1528384282661642241
1528379887916044288
1528357554178478080
1528357552702033922
1528357550428758016
1528355081233604611
1528355079794876417
1528355078020681730
1528353333999812611
1528185596568535040
1528185477647441921
1528174690061238272
1528174181870968832
1528113084577071104
1528056948121387011
1528050430814699530
1528035407404859394
1527999354799284230
1527986413223960577
1527782555801600003
1527782511362859009
1527782265731809280
1527762142845337600
1527712118019080196
1527710946008997888
1527708696272330754
1527708694598889472
1527649843237179392
1527633885298929668
1527630126971764743
1527626593224515584
1527442379623522316
1527397587057254402
1527394328330620935
1527394248881995776
1527393416237174785
1527384512627351552
1527378889248763904
1527370903868215296
1527370824298409984
1527370681385529348
1527370394121842713
1527360972419043338
1527360888394911745
1527324050439442432
1527321909343715329
1527244978690351105
1527239180664832001
1527237725031645184
1527080458605010944
1527079826330361857
1527018094186594304
1526959159115120640
1526957711816019968
1526938829768245248
1526872542455255040
1526869846322970624
1526734907439042560
1526734671899418625
1526728761323945984
1526697183633883138
1526697040100597763
1526657292669800451
1526647901463760896
1526623807812907009
1526600401885310978
1526569691128516608
1526567100571066369
1526538970846347265
1526513423764307968
1526513244214550528
1526508289604956160
1526354066019913729
1526322554113228801
1526322351910051840
1526320993949597696
1526320970285428741
1526176383377895425
1526129393369632768
1526065456615809025
1526033659723415552
1526033610586787841
1526033428398804993
1526033364410458112
1525885204677656577
1525858369063374849
1525810946635010048
1525809399578537984
1525809273929814017
1525677379355496449
1525633182086754305
1525198294971981831
1525198232426528769
1525195605714272256
1525060135051317248
1525059678501318657
1525058814696992768
1525057349303558146
1525054827767775232
1525053666096566272
1525050191790874626
1524916155856605184
1524908051953864738
1524907898836602886
1524907700932562968
1524907550566760448
1524907341036113976
1524907160936894481
1524803193573715972
1524790426464575488
1524778871085735937
1524778291663671299
1524775181935419393
1524766243969974272
1524764806313648129
1524764379513856000
1524739425581907969
1524732174146191360
1524702683558555648
1524702076445630465
1524701651277422594
1524701610060001280
1524696451753914368
1524503452453425152
1524503362036764680
1524475115018330113
1524474987641556992
1524473775189893121
1524473773516279810
1524473772182544384
1524473770639036419
1524469833437437952
1524450251591008259
1524450125481115648
1524442773172240384
1524418404094033920
1524395866584399873
1524395245223485441
1524385087504138240
1524174049424953344
1524147708524642308
1524146894791970816
1524112537549168645
1524076440882458625
1524076439301238784
1524063722150535169
1524060253389791238
1524058773375135744
1524057509924950018
1524057319071436802
1524057083989135360
1523973470077476864
1523972395584868352
1523972327616176130
1523815759063007232
1523815697670885376
1523813438329442306
1523777017589551104
1523770351234154496
1523769828892299264
1523768607351934976
1523762690367258625
1523761202228531200
1523753855091343360
1523753292739710976
1523717402080722944
1523713859160518656
1523713833743052800
1523713747696558081
1523702228665593858
1523674880368996352
1523673910100709378
1523673907668340738
1523673225246375936
1523671519259348992
1523478679312998400
1523478627030999040
1523475527222190080
1523459217536942080
1523346275592290305
1523321517597200384
1523313314150772738
1523312302337847299
1523303339915890689
1523298793634021381
1523134861397356544
1523088205091725312
1523063315538137088
1523061167651962881
1523054301513404416
1523054242369523712
1523012991213527042
1522955071570554880
1522948321467371520
1522947896697569280
1522947894210404355
1522938364932067328
1522929217096323074
1522925449084612608
1522925286576242692
1522924220170317824
1522773526595477504
1522747473877417988
1522718801153777665
1522711228170211329
1522696797075820544
1522680341294583812
1522680306456702978
1522634452651839488
1522629891342012417
1522628760821850114
1522564136214933504
1522564055742955521
1522548889538211843
1522532878952939522
1522532877606572033
1522530454934638592
1522369711941595137
1522368156844576768
1522328717279825920
1522328466649235458
1522274241399427078
1522274240560513027
1522274090320601088
1522273999065161728
1522273941489913857
1522252872045453312
1522252816294760448
1522252696270561280
1522208055164911617
1522203911205052417
1522165555821780993
1522017708220555275
1522017675957964800
1521968286988214273
1521967409837522947
1521949316209913856
1521944573861408771
1521923655583870976
1521918506631151617
1521911076769697794
1521910881369661448
1521891382276890625
1521882426078908418
1521877394302423040
1521877393283108864
1521873178049536002
1521872301070954497
1521867855729467392
1521853046300549121
1521848850427920386
1521848323505901570
1521802892885348352
1521802228864061440
1521801375625228290
1521799872109809664
1521799421712904192
1521668072054136841
1521667714904899584
1521667371613794304
1521666810558521344
1521664015554031617
1521640218796900359
1521580880057323521
1521547012700786688
1521546751282495489
1521532687965728771
1521532524652027905
1521531355091415049
1521514088014229506
1521513936243277827
1521505628530913282
1521505585736433665
1521468212625522688
1521467309499600900
1521440992360120321
1521440764244418560
1521440609034248195
1521439950473998337
1521436441481469953
1521433604106203139
1521287387900489736
1521286376788045826
1521286146898247680
1521247983156834305
1521247981495857153
1521247732769468418
1521179657269387266
1521129470203244547
1521079322794246147
1521079320940355590
1521076865355718657
1521073602254327810
1521073380551757824
1521073153497309184
1521072608975929344
1520924320033382400
1520923561686409216
1520915459951976448
1520855793645539329
1520814603994808320
1520792597064822784
1520791878299537408
1520750583073984512
1520750190784823297
1520742866989035520
1520735844507783168
1520552605352669187
1520473607008362506
1520457816972091394
1520449203167809538
1520448646025728001
1520448598126866433
1520427946393190400
1520427708643266563
1520408871709425664
1520405072642985986
1520404752433098752
1520404536774606849
1520404308151443458
1520396570050666497
1520377691551240193
1520375869411368961
1520375419169611776
1520373640952520705
1520373639668981762
1520373638368739335
1520373636988870658
1520371514780143617
1520371324790755332
1520370321181847558
1520370091409485828
1520199321873965057
1520175852700504069
1520142222745903109
1520133497167486976
1520118710882680837
1520118694738812933
1520118673536655360
1520118648580550657
1520117654924759041
1520054801895145474
1520043865276829698
1520040279692169217
1520039828645163009
1520038081671409664
1520036289051074561
1520036287239102464
1520036285213257731
1520033988043235330
1520031641737039873
1520028776826126336
1520028534944772096
1520028078625460225
1520028076914221056
1520028075047759873
1520023612283052034
1520021891192344578
1520020253106966529
1520019952530513922
1520019951150641152
1520019501726720000
1520019500451737600
1520017610955538432
1520017542554787840
1520017541149736964
1520013903761231872
1520013701318955009
1520013339677675520
1520012472832471044
1520005757411934208
1520004153807884290
1519831022128480256
1519830850581454849
1519828980207177728
1519828292542550016
1519801728559943680
1519801610834173959
1519801446295818240
1519755043121123328
1519755037655842817
1519755031003779077
1519755018668236803
1519754999374430216
1519754932391485442
1519741686661931008
1519740300159336450
1519740298641002513
1519738938067406849
1519726426320252929
1519724458033958914
1519720930427248640
1519720825582141445
1519720208025497601
1519718193148874752
1519718105525665792
1519693144081801219
1519692540433285121
1519692344957837312
1519692109862903811
1519691521263652864
1519691463394791429
1519653537327767552
1519643342467915776
1519629493186359296
1519627550330339328
1519626917388947457
1519626391419035648
1519625295367753730
1519625294071611392
1519624286369103872
1519455916390813696
1519445586512130048
1519442198990934017
1519418202492743681
1519417837382774787
1519402531679608832
1519381661791752193
1519381617181171718
1519381517113438208
1519365758790385664
1519365161567637504
1519364946328444929
1519341697993482241
1519312986879504384
1519312985403056130
1519311385213161476
1519284157846859778
1519267246517936133
1519266476825448448
1519265962637287425
1519264159170400256
1519261574921347073
1519112122134847488
1519104646224261122
1519100320852365313
1519059195508707328
1519059099224322048
1519056330782351361
1519048831178096641
1519048396928995328
1519008232433410048
1518988273087041541
1518965755341115394
1518960516349272070
1518909395207430146
1518909124217610242
1518903674608791553
1518903673354702848
1518902583481581568
1518902158124621825
1518901763541192704
1518900419690483713
1518898829285855233
1518717111106998283
1518716859411013633
1518716732034195459
1518716078741929986
1518716077508907008
1518683303158722560
1518681448810692610
1518651443825291264
1518649406848970753
1518601008435593216
1518548393039208448
1518546375528620034
1518541894254477315
1518541117599457283
1518540242223091713
1518537987902038016
1518535871426965505
1518337591145381890
1518337568517070848
1518334666180374529
1518333697283534849
1518332294796304384
1518282143843201029
1518276390730276865
1518266957493161990
1518266767575072772
1518266253076537345
1518266149510787072
1518265960926527490
1518233211024945154
1518233209435308034
1518230130723901440
1518228755931713536
1518228050642677761
1518227387799977986
1518225225611100160
1518222194299523080
1518219395184664576
1518215380434624512
1518032331033956353
1518028760292986880
1518027785993924611
1517998994537996288
1517989540304199681
1517988865654542336
1517902367831830529
1517899279721017347
1517899278206779398
1517898142670282752
1517885436240273408
1517874951826591744
1517874950337671173
1517874948462813184
1517872738735644672
1517870628359057408
1517868504388624384
1517866461078896641
1517862474795659269
1517690757657804801
1517690267406671872
1517689837972865026
1517688661780930560
1517688575957024768
1517679640244109313
1517676178844405761
1517670276942737409
1517622364888051712
1517601548636991492
1517600858187436033
1517600342317404167
1517599916725620738
1517578362168000512
1517568297465749505
1517527957887143941
1517527241932087302
1517526077752721413
1517500308460560384
1517308397544222722
1517308109567533056
1517303587038285824
1517262400185151488
1517254208659103746
1517253668118175744
1517252674739130372
1517252616316669952
1517211397863706624
1517162156579598336
1517161983669329923
1517155891086127106
1517145004187156487
1517144927708188675
1517144646299766785
1517144249182998529
1517133973520015363
1517131272627396615
1517131268126875648
1517130944154583040
1517117407567007744
1517117405897633792
1517111432730578945
1517111235057180672
1517110591873335296
1517110466400722944
1516960831963021318
1516943321012355072
1516870766045847553
1516860169409474562
1516857144053743618
1516855682527547396
1516819562192330769
1516789901064351745
1516784565062447110
1516784562730418184
1516765759267082248
1516765757765570560
1516764064692719623
1516764063077965830
1516756635020148748
1516751550131146756
1516609376454430728
1516606563536015365
1516564988021944325
1516541393115754497
1516510697173172238
1516510368562135040
1516478900389429248
1516478896878899202
1516430337626316805
1516427596598292481
1516396350908284929
1516395962025062404
1516394988682240009
1516394927747436555
1516394606753161219
1516394483453239296
1516393278039543818
1516391914060361728
1516391742232309765
1516391340258607113
1516391133416464387
1516390563305734152
1516390450155995141
1516159505649778696
1516159438910115849
1516121259641344000
1516121204893093897
1516121148819447815
1516120962571411461
1516062376692535307
1516061572334075912
1516061538775445511
1516060990479212544
1516046755498012674
1516042847140651008
1516042117721858063
1516042064311595014
1516041975014858757
1516037422164946955
1516037420856360966
1516037419426058256
1516033897523470342
1516031522557599752
1515841489456279557
1515805144734220297
1515736232109789192
1515733939801006082
1515714574720319493
1515714120124878854
1515713954542145538
1515684478567563268
1515683901678706702
1515683507061891080
1515681897195651080
1515681895929061377
1515681894628798474
1515681893295046662
1515679969791418373
1515674282512293898
1515666244116140034
1515663837718011906
1515663494435246081
1515487659640111113
1515384682166239233
1515341049773932544
1515335120630296605
1515329185614643203
1515329184079527943
1515329182468820996
1515324973384151045
1515321403670736897
1515321402219540481
1515321400596250630
1515309117275090946
1515308896247812097
1515108912650932230
1515083813222813702
1515079287870795780
1515079213111558144
1515074772916490246
1515060418913476609
1515059972907929605
1515059809543933959
1515032006987550722
1515022774770745346
1515010057301377028
1515009781102219269
1515009704182833152
1515009255643963396
1514967505227374604
1514964123490136068
1514963578402623488
1514954672368500744
1514954578504126466
1514948463083106311
1514944183399854083
1514943484238647296
1514943209549574146
1514943102624096259
1514739042956587010
1514738684570091523
1514724752962863107
1514711484848300032
1514635547184189453
1514628153121120259
1514627943577890820
1514627941975707656
1514626204661432323
1514611169612353551
1514611038783561736
1514610904813359107
1514610251768602627
1514434419657900032
1514431308612599808
1514430306182320135
1514413392882126852
1514412336764792834
1514410042690183169
1514371636044070916
1514371574576521218
1514370923897393153
1514218120105263106
1514212060824965123
1514154932336615428
1514111675183427591
1514111526340157443
1514026811314692098
1514002212795535362
1513998116621484035
1513789331277697030
1513789054252318720
1513706669074644993
1513706418838257666
1513706355445559298
1513419423540908036
1513419173157761027
1513315024504295424
1513314296700489730
1513289648621117445
1513287327510155271
1513268402726608903
1513268399366975488
1513268397076848643
1513044644069793792
1513044502331760644
1512974471258419203
1512950225345802244
1512719457897967620
1512464667590942726
1512464625253888001
1512454948419784716
1512439592221392913
1512437112536240134
1512375965778907139
1512375538664497157
1512371788315045889
1512371640948207630
1512355380935987200
1512355242674987012
1512346436339441664
1512346328625553414
1512124355257511938
1512123997391101952
1512097240839503872
1512049894848184322
1512049859423277056
1512049840485711872
1512049461094236165
1512049459923931143
1512045640586571781
1512045494826119172
1512045400202653699
1512017983438213121
1512015405157658626
1512012031515316227
1512011890683265031
1511816509613649920
1511795824145190913
1511794815352061952
1511733176703541248
1511716791055261706
1511712043631628292
1511709816703655941
1511709298363088902
1511708581355307008
1511708287607181312
1511708189003243537
1511655300050395140
1511653915653287943
1511648700187226120
1511454371011301378
1511436160618438663
1511436093736071169
1511384887659532291
1511383448606412807
1511371990334152706
1511365697649139717
1511315630196244489
1511296557496389639
1511295125594460161
1511293196072017922
1511291801478520833
1511135807997939713
1511134603901386752
1511134317505830919
1511132509878247426
1511118308581560323
1511098637660663818
1511098485851967488
1511098435511984136
1511078451171758082
1511078014892838918
1511035796773609479
1511030933452906506
1511029572443291660
1511005404909785089
1511005402145640450
1510998672883998721
1510928026648862721
1510925822491861000
1510738021926244358
1510728318290702343
1510664607936958464
1510651357073707011
1510651147224297472
1510649707302989826
1510639731381518344
1510639618533863430
1510632122368802824
1510610419467046918
1510610368661499910
1510610321320431628
1510610288042811398
1510579910661844994
1510579909512605707
1510579908438892547
1510579907264487428
1510579905838333957
1510577405039157252
1510415690263678978
1510415595854045187
1510415218517676033
1510415147394813961
1510372482141806600
1510352091474280456
1510284739659370496
1510258552946016260
1510253959033892865
1510251685611986946
1510251081946779655
1510251080734715904
1510250523953451019
1510242578456797185
1510242535406505984
1510242534215331840
1510230255503654917
1510221797060448263
1510215080956370952
1510214906997530629
1510214827100278791
1510031445103939591
1510031348219715592
1509964859944972293
1509964775521927177
1509918013939765255
1509917223695134732
1509898347183841283
1509898053179879439
1509896838081613825
1509896604446334983
1509896603158654997
1509896601501904903
1509896600503701508
1509884641330802700
1509866247915294763
1509640980051468290
1509640978839261188
1509640977509662726
1509564082315214853
1509522904148492291
1509482684933935113
1509306442259615747
1509283541812756489
1509283217953730575
1509276479296843780
1509276077352534016
1509275670983196674
1509275582386909186
1509275489516589059
1509275461871980550
1509275428565000196
1509275391881625614
1509275357974867974
1509267145338892288
1509267119170592774
1509267115936727040
1509244527273512963
1509239803635814406
1509237078101483521
1509225344741658624
1509220827753025551
1509218811471351814
1509218767439601669
1509190777825546244
1509166392515387395
1509165782160269313
1509116936231309314
1509112403820265474
1508926672413802499
1508926533808885772
1508918601188839428
1508844052975861761
1508829018220548106
1508814199694282760
1508757761307426817
1508753025896271873
1508749869518835721
1508564747406483456
1508556969413685250
1508556968050536459
1508539326438813701
1508538334930419718
1508537327714459659
1508533940805677070
1508533836275236871
1508429269483065349
1508427787673165830
1508427455320805383
1508121651959021577
1508121372530204676
1508107802618871812
1508081606837383168
1508078167696809991
1507899748941971458
1507898705596325896
1507894582008233984
1507829710587416576
1507816191322120192
1507801284459515909
1507787833343455235
1507787527784120322
1507787156353433607
1507777834743439368
1507724823119765510
1507724749572648960
1507723736555921417
1507723500303302657
1507723248150134785
1507723062111879173
1507715258818904064
1507712280913403915
1507707161610264580
1507707160188407810
1507705682593783810
1507700210771845123
1507695599927373829
1507684863540973574
1507684784327303173
1507458831068114950
1507455508369788930
1507375977172717573
1507375713611096077
1507375254158651393
1507374959768838150
1507374559837700096
1507369573787578370
1507357992328572952
1507353694592978944
1507339126345015296
1507336877598298162
1507336876189011995
1507331128390307851
1507330958063722501
1507324818378694659
1507324442317553674
1507142987196907521
1507088424922189829
1507088291811794951
1507074858814951437
1507068796703772672
1507052187821776904
1507047890140778499
1507023152668454918
1507014031827103750
1507009619150839829
1506999619267579909
1506982194354565134
1506981323864522755
1506942405588754436
1506941619060236288
1506941617537789956
1506939007061708801
1506938955823988739
1506938954444165121
1506785212809854983
1506750548204306436
1506749896065437698
1506749894891032586
1506735129741467652
1506729525283110912
1506729246433161219
1506729191613599765
1506729017524826115
1506728553408339968
1506727879048110082
1506688731142578180
1506688349788069894
1506685924389830658
1506659927405772803
1506650356184489991
1506650114584190976
1506649245557964808
1506637732965191689
1506637564979347463
1506636837292544009
1506629515950317573
1506629300719599620
1506578403142643712
1506576743565561859
1506426634118782979
1506415301386190856
1506382525211553793
1506382208319242241
1506341089715830787
1506332552436592645
1506329930665275402
1506329876952924162
1506329756333182990
1506321047049621510
1506307774757617665
1506305662946807808
1506305540477140997
1506285980378148869
1506285894713679884
1506263707533336577
1506260373762105347
1506260372285706246
1506226381981683721
1506226258555936774
1506220153847128069
1506076392781500420
1506076031224098818
1506075945496686592
1506075757365317633
1506074502832312323
1506066855475167238
1506057914116628480
1506036106067910659
1506030763787132933
1506030706614538240
1506012598491254790
1506012536772378628
1506012482275786752
1506011226391732224
1506010884346318858
1505991656583139340
1505991467281567744
1505987430985437192
1505955239521890315
1505955139680677888
1505954078525906950
1505953171176308745
1505949276400148489
1505941036975198214
1505939388047450112
1505939309043539968
1505923751254413315
1505923384873566214
1505910307222437893
1505908251094921219
1505905809959661577
1505868368682835969
1505868280648581121
1505867588542382084
1505856785374134273
1505855106809483267
1505855105379229698
1505696761079341059
1505689997697077251
1505525478160953345
1505497931964628992
1505433683271958528
1505433444720934913
1505427609731014656
1505275062353498112
1505250998465359878
1505250995705577476
1505248800457170948
1505227072725143553
1505222967189401603
1505220811585568769
1505219593240948737
1505217529500758016
1505217466519097348
1505217441378361352
1505216827600691200
1505216764216496129
1505216681471143936
1505216395985907717
1505216277761036288
1505201005201268737
1505200903204139008
1505200862225870851
1505190420036284418
1505128144277188610
1505119519294967811
1505119259625631745
1505113525101862913
1505113521721249795
1505080733743808512
1505061516558540803
1504919453791768576
1504908789392150529
1504907683450679296
1504906163950817283
1504861339528810502
1504583993760620545
1504583696007016454
1504577266168348683
1504566616939499520
1504545742756749326
1504545710737350657
1504544291145797642
1504403477128261632
1504234354276552707
1504230911369437186
1504217291151626245
1504217178358353930
1504180283049922563
1504180038773653509
1504179840009789446
1504169174368665602
1504151827905974274
1504151806049456131
1504151803851689994
1504134973913186304
1504101862169010186
1504097915333140484
1504081914143158277
1504046568974045195
1503901422127095814
1503900862124785667
1503800138560679950
1503800048714452992
1503785809090129924
1503785341324607488
1503783697933295619
1503747427081367577
1503684117828980744
1503684116398710786
1503682809851957249
1503678721357660164
1503526057596669952
1503440947648122885
1503438553467994113
1503437945537277959
1503411866646855688
1503409776373477380
1503409577869692936
1503380770198630401
1503112917591416842
1503111880927285261
1503102207968919554
1503089810990321664
1503024600426369034
1503024074431381505
1503019111164657673
1503011842276397061
1503011777671569418
1502983000610549763
1502982485004754947
1502982271250407424
1502982163884609539
1502981865430470656
1502981864583274503
1502981863740252169
1502981862502932481
1502836770769149957
1502836597049507841
1502836048312909829
1502835897674391555
1502634383764865026
1502410527607345154
1502374035635818503
1502369794636582924
1502369749178765312
1502369696812838934
1502360178880098306
1502351064980414464
1502350575253565449
1502290697424093193
1502290372805992448
1502290243327832064
1502284154418966529
1502283172364623878
1502278555266387977
1502278553928450054
1502278552544292864
1502278551218831367
1502278549650161665
1502110612805107749
1502085718994210835
1502085717572341797
1502085716238553096
1502082117693493271
1502071522290192402
1502050885886742540
1502049836543225856
1502049536998617093
1501955344393723905
1501955291872739329
1501949642208002057
1501949598973108227
1501945924871811073
1501945276486983686
1501938001877692421
1501926767115882500
1501926752041508865
1501926542649212935
1501924957768630278
1501896150017789957
1501892973059059713
1501892705819013124
1501886917713211392
1501880321075302401
1501737744321630209
1501715336424472576
1501708700309934085
1501692734788227072
1501692609869328385
1501692150542745601
1501661653317918730
1501659648738439174
1501659593465901058
1501656230879711237
1501654397641805829
1501647710016974851
1501639419811487748
1501614045258031106
1501592044330004487
1501591933638086662
1501569976859340804
1501569975571689480
1501558595456016395
1501548194571952133
1501548131971964930
1501547348501184519
1501330575365394432
1501328690151632900
1501316645414965249
1501305193698414605
1501303751130243073
1501289533681258496
1501274051314167812
1501273688049606660
1501251966139191296
1501232831279808520
1501232643752398850
1501231851108585472
1501230960960237568
1501227837050609665
1501211352848912392
1501202984398692363
1501202889032744963
1501202654609002499
1501012197916524559
1501012051992453121
1501007235790553090
1501007154756657159
1501003918117122050
1501002126683746305
1501001976229814273
1500966695355179008
1500942108043137025
1500907107352289283
1500881544252117001
1500878203841359874
1500841672049053700
1500841670815928328
1500840822715162624
1500820563417350149
1500820436019552257
1500820256448724993
1500808632480382976
1500808588335403008
1500652745661218816
1500650226553700356
1500637631377551360
1500636216940765185
1500574935860879361
1500526164284223488
1500510978672414723
1500508889330208772
1500508888034160642
1500508316706951172
1500507939156676611
1500507705013903361
1500507408094973956
1500504034263932930
1500502601644883971
1500502232663474177
1500501720430166018
1500501642009063435
1500501556189450241
1500483032016375811
1500482263317893120
1500471570346745863
1500471568903909380
1500470001320579074
1500461535507984391
1500231354281500672
1500223618491559938
1500217549920911365
1500211379978096645
1500206509992644612
1500201258988228612
1500201215162044420
1500146286451961858
1500145695533195264
1500145390909333506
1500137509279485964
1500113069346738176
1499961774447075331
1499961205468790784
1499957715900059652
1499957561881022465
1499903662784581635
1499903373767626752
1499903287188811777
1499608237619830785
1499563905617645571
1499558586342682627
1499551665296486414
1499551568873631752
1499476900065988608
1499476063164014595
1499475845311868941
1499475581821460488
1499475400396791808
1499471280524959744
1499459040224714761
1499455748505583618
1499455573359800324
1499454474653507588
1499429379314753538
1499429186678796288
1499429056852418569
1499389296863764480
1499356074792693760
1499190022251102217
1499184313413345282
1499183823837437956
1499183642463150083
1499149985346207747
1499102530034442244
1499098876690771970
1499094063894700043
1499086269242040323
1499086203521482752
1499085689262116866
1499084295700422668
1499063525540519940
1499062623815573505
1499051388915048452
1499051212439703552
1499045344927227906
1499034310841614340
1498996952272457730
1498994628829368321
1498994513326575621
1498864198503342081
1498861164398321667
1498861121121492994
1498861119837986824
1498851710953005057
1498847689290788880
1498846361734758406
1498843649324507137
1498840591618166785
1498825997927526403
1498786562049458184
1498779962840657930
1498779679339294721
1498772079910572041
1498735347706044419
1498735287979155466
1498712559179943938
1498712483133075463
1498712257102061574
1498685549036638216
1498684414695456779
1498684036352512003
1498665329081344007
1498665058594922497
1498664966328668166
1498631175765737478
1498630996463427591
1498626174142095361
1498625827768045570
1498625826589454340
1498484870695247878
1498484411641344002
1498444337335648265
1498423964128976898
1498360005933903874
1498353725525610498
1498312289799258114
1498311893156605953
1498309147036635136
1498259205354053641
1498258470784712705
1498257166079307776
1498257102799835137
1498256972210188290
1498111786154868737
1498111600393433094
1498111052189470722
1498110631064571905
1498109810792931329
1498107683756396545
1498104486233006084
1498092605627895811
1498092436622659585
1498084169317904386
1498047038528933889
1498003935608586243
1497997919546269700
1497996701956780033
1497996063436910595
1497995678550794243
1497994866625818629
1497993107908050952
1497982584495783937
1497958662215716869
1497946125575372802
1497945282578980876
1497934615876571138
1497934229908324354
1497933682400714754
1497932258195304455
1497927587468910598
1497926463802290176
1497925774539689990
1497759679568568320
1497747548081115141
1497747418783363076
1497747331646730242
1497670661757669377
1497668388616818693
1497656366793732101
1497650695138332675
1497649841748561926
1497649692934557702
1497644345360453635
1497641446953955330
1497640674082140163
1497631648489299984
1497631560979423234
1497619886721441796
1497616449749278723
1497615207006453770
1497584568584445952
1497572825615454215
1497572325725720578
1497572252744884226
1497571966353563648
1497571859470200835
1497411150685872133
1497410466724950021
1497406512460873729
1497366725972615168
1497305598639046657
1497305118991077388
1497305110120177664
1497219106075906052
1497218606496628744
1497218438804213768
1497217322947330091
1497200739474546690
1497199779205591040
1497197798332244012
1497197610184155155
1497186773709082627
1497185807450443777
1497185031168659464
1497029255305342986
1497024763977691137
1496988979912232960
1496987669812887552
1496960014929514504
1496910119921201154
1496910034441314304
1496903944626442241
1496903546561781760
1496868979280781312
1496864264619008003
1496862884588142596
1496862882243518473
1496860328025628673
1496859554906521602
1496859163460345869
1496858951778185218
1496858950062559232
1496857762520866817
1496857760289411085
1496844307688566789
1496672534598668295
1496669381107064837
1496635910259159042
1496632267145465860
1496630661465223168
1496630558906011655
1496630549632401414
1496622111762395137
1496596561983426575
1496596495847600134
1496596363773100041
1496569602230439945
1496566860548030465
1496566659238215685
1496530731291582475
1496530359684677638
1496490555899002882
1496490436432703490
1496490309219491847
1496490098828918789
1496473215627104266
1496317537356767242
1496271777890246656
1496271612450160643
1496271601599451137
1496254982311534599
1496242685300158465
1496203696497119232
1496203470298402824
1496199735832629253
1496145891887042575
1496139273535475715
1496137470349611010
1496113610006933508
1496113607200890881
1495944829188063234
1495874207867092999
1495874051583135745
1495812141563236353
1495776950329257989
1495775450819407881
1495573987849605125
1495573985966366729
1495395016214294535
1495389717247975425
1495246378422964233
1495175202174640132
1495120807881854981
1495104365861945346
1495041026356129798
1495029823814647808
1494738524234526728
1494736221758791682
1494732890206261250
1494732885882032131
1494732880567808003
1494703447756742659
1494699142907629568
1494698595953614852
1494682577873035273
1494681970265178122
1494658770781278212
1494658454149074944
1494658314235437058
1494654882334261251
1494650849737461764
1494650521625542656
1494488555699286033
1494460988665610245
1494424244226338822
1494417847593971719
1494417036834918406
1494415976565194752
1494415728354734080
1494395238739230720
1494362470995087360
1494329430797271050
1494327315932741636
1494311851663966210
1494276712082911232
1494107791769939968
1494087791738863618
1494087697350152201
1494081728947838979
1494054367246180352
1494045861235544070
1494024327670423556
1494020867604594692
1493986542829907971
1493986506209329153
1493984537206038529
1493960793234231297
1493958689996345355
1493957615516327937
1493957614161510403
1493948272515420160
1493913151435333635
1493912808114774020
1493911500746014724
1493909704522846217
1493909044364562433
1493907558435860483
1493774913555111936
1493774566472122378
1493723729725206528
1493700310165962752
1493656519350665222
1493656437364559881
1493608409425395729
1493561393093787649
1493552096469204997
1493548055089627136
1493547538997297152
1493366824653701121
1493360998928904194
1493360885032792065
1493289709614809091
1493289090682441731
1493184739062206466
1493182954834743300
1493182622549299200
1493030957573619714
1493021128675180545
1492972240538947585
1492949863046299650
1492921151680622598
1492901189977055238
1492895574923878403
1492886225501491201
1492883521165275139
1492883020122148867
1492882874483236867
1492882872490991617
1492845662320443402
1492845616111706115
1492697921690685440
1492641132949426176
1492640145790623750
1492594785349251072
1492518395396464661
1492517458334433280
1492514311327072259
1492482852893732865
1492482490002513922
1492292748241743878
1492233671079825412
1492211155753914368
1492211000111730699
1492198893647507458
1492166636803088389
1492165480693522440
1492130089278095361
1491912680860524547
1491912308850896897
1491857493764591628
1491857363107819522
1491788070689013763
1491783238263525384
1491779458428284928
1491749667486449671
1491739873581092870
1491586705568063491
1491586191350804481
1491565961031389186
