1534667208672088064
1534629846835421191
1534565959746322432
1534359592007831552
1534323524462161920
1534215147866275840
1534012012438618112
1533946635465764869
1533876328713306112
1533832481388081152
1533225419624816640
1533157287896006657
1532837424426106885
1532796893629145089
1532769889676582912
1532503586428661760
1532476413965656070
1532450626537504773
1532417589628084224
1532138676402241544
1532100061185851396
1532026690003681282
1531838687167885312
1531837145169727489
1531793591680516097
1531749650356744203
1531683571924074496
1531346437878865920
1531009469726982144
1530659214753820672
1529936124134801410
1529899573287825413
1529232545568677888
1529232544410894338
1529232542607585283
1529232541412052992
1529186437270278153
1529138638164004864
1528941130842505216
1528847598806761473
1528788062871998466
1528516982793986048
1528438923558637568
1528157784419749893
1528118589357756417
1528082493462781953
1527799588425551872
1527799572734611458
1527471786715119619
1527418548968116235
1527366006821138445
1527105085188280320
1527028251587141635
1526984876574093315
1526716395119120384
1526670488126341123
1526608684301819905
1526358748935110656
1526329557028061185
1526293137932660739
1526234057041911808
1525994108841512960
1525954374316482570
1525554250453073921
1525195165060812802
1525153544554307584
1524918324462747651
1524916172986122241
1524864178703548449
1524776788018221057
1524469032119898112
1524423526639411204
1524205190014021632
1524148675009826816
1524119800372678657
1524080653935038465
1523861900601303041
1523784443885805569
1523744565651718144
1523695531947859968
1523318071435603968
1523041805171937281
1522688054930161666
1522644897546870785
1522600894403125248
1522401162481254401
1522368049852162049
1522349374701031425
1522349373648166913
1522286141050961925
1522216749080317955
1522005764415631375
1521917441261150208
1521633968982007808
1521574152699879431
1521540170608259072
1521466545343455232
1521263094827257860
1521207599403831302
1521154479684567042
1520902407005347840
1520824151686139906
1520541973651902466
1520471977147969536
1520126761815744512
1520096582779252736
1519870399793799168
1519814611658321921
1519771388986511366
1519710988441985024
1519515833688633344
1519465024984649732
1519437857882099717
1519402126300098564
1519350037704327170
1519122321700761600
1519063848585732096
1519007960088911874
1518751936878727169
1518698644777705477
1518629570123120641
1518327085282074627
1518272644579176448
1518035760351490048
1518015905451716612
1517920549875462144
1517636621658689541
1517636620475940864
1517635667001495552
1517615385562030080
1517582005889818625
1517533700342353921
1517317817489674241
1517308063132405762
1517253920925569028
1517182791573774337
1516965913878319105
1516929316566839296
1516889108605509633
1516858149260701700
1516801546935320576
1516616776645283840
1516529081776541708
1516448172322824197
1516395191183286280
1516395184199720966
1516255979700162567
1516174506095779846
1516113448337354755
1515708605600874499
1515466778956255238
1515379731906052100
1515095542665203716
1515069196467679238
1514996759294095368
1514792792907603977
1514774427317129216
1514759127943331849
1514704877267599367
1514652203411296264
1514431356234870787
1514431351788875776
1514431347150012416
1514401765910851590
1514336879952412674
1514281314328981508
1514044554806190083
1513985816766423043
1513940107472031752
1513912682231078914
1513716543632388097
1513703495362355200
1513640852412846081
1513623598623244294
1513600993832968196
1513586351932903424
1513554768534323202
1513192572730155012
1512905178021826569
1512839943114141696
1512599000389754883
1512533045701910529
1512455909611655168
1512268510659031040
1512214735357419528
1512173903472381952
1512133011323686912
1512115633433071622
1512115631843418118
1511897043438125057
1511864546901827585
1511858772796452872
1511821401057017867
1511821400058781709
1511742157404704768
1511515072740433922
1511468027283398670
1511411403105656837
1511137385148522496
1511049743954235402
1510963439258251270
1510713470446149637
1510666912820248589
1510396355180646402
1510320753840906245
1510053083816022020
1510008942734323716
1509973487292669960
1509698058229096454
1509636541978750977
1509601925771272201
1509587917424975881
1509212617780441092
1509195380390600704
1508935325112053761
1508907081558110211
1508885534650814466
1508859403256184833
1508586005917491207
1508551419556737024
1508489667267772430
1508255677512355843
1508145620942565390
1507798692778102786
1507444906058559490
1507402645518098436
1507152810470739970
1507050330059689989
1506820852838453251
1506770460519903244
1506655238966628359
1506459394397159424
1506424410412097543
1506378723351740418
1506024807347134464
1505967376780648458
1505618818500079618
1505264313614929933
1504859074613202950
1504669393841704988
1504605517594992650
1504570008051101700
1504521182200143876
1504507795118477317
1504289422816256001
1504239345787625472
1504186874444890122
1504111923872374785
1503924365225869314
1503916169056641028
1503868380868190215
1503814666753032192
1503775248801570829
1503475424835293192
1503399369046900739
1503161490982854658
1503068636998778884
1502751948558278665
1502700239500816389
1502381177491148803
1502325298259505153
1502096070180057088
1502044990456926211
1501998212894412805
1501723852849782788
1501675457837682688
1501622785956790280
1501395716496838661
1501356474102075400
1501304664272289799
1501304663366418441
1501257606957961217
1501034949419409418
1500991076382953473
1500932914690863110
1500897297886023682
1500871356564582404
1500621110878117891
1500551813732483079
1500219818892578817
1500172294051799048
1499841674146717700
1499815531054272514
1499771455789473797
1499483217426100226
1499483216369041411
1499440722340163584
1499221822503587845
1499188271963942914
1499134249668067335
1499070985022193672
1498848375831203846
1498844097372692481
1498823640573489154
1498781309778472965
1498755865767292939
1498705175925735428
1498495858601607169
1498448037693300746
1498448036783079431
1498424172963323909
1498384584723079169
1498087664624431105
1498038335025123328
1497676262197714949
1497639629519998979
1497355879099912192
1497293838406365189
1496709428715958275
1496709427579211777
1496709426392313861
1496654882165739520
1496601493968986117
1496543697286139912
1496190460511072265
1496190458837585929
1495548080208465920
1495474919030902790
1495100245826547713
1494856133722398721
1494790707999084546
1494721754895458306
1494524384542871555
1494495872301903894
1494445939909664769
1494400340678127619
1493972515898773504
1493748747179802624
1493726291966586880
1493678608551981058
1493631130469384195
1493422056268087298
1493391259603546113
1493351877739794433
1493297261350109187
1493231635298504709
1492989310685134849
1492955958506573826
1492899023275147266
1492661086369296385
1492608381672120325
1492566029653917705
1492264308901822464
1492241704015077376
1492239427397115910
1492212681654345731
1492173493185785858
1491971971814510595
1491932869413027842
1491830127747125250
1491571471344353281
1491544728789204992
