1534551718217777154
1534551362930937856
1534543592844410882
1534519853926735874
1533962904109711361
1532071751013658625
1526371803458846727
1526365540377415683
1526227987250782219
1526208803070521345
1524063914459381761
1523709134851387392
1522651277133549568
1521489769137647629
1521482206471876608
1521119819906437121
1521119819143294976
1520402593704558593
1520188017356550145
1520126976668880898
1520040204223991808
1519792927601479681
1519773003944505350
1519770852828532738
1519753318226092034
1519753317475254272
1519414839214546945
1519399233912287240
1519337000003936257
1519113387216719874
1518977363714924545
1518954452199292929
1518952402333933568
1518946533412163587
1518940457451110400
1518940457337868289
1518671683036581891
1518670939659157506
1518228266019999745
1518228265382645760
1517512297136099328
1517512297022898177
1517223035870318593
1517222902738923521
1516884661825323008
1516788779562024979
1516488365851488260
1516065262428209154
1516065262109298688
1515676456919044096
1514951687965880322
1514620189064712193
1514619985968128000
1514617665595207680
1514331878572056582
1514331529303973890
1514264649532858369
1514264648886931471
1513976467604054026
1513939306485846022
1513906034682736643
1513906034611474436
1513570806038728705
1512156020994461707
1512135308116115459
1512128421006094346
1512094943023620096
1512094935369097223
1512087061209096197
1512087025133899785
1512068271771512836
1512067997485056009
1511806497612836872
1511806336920604678
1511745528928817158
1511745463598387208
1511706858200969216
1511706516440633355
1511019061953675265
1511018660122476546
1509978883512320004
1509974434253262855
1509905180384505881
1509633267305263114
1509615873056600064
1509242009936183296
1509209338916843528
1508929388775194624
1508493838570119170
1508493688414081031
1507425540822679561
1507102878401507330
1506725256656044040
1506291327692161043
1505995570149838854
1505989294334353415
1505003233609138178
1504896577252597765
1504538571184783365
1504538469426733063
1504533190983180296
1504459550979678208
1504459319424729093
1504106812576043017
1504080239114309633
1503829934149672964
1503823522367483914
1503794918354993153
1502336954364579845
1502332667001544709
1501648855456178185
1501611634103660549
1501327300209508354
1501323856153300996
1501323407308300288
1501294637369237511
1501277895301517322
1501277781614903302
1501276980066484225
1501276857475469324
1501276565853909009
1501275307067596802
1501217164870754305
1500943707847237632
1500937038635454465
1499805605833363456
1499492404704866306
1499480963218391043
1499480940187377670
1499046758109917197
1498753366163443719
1498737112392294407
1498684075460206606
1497732076329582595
1497305330144976899
1497228708515651614
1494681311298129920
1494674421491150850
1494357746837245952
1494357462228611074
1494352672094306308
1493639209126608897
1493342396662358019
1493270059917131778
1493269412236963846
1491852991464361985
