1534662045609648128
1534236813660938240
1533625016004354048
1533607126358278144
1532861101121146880
1532778527665311745
1532778514545618947
1531697840044515328
1531648985882152960
1531271712494477315
1531271699366395906
1530965499894546432
1530675655494381569
1530654514772070402
1530601882724487168
1529884675245846533
1529781992186855425
1529557899252535296
1529515306535768085
1529279837977948160
1528481004280758273
1528431800393076736
1528078730198917124
1528078723597090816
1528078717150547968
1528075571997057024
1527795463851855872
1527756085398052865
1527342091612790784
1527064471382142979
1526719637462843394
1525967252910219272
1525605708758233091
1525198038838419459
1525198036640595969
1524844608160682005
1524714957258080257
1524517021903323136
1524498614411702272
1523458259113639939
1523019558465986561
1522930748310921217
1522667698605461505
1522667696026005505
1522667687087910912
1522667679756214277
1522667669601804293
1522667662316298242
1522667650622627840
1522236236987084800
1521444605123772417
1521234054301028360
1519781767904956417
1519440741843537923
1519322698220023808
1517595473934172160
1517577999817875457
1517548888688898050
1516844327904989190
1516839190675304450
1516833838764277760
1516830196313247746
1516048164574408708
1515082917227212805
1514000278793723905
1512429431444410369
1512132538407477269
1512072604303052810
1511851471163252736
1511753891041447937
1511071442447867909
1509650972376764422
1509553919650938885
1509553916454719488
1509339378321170432
1509289810866982914
1509288359906131970
1508941546019766276
1508940519384223745
1508604472825724930
1508604470288130054
1508443643715141633
1508432981869924366
1508174368584744964
1508155795711614980
1508045674763464708
1507780668620742665
1507749744126447619
1507479469522575360
1507447212430831621
1507447182164639750
1507135405849776131
1507107414407057411
1506756535829028878
1506388717338038287
1506303841775636483
1506029457487933443
1505685926223257600
1504571491689672709
1504464561600086019
1504220069198450691
1504170508715188229
1504070412451426305
1504051839985147905
1503856123820060674
1503465671623122951
1503393740890722309
1503360927562883076
1502389600312037384
1502350875284627458
1501655192529428481
1501633454907269128
1501633453208522767
1501633451870539787
1501633450494898180
1501633448401907723
1501633447156191232
1501633445881069569
1501633444299878403
1501633442601218048
1501633441158336519
1501633439165988865
1501533255543431168
1501382581069172739
1501308846396039169
1501254000137674759
1500983790096822276
1500955804626735109
1500835895158714370
1500548731233615883
1500257155953352706
1500170105434554373
1500107318918266882
1499854163274080257
1499728618183958528
1499485780141613057
1499438573795295240
1499435812185911304
1499220809688223744
1499220793158479877
1499070557219954688
1499067452558385153
1498854857922519040
1498853106737631239
1498850049358454785
1498843648762519554
1498838393140260864
1498805171618525190
1498805126311690241
1498783642734272517
1498749961407762433
1498724008036024324
1498470379303616516
1498470361834434561
1498442054623543296
1498441991121772548
1498441990307991557
1498441989028782090
1498326910333501442
1498084632897544196
1497923538652594176
1497923512106991618
1497612654554324994
1497610373951803405
1497539501211754499
1497239010145718274
1496915667802537987
1496903108802355206
1496896090079219721
1496848022680096776
1496839413250330625
1496839394501742597
1496829942411116547
1496814601836584967
1496630699733966850
1496630697754341378
1496224394955395074
1496224393143402507
1495913214231859205
1494811290711248900
1494804174566936577
1494804144091066369
1494780385540124676
1494760201756549124
1494421883982331906
1494417731990532097
1494360142137249792
1493698997239922693
1493333439596187651
1493270794637619204
1492900730419744769
1492900728414908427
1492275493462327296
1492275486831124486
1492275485157511174
1491914046605611012
1491875107555454977
1491561821781831687
