1534390234342903809
1534337235876777986
1534000203061243905
1533997641641730048
1533971903320403969
1533109547711221763
1532735923334656000
1532177572112609281
1531718691129278465
1531424086777290757
1531323496080498696
1527849617420955649
1527726253423435776
1527726251770781697
1527346287418707968
1527326167300448258
1527324962520178688
1527324781900873728
1527324118781026307
1527324117221150726
1527324115299753985
1527017183783550976
1526932464610033664
1525271508142137345
1525158313104756737
1524968559432146965
1524761141657935872
1524760372791631873
1524606940298493953
1524605259821297664
1524402903456399360
1524384854787436544
1524381839397466114
1524219990588764161
1524219985517764611
1524211308199124992
1524211306479427584
1524172446454190080
1523395353868836865
1523168318512934913
1523167761412681733
1523112155968843776
1522391631021891586
1522013000969994240
1521875925541036032
1521845472675213317
1520982221112233984
1520809890012405763
1520805839245881349
1520793417684590594
1520772238928224256
1520607147813339137
1520607083359793152
1520264176693874689
1520263858476175361
1520212699690459136
1520126277176463361
1520126276111060994
1520126274701832199
1520098494119301120
1519821755954745344
1519707197067907072
1519703274835877888
1519703272252231681
1519686572983083008
1519543383831814145
1519315729002250240
1519051210480922624
1518785257272745985
1518765581708795905
1518730299508731911
1518705360403677184
1518609672508477440
1518589471729532932
1518564727969959936
1518554099423354881
1518410830982922244
1518100055420551168
1518100054438989824
1518094240626130944
1518058148577386496
1518025807029022721
1518004603291328512
1517261182301839360
1516610485503676425
1516237351063896068
1516205740146450443
1516201692634693632
1515051583280758793
1514632006486962178
1514361690728673284
1513900675553538049
1513594525633191942
1512829028037763076
1512826974615527426
1512409391227719687
1512405934852784130
1512378280002916357
1512238418679541775
1512191829915181057
1512185597582098434
1511887431854956545
1511776659699118083
1511446448537280512
1511364697311772673
1511150464695480327
1511088384936222731
1511086847312678922
1511077684952064011
1510932347839037442
1510376721995993098
1509941890245922818
1509910418717876237
1509737706242420746
1509257125507350529
1509168629757190154
1508809066394656769
1508450470033072135
1508280190681628673
1508077247340683268
1507565585328181249
1507545915749552129
1507408860956758016
1507368936983179266
1506997410677116937
1506836727884918786
1506822707253551105
1506332142451798018
1506332141097037832
1506332139926835214
1505389998132150272
1504997183891943426
1504997182461599754
1504778759769104387
1504649145390448641
1504642432960548865
1504637215179161601
1504636855735697409
1504633849527033856
1504633658862456837
1504633064735092757
1504632721808703491
1504623374848479234
1504586674646491140
1504574373419757576
1504573157751021568
1504572457239384069
1501932874173349898
1501768227948478465
1501723577229393920
1501712585879601154
1501707840985378816
1501704578336706566
1501704562574606340
1501646627114819589
1501572529013628934
1501414856246894596
1501403031094673409
1501400029562646529
1501396420045197313
1501352925418897409
1501287265577885696
1501247713249267717
1501247711726776324
1501206545606103040
1500968961030164482
1500965983992877059
1500943962441281537
1500906662466621449
1500866724018761737
1500862641903910918
1500862637789298697
1500619825483235332
1500161482511863808
1500161365390020612
1500161195801784321
1500158801542103051
1500158719602089984
1500158614786523147
1500158486805626886
1500156474001174531
1500156471299952641
1499825169313017857
1499813951445606409
1499546891134009346
1499544008355315712
1499534926575587360
1499532026386743297
1499531631530774528
1499531622906875917
1499380209707016197
1499332896238317568
1499236211948404737
1499103265048473604
1499094256908226569
1498886149179424772
1498874493376286722
1498873778306228228
1498872319611215874
1498870901701545984
1498705784854794244
1498620618224377858
1498619615055908865
1498272186582409216
1498270080433541126
1498030768299331584
1498030764121903112
1497940604239716358
1497928114583662592
1497621284020269063
1497617644102590473
1497601844939575296
1497570028631306240
1497557951313235970
1497388129325666307
1497384119977787400
1497369884958810113
1497367615714508804
1497367600657010691
1497259302880489479
1496944266903494660
1496944265045364739
1496915333529153537
1496915309978013700
1496899672882958345
1496861767016001542
1496852618592886795
1496833227990138880
1494904191097217032
1494849942187167746
1494849938483601408
1494849934633234433
1494849930296324097
1494849924550172675
1494837909546954752
1494810730796834820
1494798984681951236
1494787411485675520
1494676026651258886
1494478047449341954
1494478045960450058
1494459931872960512
1494371813845090304
1494175535353708544
1494151204942843913
1493666756753252353
1492908948176969734
1492702675917586436
1492702232789360641
1492392818131849216
1492167829499564034
1492046957455491076
1492036285460062209
1492030320002146320
1492029182330740750
1492023374670929932
1492021293427924992
1492008810478776335
1491995422931496966
1491993377742675971
1491993376216031232
1491914252042616843
1491913351726870536
1491911153689280518
1491862315171557380
1491773644942585864
1491650344413278220
1491556476489457669
1491541832773349376
