1534671623684513792
1534647507782885377
1534551211382390785
1534249620104261634
1534245022962487296
1534245021834166274
1534245020814934016
1534245019820998661
1534245018499788801
1534230832730329088
1533946847110131712
1533886440295354376
1533855133200797696
1532829478577119233
1532784183956885510
1532734896442966016
1532497288920068096
1532436900052619287
1532404577546514432
1532104705723076610
1532059406715723779
1532016738816106499
1531746149866127360
1531335557166600195
1530230535175413761
1529845348881117188
1529212199813652484
1529210953384042496
1529210951370543104
1529192105431781378
1529147849967009792
1528873409085513728
1528797957230936068
1528766535237615616
1527740952105955334
1527655249342873601
1527393661822042112
1527334453156012038
1527309605159571463
1527027587641401352
1527024572566065152
1526986450503335938
1526986448989310979
1526939173541888000
1526672954716717060
1526631135739932672
1526523150883860483
1526326829086302208
1526276299546718208
1526227118740340736
1525824200761565185
1525207737608683521
1525173818582499328
1525147375068749826
1524887145760055327
1524856949774467110
1524839413863399424
1524790036742426624
1524524755608641538
1524494556439449606
1524484125847130113
1524477980931768325
1524409234812813312
1524145056000655363
1524061651900805123
1524055953204731904
1523756822028783616
1523704966980190208
1523301700609744897
1522690167420510209
1522667517289930754
1522623776994775040
1522622554707476483
1522320229992304640
1522276564263649280
1522240252022251520
1521988041186988032
1521956820193263616
1521912545052962817
1521911698105544704
1521867716470231041
1521526296546881537
1521505588143869953
1521505048123121664
1521173924502859777
1521136151708459008
1520145908096143360
1520117860965699585
1520064719947812866
1520030706969235457
1519805752025796609
1519739846423719940
1519693676246704129
1519689277457711104
1519678537279623168
1519426638915719170
1519374778813009921
1519348090607652864
1519347982126174210
1519088937964171264
1519043640525471747
1518984795673538560
1518726548852981761
1518632391421669381
1518618977492246531
1517609188951699457
1517563888107081728
1517535254961086465
1517276996295876611
1517216599039627264
1517161823987929089
1516884417100328967
1516854432167862276
1516808098643591169
1516796309394628610
1516491833102286858
1516457480548716547
1516174734811009024
1516099239092228096
1516066999708930052
1515706651440926726
1515389563102846979
1515027178517377039
1514996980824559626
1514975239003852800
1514747995681701892
1514687356221239302
1514674596171108361
1514640697911136268
1514607935585878027
1514355243982675971
1514283196611010566
1514256184676597760
1513984720559919110
1513911228808183812
1513625233957261324
1513562527828959235
1513530779237814278
1513163156528549893
1512842919270658049
1512842821908275205
1512460257926295557
1512180916885487616
1512135224901181450
1512111752808390657
1511799290544467968
1511740504924372994
1511454700457103369
1511454699064545291
1511435649110495233
1511409034699624454
1511381239919521793
1511381238329847813
1511093753670365185
1511057236046585862
1511057179473756160
1511049307243397123
1511049305838215173
1511045901334233091
1511001749070524421
1510989458727968768
1510285940241178634
1510255742212706310
1509983942190981124
1509938650460704777
1509915008985092102
1509899840305704982
1509651761983680513
1509621558226133010
1509591134510751748
1509554155744116743
1509537117713612806
1509289365737902080
1509228968347672579
1509205872819544075
1509205111641362437
1508931618349670404
1508931617137508354
1508919428548759555
1508881677933703170
1508874278934036488
1508863410443857922
1508863409382739971
1508863408267051013
1508559385253064716
1508504196819025920
1508463211615604739
1507462327439929349
1507455453852143617
1507439676893892609
1507391133898481676
1507363854128402438
1507115039227932678
1507090581662711808
1507075131721592841
1507064512872075267
1507020387342864384
1507002332868976642
1506752656303398915
1506737823075946507
1506722449999613952
1506696877307269120
1506673446142582791
1506673089366614018
1506379600896667657
1506344970101288960
1506292754749534211
1506027878521090048
1505950903999868928
1505913419513442304
1504933159636508676
1504902960664367104
1504865227057287171
1504843083653001217
1504563231045689350
1504533025840893962
1504512167487410177
1504498680514203648
1504484491271688207
1504192911319175181
1504179426413748234
1504170635118866434
1504139167382577154
1503868649865687042
1503839756744077322
1503808255339814913
1503762794663059459
1503729967754096651
1503491158747619330
1503445862025998339
1503397943482761218
1502403998359375874
1502373797084774407
1502339992164651015
1501991658463928322
1501946004601335814
1501945891480948740
1501690543406944258
1501661333787402247
1501595535920218113
1501288994289725447
1501288891051122691
1501267273658650627
1501229315522174980
1501229141601193984
1500969542704578567
1500954445114327040
1500953272613580810
1500924244510793735
1500888826058887175
1499867283480453120
1499837087402627073
1499798609805692928
1499785043685875716
1499519996518715397
1499464090116366345
1499432983761145858
1499412554799538178
1499127404819738624
1499112306805985284
1499103619030921216
1499084505084223495
1499052155159953413
1498858592090439683
1498857490590666752
1498855929198137350
1498855050495643651
1498854835055206400
1498850863200313350
1498850239255568389
1498849411207680000
1498847135068004353
1498846714064744456
1498844317649092608
1498827359285358602
1498750140156424197
1498735479625334787
1498410180274311168
1498368853356662784
1498368851259625474
1498368848973737992
1498368846943690761
1498368844519325699
1497315471011557382
1497248926562455552
1496840762511998978
1496839274171629569
1496696010504126470
1496620894801825801
1496590691555704833
1496554564014780422
1496492710991175689
1496243403968946178
1496155053467615238
1494801399024078849
1494771201109020674
1494755654363459586
1494695137364033537
1494431466419208194
1494399356610490373
1494371269139128323
1494084180665245698
1494023776693997568
1494001152228306947
1493706685600329729
1493646296015638535
1493600189956993039
1493299003546472448
1493267509147013129
1493247260712443912
1492248538729877507
1492248472401104897
1492231295140827142
1492201930281697285
1492143652667367426
1491894749518725137
1491844096222191619
1491813762436898821
1491593393880895498
