1534675584277790721
1534625892315561992
1532813277671174145
1532813275687268356
1532795060726771712
1532406358208815105
1532406353859338241
1532091681796931588
1532091677061554176
1531645433747058688
1531410447320104960
1531409301662744576
1531409299259510785
1529900513461948438
1529481073100566531
1529481072219766785
1529481070676443137
1529209285858689024
1529209283618803713
1529199756433571840
1529199754479128578
1529194884418215936
1529111764318953473
1528824675706540038
1528155869178998784
1527679745097355265
1527679743658696709
1527387153482649600
1527387152308490241
1526972545362182145
1526945877058781185
1526723143196454913
1526673107016208391
1526630545291153408
1526559820307996672
1526559817971679232
1525817630132674561
1525817627645464577
1525485046831906816
1525485044793544705
1525307175362519040
1525133994999832576
1525133993821208579
1525133992919547907
1525133989929009155
1524848885168062493
1524797374782218241
1524516830496366592
1524160171563491328
1524099471080103941
1523779950972932096
1523682244614758400
1523682241209323520
1523675669372477440
1523471970574434305
1522740930092191744
1522740928762499072
1522652913843294209
1522622933356720129
1522622932220010499
1522614241156603904
1522614239214583810
1522328334683807745
1522249432502312960
1522234648453070848
1521960818216161280
1521960484488060930
1521585773686018050
1521585754966736897
1521557692619399169
1521557691545657345
1521181673139978241
1520884593871699968
1520374655735013376
1520158020789059592
1520141079634489346
1520141078585819140
1519775223859625984
1519775222454444032
1519775221032574976
1519710760926162944
1519710556038569986
1519700530410541062
1519089741559439361
1519063202478362624
1519014108305272833
1518713950812180483
1518713948329201669
1518712573142708226
1517887531244740609
1517887529374162945
1517540032617324552
1517481043942592514
1517226924728373250
1517131251383255041
1517131249097355265
1516806923651272704
1516806922128982018
1516781333804208129
1516526031489884166
1516501861183930368
1516472594911928321
1516472593670455296
1516182814970068997
1516182812122140673
1516156869290696707
1515781411722207232
1515452357403979780
1515452356560891907
1515452355663339526
1515452354379853829
1515302502828290051
1514980334030528514
1514703075017121805
1514330894957522946
1514330893137162241
1513974038527459333
1513974036933619722
1513905626824466440
1513905625322844161
1513627206890762244
1513627205624020992
1513627204038574081
1513573297803472906
1512525132799037443
1512525131373060109
1512487509514612736
1512186409095991301
1512186408118673410
1512186406185091076
1512155228359045123
1512154264671563781
1511895553482838020
1511895552581120005
1511771999479255040
1511770911246110726
1511770631364386822
1511469944743112706
1511451270015557637
1511409411931181059
1511381243606282252
1511088116693622790
1511088115175280640
1511053185489817612
1510997214193192974
1510997212179972096
1510371689800032261
1509680861368696836
1509631653420978179
1509631650115825665
1509528416537636865
1509527859873734664
1509526718465282067
1509274061410648064
1509264030518726657
1509210977333649415
1509210886027755524
1509210884958265354
1509210883708358661
1509208437196005389
1509205513137016837
1509205512247824399
1509205510838497286
1508819035001135104
1508476011360493568
1507411265853046788
1507392304725864455
1507392302272159761
1507324966706069512
1507040201008467972
1506766794698248200
1506665943275081737
1506665838069354503
1506665821959081994
1506665199788609540
1506665182310899721
1506664796686622734
1506347490060161026
1506304949059461121
1505199459243864074
1505199458019164170
1504933185175568392
1504857516093673509
1504814609169104898
1504496546464808960
1504495551563378692
1504495500686462979
1504147443071524866
1503903077249789952
1503902958915883012
1503902887788916737
1503902834810568707
1503902833850171392
1503866195618971650
1503810573527662598
1503427183292956686
1503427181531516928
1503427179253805057
1502395907576414210
1502362887695839236
1502041440813211652
1501977421289037825
1501977420177551369
1501674442396774401
1501537397896405009
1501533174383656963
1501415999865769990
1501244155514679299
1501016154881634305
1501003444693389315
1500938357039370240
1499779266573180934
1499469178608275456
1499410746802847750
1498865270991073285
1498758886223921154
1498752256820322311
1498496049496928257
1498413367295361031
1496860252469624832
1496860251185950727
1496860249868881921
1496860248841330693
1496860247666872320
1496540292014559232
1496525930084372490
1496525929035997186
1496525927878119426
1496525926775017489
1496298608831963136
1495888298203615240
1495845873347182595
1495373886107623429
1494772728989114372
1494772727781244935
1494760541331546114
1494760393675317253
1494760006662733836
1494759977050853376
1494756390593826821
1494756310239387649
1494468550219685895
1494453052971130890
1494349071158415360
1494137755248566274
1494074911244967938
1494058571734024192
1494046365223206912
1493597903402766336
1493399383005564932
1493385453289963522
1493276022036385795
1493276019612073986
1493245529018482696
1492965091079245826
1492965089531604995
1492382828163645449
1492382712090574848
1492315147892842502
1492215908114255883
1492156709971894272
1491955722589986828
1491878606846533632
1491841112130080770
1491536812040462339
1491536771787730952
