1534590397153955844
1534548579951562752
1534536977269153792
1534529341584986113
1534273937512837123
1534232932692512769
1533838123477737473
1533471457992269824
1533108818283925505
1532836734244888579
1532781213420855296
1532712176930234374
1532471366145957891
1532387564111335424
1532360888342171648
1532117031092355073
1532084561638727687
1531707161046286341
1531296878419116034
1530222637649219589
1529901421063196689
1529887442119143426
1529831363297394688
1529567733309767680
1529566894327574533
1529564210421694468
1529561946449580032
1529560435774484481
1529557205309169665
1529556660120739840
1529555401779294208
1529553673935892480
1529552633937047552
1529530784872275971
1529206702180114437
1529192876705447936
1528407085465092096
1528049982221168640
1527672495486140416
1527384657792094224
1527384655170654217
1527324657594298368
1527322867469537280
1527042120489570308
1527007539681951750
1526990702961467394
1526990564356497408
1526967273965113345
1526653185485590530
1526606656477569025
1526569353336041473
1525639719903715335
1525513267241799681
1525208760792363009
1525146349712207875
1524796706545606659
1524787930367156225
1524482516278775815
1524467138454593543
1524452514195664897
1524447602032402434
1524425988427468800
1524404607660834816
1524113574653747202
1524113573676466178
1524113313562566666
1524044061992267776
1524021272669212674
1523717175101386753
1523328118802550785
1522690902766108674
1522634914134478848
1522609681189031937
1522306569043599370
1521913563841024004
1521897444472205312
1521833447177822208
1521832396152266756
1521608801996185601
1521530362454843396
1521308328349122561
1521259224621277192
1521204586329128961
1520103622427566080
1520062856745689088
1520020730641014784
1519760611487498242
1519435856574136320
1519429177589391360
1519397584955224064
1519360978709893121
1519334057414438914
1519324809011863552
1519324603268714499
1519031739670220801
1519031634045112324
1519031605456691204
1519031547181080576
1519031344344584194
1519031313403191299
1519031286131838978
1519031252564811776
1519031224219717633
1518953670737420293
1517532932818104320
1517227606902460423
1516864837627883522
1516827991053156363
1516546684108431361
1516509679458865153
1516478225546768393
1516478186351214596
1516451275512197122
1516167640028520451
1516167637646159873
1515725271684423682
1515712437017886725
1515354830679597058
1515351835313324036
1515096881055125511
1515094867789041666
1515032010682773512
1515031026032160774
1514992882863718409
1514992879164403713
1514683079192948744
1514612055243821068
1514604352593227791
1514604350038896650
1514324326874497025
1514286746711826441
1513971805035315217
1513183144987574276
1512160532777746432
1512137748848726017
1512122783928442899
1511813503799205889
1511813473516273665
1511813396215341062
1511048458177847302
1511004918227763206
1510997871713083398
1510404461327388678
1510287943872794625
1509938608605650953
1509635492974899208
1509635436343435267
1509605978219626503
1509551611819003904
1509286343959986176
1509235721088942080
1509198944873684995
1508907849954516992
1508907273032196096
1508891543201099788
1508849717488271369
1508505773839732741
1508169903290863633
1507808408568750088
1507444387789393928
1507084194941440002
1507053560286126085
1506762473340346369
1506762405568729093
1506734946307776521
1506734879773495300
1506654504598618120
1506417816722882563
1506380439191232516
1506327474023587849
1506295889068912640
1506007759946338305
1505934001168650246
1505580173143556107
1505233154013114370
1504915291913875457
1504900742716477443
1504863035487358992
1504515723506466824
1504189764550942722
1504159491910164484
1504147445110153216
1504097314943774720
1504092460116582405
1503851677782351873
1503835064026730500
1503835061732454403
1503763239838040080
1503749633486561283
1503498709438541831
1503470270392197126
1503441794922684428
1503426745592070147
1503426264979410948
1502378009487151109
1502316851770048517
1502316770463555589
1501987365019131906
1501644980921712643
1501598943528034309
1501298854674804737
1501298790904516608
1501246990222508033
1501197706580140034
1500928530632294404
1500928460155494402
1499441530985234437
1499435716182482944
1499416685694136331
1499406385372532738
1499390484044820480
1499129165634670595
1499128260730535940
1499067510074736641
1499055682007359490
1498720270672175107
1498405993847443466
1498405992652066822
1498405988566810626
1498389038851506176
1498372933374390287
1498347211343929345
1496964280008474626
1496938269409484809
1496908776229814276
1496899977058177026
1496599916415959041
1496534066237042694
1496311652240736256
1496242871950848010
1496199887679102978
1496199840560263170
1495089296138665985
1494736041219137538
1494431218686996491
1494379094829584389
1494011725435260935
1493672799969460236
1493672554573320199
1493605060915474440
1493321992707186691
1493271568763396097
1492936611415265280
1492546541244059652
1492213108722614274
1491860133214883845
1491860073433505799
1491813006891700229
1491807427489984517
