1534652824084221955
1534652794124259329
1534638158188519426
1534637074820870144
1534635666558144516
1534634854620569601
1534634832046837761
1534616604532740098
1534602486677487616
1534601195926568961
1534600545222131714
1534599655262195712
1534598824324472832
1534598409885294595
1534580967200940033
1534580965514915841
1534545447347421184
1534532554782556163
1534300429672140800
1534238738255167490
1534210756018946048
1534192130477985793
1534183765341249536
1533909105458421760
1533901080123297793
1533886985328332800
1533801042055421958
1533500396668194816
1532814672142995460
1532810675604672512
1532800012471656449
1532774669316771844
1532753200771653639
1532748428412952578
1532712760395632640
1532708829267361792
1532482194869870592
1532459678696980483
1532448536759091202
1532431922885976066
1532430944753393664
1532418876528631810
1532406449330171904
1532402837703086080
1532372247838486529
1532113928469331970
1532092719639707649
1532076429714010112
1532048172746407936
1532017421892067329
1531746098322235392
1531727646543040514
1531726835939262467
1531700077886054401
1531266783121924097
1530963429850132481
1530603560974548993
1530288444957679618
1530286474805104643
1530271120464699395
1530270671506444288
1530267464940015617
1530252681822015489
1530247412396314626
1530235650330468352
1530218444716646400
1530199664120762370
1530182734546718721
1529881211832770561
1529488847209472002
1529217806595923968
1529180262508158976
1529156343726325762
1529121547071500290
1529105703872364544
1529097122699792385
1529088672020238336
1528848041792487426
1528836917881626624
1528824335443427329
1528805915880833025
1528752602112053248
1528360033582555138
1528077413023993859
1528016511696109568
1527759654301978624
1527729622124666880
1527703200735690752
1527665450007396352
1527642801327853571
1527393658864955400
1527367090994565125
1527350878432534529
1527347421109698560
1527346255890104320
1527345445152096258
1527329629844824073
1527277679795654661
1527076568547438592
1527021244943581184
1526987034518339586
1526957737405517824
1526953763390488579
1526923506314878978
1526673914226741250
1526647289971978241
1526629384425246720
1526616697242849280
1526591010058522624
1526563195694944256
1526306873992953858
1526304461282594820
1526289697080754183
1526276998133387264
1526276705714839554
1526266825968963584
1526226653927641089
1526194263784046597
1525849748246347778
1525588964752642048
1525550264656318468
1525219355876806656
1525194875611893761
1525177828442095617
1525168400011612161
1525139920016252928
1525128125507567616
1525107449971322883
1524870907168186394
1524858030105542690
1524841611179479072
1524835016643158017
1524830849191006217
1524829637343334403
1524829254717947904
1524814722083786755
1524806491412303873
1524762540823175169
1524539138925641731
1524494032487034881
1524472080900800513
1524443086729920515
1524437230319816705
1524437176909455360
1524437111876866053
1524423902654603265
1524410503208046595
1524403191215013888
1524140737339744256
1524131118022373377
1524130959062360070
1524120854027722753
1524105759923052550
1524090983935315968
1524080731001180160
1524077879239262208
1524049120930918400
1524025272177246214
1523774815361978374
1523751919617179648
1523741150905274368
1523735937598955520
1523718225208680450
1523678049715523585
1523675407547052034
1523301849000034304
1523025377148358657
1522678087963623429
1522660474638192645
1522648036194893824
1522633101251383300
1522599614213459972
1522578296327876609
1522327777139175430
1522312551765360640
1522286837288607744
1522241104107741189
1522229599765245952
1521968214753882113
1521948704692916224
1521914397043658755
1521867309731700738
1521597471998230528
1521579659284123660
1521567099402997761
1521504988249444352
1521491753332789248
1521226022720528384
1521211425313767425
1521193905550774276
1521174123761778688
1521160890271387650
1521130592993226755
1520828553683681284
1520809995113312258
1520546212067356673
1520133573038256130
1520115276003647488
1520100778396229634
1520068690665947136
1520062780371619840
1520029363034632197
1519802621820813313
1519782363764596737
1519768943212347392
1519749317627682816
1519732093982494722
1519692973994389504
1519416519423406081
1519411114680926208
1519397071194832900
1519396445710860290
1519373197711486985
1519317357486911488
1519303008638623747
1519096500932030464
1519075094680596480
1519060650135367680
1519058882714292224
1519049469840474112
1519045386161299458
1519028028273315842
1519016980031938560
1518985000263327744
1518958332916207622
1518700123789869057
1518622110377295872
1518618408685813766
1518601647903150080
1518286150275903488
1517923765283397632
1517579132405698564
1517561127261122565
1517550033880686598
1517530938242183168
1517512409031880705
1517507770425171970
1517233681789820931
1517204410497122304
1517172576207912960
1517167188393832448
1517149350853455872
1516921166744719361
1516890118136737792
1516881150857433093
1516870829178593280
1516796031597436933
1516769729398116354
1516522777032888321
1516498460173815817
1516490037038309379
1516480975986864132
1516448139678527500
1516407235223732228
1516160392170459138
1516151743113015296
1516148791501639682
1516147273234882569
1516123328506912782
1516092705742495747
1516089733251747840
1516065846573080592
1515676591392792581
1515661474806575110
1515359177513787392
1515358896055070726
1515327003221762054
1515109494140850181
1515098344145752064
1515054502499524609
1515047174811402248
1515012827475431427
1514971942578757647
1514957438197317639
1514710083283816450
1514683864119140353
1514666361233936384
1514660833216839680
1514626329949396995
1514625998276419587
1514601129425838081
1514329662368980993
1514314133205880837
1514290676032233480
1514272909627473928
1514245512802754560
1513976199810367496
1513976198409424905
1513976197109227529
1513976195670548482
1513976194227740684
1513976192961064964
1513976191312609281
1513955110426009602
1513937467921031172
1513919610533392384
1513905238490730511
1513883743370584071
1513604044677267459
1513579734067777540
1513159599251243017
1512889978463961094
1512533622032584706
1512508999970836488
1512487948436086787
1512486502588112898
1512461136796557312
1512453463078105089
1512430731053735943
1512418093020160003
1512157231827062793
1512138402073882626
1512091185489326081
1512079255223500800
1512071516619358221
1511848707616088066
1511808468210040843
1511802814636376071
1511766354315165707
1511758707226521600
1511728611052732416
1511704233434882051
1511699255634935812
1511471240619339780
1511425250537447424
1511406116491698187
1511367802497679363
1511362275239677961
1511344671578103812
1511105078215598084
1511087955443691527
1511073174863155211
1511059779694735362
1511044067408465921
1510956378013196291
1510704550109405186
1510282928798023686
1509995564255043587
1509985339431075841
1509956830369361921
1509956461882978306
1509955525382971395
1509955156305141772
1509921673453125639
1509893988504977408
1509691093532786691
1509664430744907780
1509638371563520009
1509637608586059778
1509632812261023747
1509629023546138634
1509613271418085377
1509592080041058312
1509529811982553095
1509368650708529153
1509309003993600002
1509280746204188677
1509249140634628098
1509228041125380103
1509203337496965131
1509186520112156676
1509158624731541507
1508942413687050242
1508921052088438786
1508872205886795777
1508848123338235905
1508788214777196547
1508552698223894535
1508548539105914886
1508517032563724293
1508481568402292754
1508456903894085644
1507867492974215175
1507448290073317396
1507438237144526856
1507421557215404035
1507391166723108869
1507363119437393946
1507093983843033094
1507070618595901440
1507049430654017553
1507042513634398216
1507023731855609856
1506987385158090754
1506737580305489921
1506714047441477652
1506691901763866628
1506643188848766980
1506626721218535425
1506403943504658434
1506345087093161985
1506324078378070016
1506308945182396421
1506308637282742278
1506292138488864782
1506265189339090947
1506024098480148483
1506014032083390467
1506006482306969608
1505997928728567817
1505926780196200459
1505589750425690112
1505226817971568648
1505001664171937795
1504910632444960779
1504895518396366850
1504876809644560395
1504835027988791304
1504825610069327879
1504820050422902784
1504810105266708496
1504580865409445905
1504464893839298563
1504447016138645510
1504444136128233477
1504221458255519750
1504207437791997956
1504174424920145926
1504173418178129922
1504167260386123779
1504151324480479241
1504139159623118848
1504126395198455808
1504095186015731719
1504086804525375495
1504086357848858626
1504085082377793546
1504084470143635456
1503838451036147714
1503807001524064256
1503788450423750658
1503740324010770434
1503727468338941952
1503444612249272324
1503416850058817543
1503386277512724490
1503379751473487884
1503093289838383107
1502745748902977540
1502410036953423874
1502392681124749318
1502380067405832192
1502379396765822985
1502370612748161038
1502059106735202305
1502036589265965064
1502026507601940491
1502010438225174532
1502003657713278983
1501976857754939393
1501953287586820096
1501934018203242509
1501928417767350276
1501670142614380547
1501662435958210577
1501662407655047170
1501656561504202753
1501624240633700352
1501598436394602496
1501572302831505409
1501569341644546056
1501329710445334528
1501327030608023557
1501326975956393989
1501325181335183361
1501307723077537794
1501300645579612161
1501281617536557056
1501263733187919875
1501262225637527553
1501255939374075904
1501238080396795905
1501233815821373450
1501210631273394181
1501204509523120129
1500965378641567748
1500950058237403136
1500931794669084674
1500915420915802129
1500914779845763080
1500907258439507971
1500902918916038659
1500852155007311875
1500548981792903174
1500294607372009482
1500203172509458442
1499877238380109832
1499855968443768838
1499838339003813890
1499823409236254721
1499822484610338820
1499785247856156678
1499765284554563589
1499753878211944457
1499490398934294539
1499474671510695946
1499456744455655435
1499407897050112008
1499407590673063942
1499141012568133634
1499101907104763911
1499092115799826439
1499087361434689541
1499038406810157065
1498858080058150921
1498857004709908482
1498855769441247243
1498854026666029058
1498851170336624643
1498850945475567627
1498849254978338816
1498849070097575938
1498847552162119681
1498846876187119620
1498846230838976515
1498846126430113792
1498784912970813453
1498784911788068869
1498784910538072067
1498784909330108419
1498784908067618819
1498784906540945408
1498767798255992847
1498756213030461453
1498734921543737354
1498726372168159237
1498700860502773761
1498685970815803392
1498681145063624720
1498675169367314436
1498674191759028224
1498425280641257481
1498402178674962436
1498398867984990208
1498365099073052672
1498321969934221314
1498036721803485190
1497674081835102214
1497644135456591879
1497315596450549762
1497296600363933701
1497276879908319237
1497267668059107330
1497261368600412160
1497255225668866052
1497232441060302854
1496964644153577478
1496953219565633539
1496941769984032777
1496934221155291136
1496926683399655424
1496912552013479938
1496897512229244930
1496636031222882313
1496628451712905217
1496621016252133377
1496613361982873611
1496609125010219015
1496609120987889668
1496603975893852175
1496603973805088769
1496600523482488839
1496600521100124172
1496584747635683332
1496575130163724289
1496566806508707843
1496554929888108557
1496522900232413187
1496508082976923651
1496233699347677190
1496194063866998793
1496155475066429450
1495884123474472961
1495884086577090564
1495825905771503620
1495790559834824707
1495463266130268165
1495100882651959299
1494793851625635842
1494779993217454081
1494763775244832772
1494741016020402179
1494722151714369543
1494720590254596100
1494720575197089796
1494712937738653696
1494698361072541708
1494434733186498569
1494426179113263105
1494398041482313735
1494376737374969856
1494348449357217800
1494326957441368074
1494038926071324672
1494021310590169088
1493979077958680578
1493966196424720391
1493704126886252550
1493678427869691913
1493676620078538771
1493674921129648130
1493668953037619206
1493655504249409545
1493622388319260680
1493586878808961024
1493342985991655424
1493324656018960385
1493310751708176387
1493296999168360450
1493253703087833092
1492971500017795075
1492589322909872132
1492525734392438788
1492520648102629383
1492519784302395393
1492265399974518788
1492248662226964485
1492235133814022150
1492221393840353281
1492165560481812482
1492165488029360131
1492148852220215298
1491901047400509441
1491877593246846979
1491863425106030599
1491845122186694656
1491834981483782150
1491809261101490179
1491787556282769418
1491776331310321664
1491547996017901571
1491533810013544453
1491533495985967104
1491532739178287106
