1534561843871633408
1534559042017935361
1533817963907796992
1532513016197021696
1532362178598211586
1532003482890280961
1531692304943173632
1531247246947270657
1530275853556383752
1530242807549644800
1529880809284546561
1529877431892463616
1529464494962900992
1529159757264834561
1529117245888155649
1528763857883250689
1527764472676462594
1527662581917302784
1527402497735802881
1527380543700189184
1527342285012185090
1526992806098739200
1526976060314853376
1526953159221977091
1526933168955265024
1526658866003464196
1526653871703089152
1526636669042040839
1526608451790684160
1526562657700020225
1526325216380608512
1526304456236728320
1526262999337541632
1526257251308163072
1526222636006744076
1525240743622807555
1525136673058717697
1524864795979268100
1524733248135471105
1524478257810317313
1524411354593083395
1524408890217148417
1524375872374988804
1524138716305969152
1524135986145509376
1524064993934725120
1524057574395584518
1523758733465034752
1523701485548150784
1523699560052568065
1523687522286538752
1522672254546595841
1522610304852676608
1522557307523158017
1522319247883608065
1522258007014481922
1521872848368934916
1521548063835365376
1521544355181469698
1521515307038294017
1521502501429817345
1521242428757491712
1521180399229091840
1521164600435163137
1521152185563811841
1520112802102493184
1519766461211938818
1519760431497236481
1519749708872302592
1519707778163646472
1519699824341405697
1519350795392667648
1519338093832294406
1519034205358985218
1518999714632454144
1518697535338131458
1518680973814431744
1518676352148385795
1518665042023137280
1518653321762025472
1518638878097387520
1518611858470617091
1518378026781876227
1517582963768184832
1517568096072048640
1517536922289197057
1517212731107155968
1517187892317151232
1516862458270560259
1516788101544353795
1516503898286080005
1516415471914045455
1516404991396876292
1516403399146807301
1516167515285692418
1516163542059204611
1516159197473382400
1516114269015879688
1516105396339023874
1516058853204447232
1515724453023559680
1515450000213516293
1514970429156433925
1514730074188177410
1514653443398504449
1514631418541977601
1514623946263609346
1514602128991404037
1514335694352752643
1514332729332187137
1514308054371733512
1514304723767209991
1514298364711612430
1514275689448546321
1514011152870748166
1514010027425685512
1513926048706088960
1513921861859655684
1513880091562029056
1513868052173049856
1513591353137143809
1513575764867928071
1513565349412839424
1513559468646309899
1512492470235324419
1512441861583036420
1512425025814482950
1512152271236313088
1512134002093793290
1512099703575433223
1512095737668157444
1512082596691255312
1511793836854591493
1511764575867256840
1511728109812432896
1511702721111408654
1511443964183957505
1511418228383305730
1511398761389568004
1511376822646325248
1511351529952919554
1511009841065742343
1511003522325958661
1510991642660065286
1509955029943439360
1509920441804247047
1509635448330727430
1509621926825705477
1509577117364850701
1509554958395400203
1509548438094073859
1509543272078848010
1509541650170843150
1509253575360270339
1509253073260236805
1509253047867920386
1509251233290330112
1509214882624901123
1509204558098145280
1509203292278210563
1509160405201043457
1508928347920904196
1508920451464105991
1508908616866275336
1508908616035807240
1508908613871575048
1508832886002274310
1508805029116919811
1508559818264616962
1508514984887828492
1508484763325190150
1507848988422295557
1507429076763615243
1507395256941445126
1507394569943531523
1507092150168739843
1507031010646675457
1507014887662268421
1506716995395407874
1506655969580924935
1506281038649212937
1506278717508796422
1506272735009251328
1506004592777170954
1505992337964642304
1505965223135621121
1505955493466025993
1505955492270645253
1505716519556337664
1505284389718089735
1505181613671563268
1504922439251283974
1504878440536842243
1504877856253427721
1504540404150116364
1504476777246171139
1504185620712861698
1504168503728914432
1504150783209652231
1504114389342949380
1504113664005181440
1504101797627150339
1504087572821299206
1503830310856892431
1503820656235978758
1503809195505762306
1503793492467793929
1503789461573967872
1503432192650850312
1503392586341535745
1502773742396755972
1502381829097205766
1502355967362621447
1502348556992135175
1502026900515995648
1501991760062521351
1501924069830279172
1501704936270278658
1501611144825430016
1501587846368575494
1501570503370280961
1501284400864055297
1501248641230643203
1501242972087726080
1501211716071444484
1500956034822819853
1500878045577576453
1500876269256380421
1500869235299528705
1500493815123226626
1499850286671843332
1499779368129810432
1499513878811656192
1499494867487047683
1499485968595836928
1499456614843232257
1499418458781589515
1499413906581819393
1499377095868301318
1499136170592288769
1499121283920977920
1499118560467202051
1499098374049574918
1499059004349296644
1499052165410787337
1498857007633338369
1498855257991909378
1498849479063216130
1498847356787298305
1498845894833315840
1498810319900065796
1498794279476645888
1498782775004086279
1498782771581444099
1498782767907229698
1498782764669325316
1498782761309679626
1498782758210097158
1498782754405855246
1498777244537438216
1498744728430465033
1498724055897325572
1498718774358384646
1498709021859196930
1498673195699818497
1498432299544854530
1498395628463968258
1498325864962011136
1497640123399348226
1497313417102823430
1497310279138529280
1497307023418945536
1497292029893791751
1497277986093113346
1497277984486612994
1496929536818221069
1496920224049897485
1496842192605884428
1496585913111134211
1496554875198525441
1496524552817500164
1496205220644376581
1496197511064821760
1495799375141949443
1494749781763182593
1494709194498445315
1494411921184989186
1494388253629333506
1494005056982687751
1493999317547368451
1493719277807017988
1493644156056576006
1493336907920588803
1493310099682697218
1493271822783111168
1493264639672696834
1493252314496389120
1492928340847738889
1492225608868405254
1491880668195926018
1491828132973879296
1491826064561106944
1491796079490203653
