1534643700093042688
1534582120336826370
1534548219765694464
1534528378681933824
1534284836256591873
1534242169803837440
1534228236103712769
1534207715022610435
1533962660462706690
1533920791678574595
1533907453196259329
1533867353531891712
1533837653321424896
1533490441710075904
1532835856398045184
1532802708574453762
1532802706850648066
1532746596227727361
1532730931550773249
1532571814630723597
1532444028431749122
1532413610189852673
1532363625884798977
1532191372979097600
1532147331147120641
1532100694739767298
1532069957399609344
1532047531378626562
1532040680046051331
1532025794523963397
1531772518066946049
1531749024117800960
1531731268454723584
1531696776087891968
1531398560838733825
1531339970878775299
1531253342940315649
1530245864832262144
1529901458405064704
1529853791880855553
1529853669268770820
1529559188443127809
1529532271832735747
1529225461557264384
1529217908781551618
1529173052889698305
1529117509957427202
1528844402231283713
1528824907466956802
1528747046668222464
1528478494283415552
1528415057046081545
1528055680313307136
1527776158456197121
1527693389243813895
1527658110164295684
1527395714493558789
1527334588141297676
1527303488782233608
1527113885060370435
1527098651423694848
1527016170376806403
1527001080856383489
1526981738857119746
1526929344416952324
1526736830757863424
1526699082839773186
1526677886199119873
1526662307253714947
1526650607435644928
1526639756796473344
1526610931920379907
1526600176579792896
1526571156081364992
1526366898325053440
1526314174518857729
1526292142821363712
1526272608878338048
1526240299546202117
1525865288377458689
1525854079909437440
1525572993195417601
1525178886748835842
1525141838939803649
1525128354239758338
1524917347470888961
1524834191602601984
1524793207468576769
1524760616346521601
1524745600838914048
1524520595580403713
1524476616910557191
1524442557694070784
1524439669978529793
1524429230293016577
1524425326851506178
1524415222248845313
1524174769293340672
1524137305082109952
1524088264298483712
1524060129922109442
1523839008954060801
1523784460956708864
1523741072739889157
1523710109225947136
1523388583935344640
1522750804586901506
1522705234589409280
1522682881784651776
1522655132114165762
1522648057422258177
1522648054737903623
1522634379830472704
1522576872248336384
1522389605269622784
1522316736728608777
1522281773098536960
1522265766724354050
1522265763872133120
1521937672356433923
1521937671286927361
1521937669118439425
1521918528621887490
1521890797448216577
1521890795778883584
1521663786310148096
1521589217113120772
1521548958656614400
1521501785164328963
1521217966339235851
1521157574346780672
1521135006168592385
1520916567277592578
1520506258142416897
1520411037966684160
1520108222069325826
1520108220588638209
1520056074816139265
1520038624691171332
1519785024681398272
1519717169730408448
1519700748229087233
1519496622404562944
1519466429250105344
1519444542948524032
1519423958105436163
1519417588782092299
1519393210778460162
1519375725534527489
1519357957179428867
1519327788020420608
1519312734898241541
1519119136420294656
1519062142032703488
1519032880961363968
1519013443457724416
1519001411710771200
1518773849374040064
1518718791198384141
1518718788828647426
1518697363363225600
1518634227796951046
1518605486588891136
1518400639440719873
1518273676948484101
1518034315208269824
1517919580408135680
1517590781019795457
1517574345941557250
1517574344356122624
1517515115926540290
1517297467406045184
1517268078203183104
1517202322845220865
1517202320811077633
1517171833262510081
1516944814079684610
1516914316905168896
1516891961428525065
1516837081120653315
1516511715629879304
1516483131553067013
1516469107260014599
1516449326704246790
1516234947111141376
1516175969089994752
1516133040346615811
1516131244752482310
1516045952687161351
1515756580075147278
1515671860855427075
1515399593877549058
1515047236551462914
1515029466657001473
1515000200120750080
1514719784822210575
1514668776821858312
1514619152094400516
1514605814731862026
1514394475820457993
1514394473333153801
1514392997198282762
1514355244221706242
1514335408393539591
1514302807096111106
1514234056069853191
1514033316986511363
1514028264657989641
1514004143412850697
1514004061326090240
1513941106337136642
1513882136121692164
1513877283500695552
1513877282238181386
1513668224491134982
1513629444728107013
1513624830372978695
1513621884058980352
1513611953322799114
1513602959732613136
1513586056859459586
1513528970943336457
1513312587626299396
1513217475701317648
1512909710374182913
1512799123493240838
1512541437723922438
1512488156393705473
1512468609817358337
1512450531758948356
1512450530278322180
1512417212337954817
1512160656610533384
1512128240156123138
1512109481181814786
1512074936369639452
1511818001464676360
1511770524053118981
1511749492311310338
1511719621455458311
1511450604450848779
1511443498163220481
1511382839077576713
1511354681762660358
1511353990210011142
1511117463328628740
1511116404841492486
1511064524119543813
1511064522462793730
1511056005693521923
1511013520376315904
1510994261310947333
1510337196393480195
1509974341915713539
1509963039545737218
1509915407637008389
1509663170037788675
1509662590275932166
1509640976167485451
1509604472204447753
1509547329614983175
1509542645818867718
1509528718661799938
1509289371949842439
1509284541810323459
1509272279078903814
1509259170154962950
1509228969421275140
1509220587595567105
1509213866294751234
1509184192566997002
1509168972981325829
1508946178360201222
1508926976307851265
1508906591432622080
1508892378236698624
1508870817785991172
1508838796120449027
1508811897671454738
1508614656763518978
1508614653538095110
1508585715990466561
1508572522383650819
1508559311051579400
1508552934027636744
1508552931439747079
1508519297806528512
1508500251166097415
1508481398360969216
1508156905428066312
1508111612183552002
1507809621116739586
1507764318753931269
1507432126425223168
1507417030063915010
1507401935036461057
1507378804808892418
1507110540618969095
1507066443426254856
1507066441052278785
1507042465592848384
1507014870549479435
1506782849617338373
1506762303903051779
1506750576960450563
1506717600839090192
1506688331702226948
1506663789713928195
1506373898320982028
1506352948628045830
1506322810146336769
1506322808942563331
1506322805238943744
1506298382050025481
1506285428026093570
1506283560184991744
1506088270861516803
1506044950533787656
1506032754659631105
1506031490186059781
1505999787111464961
1505990634947153924
1505932671171579905
1505896902344249345
1505714518093185024
1505248650750046211
1505028196005199873
1504905514257428487
1504892505912975370
1504849908809052169
1504825011940560902
1504619965067972610
1504619963956531205
1504607654626353158
1504593924723298304
1504533164496195590
1504485061243985928
1504463775818203139
1504462217244258311
1504454628225732616
1504256717382635524
1504231029808287744
1504228598932201481
1504179311821131776
1504168108323450882
1504139333606989827
1504136098955550736
1504113042082119682
1504113040744226816
1503886003186151428
1503838153148407811
1503790781072556034
1503771959699587079
1503764015025201157
1503740256851574793
1503544011281342464
1503461863463522304
1503454518050234372
1503437404409114631
1503364600431104006
1503055812943659012
1503032957338112000
1503015450027962373
1502720867775787014
1502419543347580937
1502379278784106500
1502379079022088192
1502373526975975425
1502353069648064518
1502317386220949509
1502098709613588483
1502013396010643458
1501997859675283459
1501997858156916738
1501973748295118850
1501973653348663297
1501766953437999106
1501766951361724418
1501689875199889412
1501634999921123330
1501569701658476547
1501382084195139585
1501350580975017995
1501350579582480388
1501330846510366736
1501294826154831876
1501284334438858752
1501283073878642690
1501230387305267201
1501013502051459073
1500989190305198081
1500979357896032263
1500954241397149702
1500919475679502337
1500887978889166848
1500855752474431488
1500569634952691715
1500523356445155329
1500484836678680583
1500302759232524290
1500274568618983429
1500272709032370177
1500266293555040262
1500158149134884868
1499874830933442567
1499872077263872005
1499859730998693889
1499842723192446978
1499836892426256387
1499830278298251264
1499800567807369224
1499766136539426817
1499462773457182722
1499456036280934403
1499417245335928834
1499409243509866502
1499374109653975040
1499208307306905600
1499136314423324679
1499132102071226381
1499056000657240064
1499043589422305291
1498882294244913153
1498872892955803653
1498866410549915649
1498859083830546434
1498856425082306563
1498855449487106049
1498854678871916545
1498854488211398660
1498852983798382592
1498851328394735619
1498850880585666565
1498849764405882881
1498849517759836163
1498849515985592322
1498847325359386624
1498846762651598853
1498845274697093124
1498843118845759492
1498838224789196806
1498797817715957767
1498782443595341826
1498776005472919557
1498772291848712196
1498766023151034376
1498747873445433353
1498730237915508736
1498730235931598850
1498727129302937600
1498703404822056965
1498694238158086148
1498684246638137344
1498683789425496068
1498422265725267974
1498389046074167300
1498343105740910592
1498298959210725382
1497733177972072449
1497357971923288083
1497333486436421635
1497254288330002440
1497238398058303493
1497021805600686080
1497005924581580800
1496945737170669573
1496945735736205316
1496901419655471104
1496901418166460417
1496891274842017797
1496859919521304576
1496852550116597769
1496709679644397574
1496709677731938306
1496636317538603009
1496540000355336192
1496509218609938432
1496314973244506114
1496314969868181505
1496314960644816898
1496276190864228355
1496247935658598404
1496191509225431052
1496171216482312200
1495965382724759557
1495880931709706244
1495832867804532742
1495775696379129859
1495552085328384001
1495440504976297986
1494786537866862596
1494748577532420109
1494696063130812425
1494430170945667077
1494429458689933313
1494384142351577101
1494348840010457093
1494321823047041026
1494135340445093890
1494079150252036115
1494028824958410753
1493989174122274821
1493752342302400512
1493642658564222981
1493596040947281922
1493375309965627392
1493354517026508807
1493309184514969609
1493299306023075842
1492984962521481220
1492910178060148742
1492631745526648833
1492328945055895553
1492255767562534912
1492247568121843713
1492242409996046342
1492213825097060353
1492145207370002432
1492145205927153668
1491925550226673666
1491921177861931011
1491893546890280962
1491874466514751495
1491864779031470081
1491786488924803073
1491786486420684800
1491539274889633794
