1534654365197279233
1534611443622023170
1534538841591267330
1534245535640694784
1534245383471341570
1534208917311574018
1534202088741388293
1534195816084213766
1534195478681763841
1533902746142883840
1533866220780396544
1533863809542135809
1533863588368199681
1533862282706444288
1533842291361779718
1533806575072161794
1533806432943996928
1532541695002279936
1532429736076615684
1532410607462498306
1532393598163075075
1532392007468982275
1532363305154662400
1532359929356509184
1531994349277429764
1531361331168911368
1531036114852667395
1529205833485144072
1529180712842190850
1529154791670153219
1529139749558034432
1529136255979626497
1529117472221237249
1529117450670841856
1529109383195631616
1529089903220629504
1528766161437040645
1528740930446032901
1527769844904493056
1527334011822956567
1527319433823547393
1527314485051916288
1527278461403942912
1527015415578300416
1527015338675691521
1526961102499762178
1526953616392736768
1526951140939780098
1526946225894875137
1526942768970473473
1526676309514100739
1526628903049125888
1526623798119768066
1526612771697315840
1526611000149127170
1526591368826703873
1526543823127576576
1526540783209283584
1526394465186893824
1526324705426382848
1526322200395096068
1526318258839818242
1526309848400515074
1526291031448293378
1526291029934096390
1526275276044488704
1526272908741554177
1526224409496891394
1525180489992228864
1524849481761669131
1524849480385892352
1524816458076901379
1524811186558099458
1524799587927605248
1524788803147337728
1524759954464419840
1524422870625046529
1524419621058748416
1524391312535003136
1524206607550365696
1524203808242475009
1524142131132215296
1524072685118140421
1524061742078300161
1522630509758599168
1522630344813555713
1522592120669941760
1522320375832629250
1522264815305216002
1522238223002570755
1522233293273505794
1522233288869523457
1522026939829075969
1521868950186958852
1521581584108990465
1521569157950709760
1521567087918989313
1521565113924341760
1521560302625730561
1521520539726225408
1521519049695547397
1521514285792473090
1521509662050426881
1521473528545136642
1521323872250957824
1521298277211254784
1521225631219994629
1521154134111567872
1520057068081885185
1519865695756029952
1519865449726586881
1519865320315531264
1519788217658220550
1519788213887549440
1519718732322516992
1519685934886891521
1519611148089364480
1519428066669432833
1519424517684224000
1519421342633930760
1519407921548996609
1519403447430352898
1519379714430930944
1519379668507533312
1519349822976897024
1519329472213889025
1519322117522792448
1519314522430918657
1519314240674406400
1519314239491563520
1519314238405230592
1519301115866669056
1519061405537910789
1519018027328720902
1519016322813906944
1519016140529451010
1519014935518396416
1518691350920798210
1518656991815684096
1518338398758576129
1517635115672813570
1517501721769123841
1517501554508668928
1517227707796541442
1516627890804342788
1516072071767511047
1516071874765246469
1516071689481854978
1515651163579899904
1515068781629947906
1515068642748248066
1514695308369870851
1514348060280856576
1514289220898197510
1512434351216250896
1512434164678676482
1512147258883596298
1512141050441355270
1512137907418578946
1511783111406800896
1511443126375825427
1511432492808613894
1511364613497044996
1511104025634222080
1509945873198981123
1509945703262478336
1509938013572378635
1509920336711725057
1509693663135285251
1509636291062865920
1509636289817153542
1509631277300867073
1509629975812583434
1509619653617893381
1509553790881566721
1509298121267888128
1509267844978069512
1509266353299066889
1509246122736463876
1508970076841590786
1508923718407491591
1508921389423775747
1508564217431048198
1508560597486612481
1508495162158292992
1508488786090635267
1507397467599429634
1506737961857175555
1506737960665980938
1506727555122016258
1506725075600482310
1506713870781632523
1506432756238147587
1506356042254499847
1506344713279967239
1506295573938384908
1506284768308219925
1506266116435419145
1506012629877559296
1506008958590496768
1506006891146711045
1505667801247330314
1505262484244295680
1505003523125260289
1504856485171535874
1504856481124003845
1504854937255268352
1504847128396501006
1504811735525609474
1504525245520171012
1504525243762855943
1504519954858749960
1504472176400891909
1504449322695499780
1504449257415356417
1504213877831225351
1504145533429948419
1504145530645094408
1504117069436043266
1504100538815811586
1504088250712961025
1503855571228835842
1503840578261368842
1503834694177153035
1503792213985222667
1503783499920248841
1503780023374954501
1503767683682250764
1503736700740190210
1502402191725891587
1502387071213871112
1502384961000775683
1502351025738498054
1501986255931912194
1501928033955065858
1501688731090235394
1501682898398855168
1501658457031819279
1501573430189117441
1501568148910313479
1501567816432078850
1501373133768515584
1501369478923407363
1501334632687669257
1501285736326205440
1501275502417305605
1501234444887375877
1501234377166049289
1501209758044495874
1501209149165785095
1501209101048721408
1500931145151791107
1500840924150124551
1500666128011608075
1500659863587856384
1500659275508629511
1500497829709688832
1500271050550042625
1499928457458827264
1499829918217158662
1499782223003795457
1499501611118440451
1499400610046562307
1499150350779039760
1499133246243807233
1499106090017034240
1499099866986860551
1499079510796472328
1499063826981040128
1499032170903580672
1499025851647672325
1499024479187611652
1498865246110375938
1498861019648638985
1498860989982416903
1498856626748542979
1498855805629706251
1498855472304168962
1498854780344709126
1498853711854116864
1498850402632142850
1498848549303468039
1498845500409327623
1498772962782162951
1498763974870978566
1498761739797766145
1498713815428575235
1498688619950784514
1498669734262358023
1498660904623292418
1498404560188100609
1498396132405395459
1498365185089753089
1498359332248956932
1498344537693073412
1498340109988548611
1498334532961021957
1498324779266457601
1498324056348794889
1498304442835345408
1498113520868773920
1498006292916486145
1497909850596118528
1497768181942919173
1497767491053002756
1497763070818627586
1497269897960771586
1497269893124743186
1497261280662638601
1497256619423547395
1497251002101035010
1497214844881317889
1497015546583392259
1496976220856393730
1496975581770043403
1496957720884359179
1496953631014334466
1496922704167018497
1496904975275941892
1496897432386347019
1496889939233054730
1496882431508779008
1496880999598374922
1496868656768327680
1496849511284678660
1496849508621332484
1496849507253948423
1496602801383817225
1496593966254510081
1496581718228496385
1496581623281852418
1496580181741522944
1496578982615076874
1496566084161441795
1496553990485647361
1496547217217409026
1496538421028077568
1496530490790236170
1496529413478957060
1496507298352713736
1496488097739124740
1496235285495037952
1496232787753451528
1496206137129160711
1496159845036273664
1496158391684804612
1496155001902751749
1496149717805420551
1496140567364968454
1495020157361602564
1494725190546300935
1494725139325501449
1494702748390019075
1494697239310123018
1494677838854770692
1494427674206474247
1494421618566836231
1494421561792778244
1494417471348125701
1494403759753027586
1494384613887774725
1494329956683313156
1494123432086315010
1494052049788575757
1493985764295720964
1493689813886775298
1493640607545413634
1493335642041954310
1493274132724600840
1493269848977199107
1493239815307165697
1493233291356483584
1493008830556426242
1492219737346129922
1492191272941105158
1492184047581335553
1491842016124280838
1491841843218239493
1491799833312591884
1491799447763779592
1491799423810080768
1491792791499796482
1491792054929686533
1491791166651600913
1491787267572060160
