1534656728670797829
1534296104484982785
1533911140069171201
1532521742274527232
1532063411777212416
1531643424990019584
1531359857789571074
1529244723973607424
1528888512048603136
1528533737645953025
1528165885164326912
1527642436641726468
1527399671446097921
1527041435228426240
1526693869529833473
1526278438113378305
1525980589081481218
1525607356209541120
1525197204121694210
1525136905377140736
1524808619820208128
1524400739606478849
1524126941388935171
1523788188250038272
1523459902613598208
1523093128278069249
1522608906224214016
1522367760680038402
1522255821538828288
1522018242453069824
1521840315656814592
1520926946321915905
1520497530378805250
1520204339742228482
1519783330014801926
1519737692262744065
1519420831948247040
1519332099047706625
1519303210212724741
1518965543671414787
1518645865723932672
1518335046041620481
1517969971103551489
1517698120288808965
1517698118296481792
1517209479389106176
1516925278664200192
1516557304224755723
1516223568794763269
1515676449818046465
1515314067577229318
1514996973706702848
1514945156943953928
1514755385583980552
1514632629601148928
1514392994840936449
1514030607025680384
1513502137157931013
1512935893652238339
1512073645404741642
1511476989181501444
1511344774623682571
1511042214276829192
1511035062732660737
1510755175723679745
1509946446925160457
1509589917369786379
1509589313897615362
1509589152878284801
1509547802560499720
1508908910777978890
1508596750847721479
1508164334421172238
1507438174859104277
1507146386067922945
1507145067085144068
1507098634449522693
1506682013511729152
1506437405368360966
1506320744690728975
1506262757364092935
1506074427737485315
1506027802998591495
1506021821958737929
1506021301701550080
1505685940878127114
1505320063813005314
1504884048992296962
1504471491349413891
1504231045939535876
1504151885816680448
1504080049091141635
1503719710969544711
1503361365511180293
1503076501255856129
1502704416864051202
1502301659510329355
1502299626313031683
1501972774818091008
1501665450916208647
1501574830470139904
1501313228730769409
1500953809471918083
1500640287227629574
1500255711342862338
1499892251857756162
1499454140099047429
1499079398972170245
1498854418397241346
1498808819849256961
1498771439830376451
1498699088560377862
1498447582753955842
1498329616787943436
1498297202745163776
1497362558411546629
1497024101596155908
1497014866661490691
1496539443729211394
1496267061995216896
1496267055611400195
1496229262407438341
1495916897967263746
1495438223149092873
1495188548504502272
1495089055968763906
1494701737101467660
1494427210568155136
1494313183359737856
1494114378190368768
1494084177435807744
1494054541486133250
1493709810147147778
1493233613600694283
1492641831485587457
1492225476257067012
1491884866572587014
