1534622349307387904
1534621603098681344
1534545520642994176
1534168710801408000
1534162677370695684
1533890245032300546
1532758843259854851
1531769564194906114
1531335069276811266
1530936233727229953
1529910603376168960
1529136140078522368
1529124471201837057
1528825415330148357
1528436204110286848
1528054204408991749
1527001106206826496
1526686846813720576
1526294579535814656
1526230750802190337
1526210167779598336
1525124761084477440
1524913727614615553
1524809330620612608
1524731811854757893
1524425835159199746
1524425823050207232
1524379516910837760
1524379392360726536
1524159886807941120
1524021408019451905
1524018144767008768
1524014643802513409
1523715020164841474
1522241884218875904
1521912667786596359
1521865499151417345
1521492570114859009
1521142303058022400
1519727424694628353
1519656614713774080
1519409464553660418
1519282503982493696
1519030876012781576
1518962964027650052
1518562103610724356
1516839183196864514
1516800653041020939
1516789773624565762
1516776239771656198
1516776239167684608
1516776237913579524
1516405677576667143
1516389431581753344
1516150811566432262
1516124616691007493
1515696482875281411
1514949217445425157
1514713804181016581
1514666050436091912
1514617905672990720
1514239379652460547
1513958088012935176
1512820855012827142
1512488191093260291
1512130242269401093
1511777559201075208
1511770263855239177
1511752472867528712
1511368274319233030
1511340671147384834
1511324286392352773
1511035791220346880
1510982797963538438
1510982796256325635
1509960978498306052
1509938345228607489
1509550281687719942
1509550278609096705
1509537602046734339
1509273945836564491
1509200150262161421
1509200102350540806
1509189425070288898
1509180060879794182
1509178983325310983
1509178981861531655
1508850563382976514
1508846578735398921
1508556073925591043
1508518723744849923
1507050183422529548
1506688999636807684
1506417721185128449
1506365829604163587
1506359887319781379
1506326202956632076
1506297380215443463
1506282990128746508
1505925837253660677
1504995721258446857
1504888039004323842
1504880052265263107
1504880050537209866
1504880047831896068
1504840006069850114
1504449200750313475
1504221830508339207
1504168165206548480
1504106201231073281
1504082794204610563
1503836616237981696
1503739204446175243
1503738629960654858
1503367000952815617
1502362782724931592
1501952988658737153
1501952987454914564
1501952986062413833
1501952984326062085
1501381447357239315
1501266705221177346
1500842227475623941
1500648414480060419
1499454828552015879
1499444791540604931
1499370414228840452
1498855755469971461
1498845781381500932
1498754947701223427
1498715695013851137
1498670051649638410
1498298905515151365
1497264241161777152
1497233381867802629
1496907124185583625
1496885261489569792
1496885259740319745
1496826370114355207
1496688417786241024
1496555504050573321
1496517541316997129
1496146217172185095
1496134270410235904
1495883902547808262
1495847788986474509
1495827193729110016
1495773700225998853
1494670368430333956
1494374372311801864
1494372311457308672
1494034615270580224
1493630906241798145
1493603429238943751
1493267857395884038
1492180995650592785
1492160579141836801
1491940933579034625
1491807226142629889
1491787997376749569
