1534206010310766592
1534186978190757891
1533921913180934144
1533889439180660738
1533834387363713024
1532404639072673792
1532098884658413569
1531381528290369538
1530580279714258944
1530197566427643906
1530197564632465408
1530197559947546624
1529906458451660811
1529857891158605824
1529832835011555330
1529553343546269697
1529263967276699649
1529106144215584769
1527783966824095744
1527730775306665991
1527677194532753410
1527366871724732418
1527310309194534912
1527283475417645056
1527086655076765698
1527066391894970368
1527010897541185537
1526963651676102657
1526953944022503430
1526915652006645763
1526646997272363008
1526584081420525570
1526388692385931265
1526363211196407811
1526213973724602368
1525626450514264065
1525111850320515075
1524777889786372097
1524760115575988231
1524633133496291330
1524508369754673152
1524505280092033025
1524492466858209280
1524414108250087425
1524173860945412096
1524106941483687937
1523698313387597825
1523671559508226049
1523430425300852737
1522615002468868096
1522362131164844032
1522212220070940672
1521632204224405505
1521604417048436739
1521224005172269058
1520822133588475904
1520196269813157889
1520143523768643584
1520113722840211456
1520045886985981952
1519728264759107584
1519706427950084097
1519691177334820871
1519406143227011073
1519309807710310401
1519296524014006272
1519050665565302786
1518667340824682502
1517494554102050817
1517264282810941440
1517243744671744001
1517203954114965505
1516868353985503233
1516120750473756681
1515838408442134533
1515091048418222081
1515067771482251266
1514766233475813382
1514736352956350486
1514627001759547397
1514592765023334405
1514362077158203392
1514326070157266947
1513970860503322628
1513938549401395203
1513879045255143431
1513592241251627014
1513561683100377093
1513547015430590464
1512501897420288009
1512431264208408576
1512428020950347784
1512232181841596417
1511776595438149641
1511362896378400769
1511107205336023045
1511086985531768837
1511081269207216140
1511042843120484360
1510992402382794754
1509930886262841346
1509910453027229698
1509900807935778821
1509625160835473415
1509624472621535232
1509609876091244553
1509554369171230722
1509541785269329930
1509534352824320005
1509516764970987531
1509325098074972166
1509300766648979459
1509290077536538637
1509250213944254466
1509186044016705536
1509145062869020673
1508983840915742724
1508916382427238408
1508892493114445825
1508819141905592321
1508586445564432391
1508584849539489796
1508463396978577416
1507347231569027074
1507018408377860097
1507018406783950849
1507018404296765448
1507018402598047748
1507018401067134984
1507018399066456069
1507018397929947137
1507018396453380098
1507018394817609742
1507018393177628683
1506799916265443331
1506755884646604811
1506724052597153800
1506669242242015233
1506651786215579662
1506266444392239109
1505023734154899461
1504863934783766533
1504846204936536080
1504844591530393624
1504820178177122306
1504519668647841796
1504476592180916229
1504097148765417475
1503871477912944647
1503824939987701760
1503800311621853191
1503451889358278656
1502294342060449798
1502103045815083010
1502102970783182850
1502102753035829254
1502043487352631307
1501322711246774272
1500897195104612354
1500879469938155520
1500858702018101250
1500569144697266179
1499789813540605958
1499509534552903686
1499442223502532616
1499420812943765508
1499390932503912449
1499124301496303617
1499050430587887625
1499030876771995648
1498884060311085066
1498803564625412097
1498788928954028037
1498765106368364551
1498744450822119425
1498717942917345282
1498717185828663298
1498664814473846789
1498421112727912452
1497679902224568324
1497564375405633538
1497345402248437762
1497233556136996864
1497011353252466688
1496901475997392917
1496624582538584064
1496575339757252610
1496537548415451139
1496198806135787523
1496157675528282116
1496144719323226127
1495927764108595200
1495775991859458052
1495422366154989574
1495044261334687745
1494839792525537282
1494813109231439874
1494695479854182405
1494435802025283584
1494424791008301065
1494419296528875525
1494370920395325441
1494041949455720449
1493957334187532293
1493677767757635584
1493632905146474504
1493610731241197587
1493593911985680386
1493357513353404416
1493345246226403330
1492954174761357313
1492868555221745665
1492245937783246859
1492244181565247494
1492164525679915010
1492160963436494849
1492142622776995845
1491861392776998922
1491801457502277633
1491541265653145602
