1534647700255391746
1534624553724530688
1534592951468404737
1534535862213550080
1534525400247848961
1534264965523202048
1534245321554927616
1534233445303570432
1534189523604733952
1534183145268039680
1534170059152756739
1533910851001888768
1533893096030838784
1533871594455584770
1533854573105926148
1533822526727639040
1533802570178867208
1533766903071657985
1533491588306857985
1533158644644073472
1533084405454934016
1532817144576081923
1532789210851188737
1532767315934302209
1532734680260296709
1532722659657752577
1532439657316765710
1532413736102686722
1532397378631716864
1532373237795004419
1532354966463053824
1532083823659429891
1532051970512539648
1532022246587482115
1532021840096415744
1532006777985933312
1531713703518806022
1531681785163161606
1531657591868248064
1531657589938855937
1531657588848349185
1531643115316121600
1531629885919219714
1531216597964267520
1530202279198003202
1529942452278132736
1529210127852658688
1529176548133294084
1529142007515467777
1529106695460372480
1529104274113830912
1529089085893226497
1528831129695858689
1528792373966217216
1528769221701812224
1528753290124599302
1528739105185611777
1528423443095359489
1528077413036355584
1528009366959431680
1528002419157700608
1527743211380396033
1527714019938738177
1527693634644189188
1527656137268535299
1527635599015944193
1527385352796876800
1527358150541660161
1527339047785418759
1527314889479319552
1527298279226089472
1527276142788583429
1527017680951197696
1526998449169874945
1526986728078049280
1526970086547922945
1526960714476408833
1526940943659712512
1526924917295431680
1526678445526290434
1526663535723433991
1526645477772513281
1526621821856100353
1526596153931730945
1526567715783290881
1526554986435563526
1526306716727508994
1526258930615209984
1526236938046513153
1526217659615956992
1526201029175525376
1525875403398647808
1525560579385044992
1525474763761545217
1525204986401013767
1525175290938408960
1525155912473661440
1525124637239259136
1525113421431197696
1524853671053475846
1524824355204648963
1524787043532152833
1524763207914635267
1524746237588787200
1524508838199795720
1524473667354185729
1524444474746675200
1524424190509690880
1524424040307478528
1524417363277455360
1524382416814723076
1524127888722649088
1524100490593714179
1524066735690723328
1524043331528916993
1524012295122206720
1523759209397080064
1523738033526214656
1523697301662838785
1523673274114543616
1523653883670659074
1523367956880576512
1523337933520048128
1523007757917597696
1522931505265201152
1522669528966221826
1522645370098135042
1522611396206219264
1522584720529190913
1522568584932769792
1522337088632287232
1522314942627647493
1522277948878848006
1522250518298607618
1522244025239154688
1522224392322826241
1521943998646177793
1521903541501276161
1521849565963505666
1521848990987337729
1521807348490199041
1521578339064061952
1521558961530437633
1521537362538471425
1521506616494940162
1521484695254585346
1521207143084572672
1521169763325693955
1521148097237327874
1521125675071123458
1520801218515374081
1520749376876027904
1520477585729372161
1520397306796908544
1520151174711812098
1520131962572259328
1520130297349632000
1520081224340938752
1520049388479041537
1520029382554836992
1519777299276734465
1519745008756158464
1519712544981663744
1519687127197356033
1519668733249302530
1519592989953306625
1519421879773110273
1519403256908296195
1519380994465353729
1519354147576979456
1519333215839956993
1519321521780666370
1519307235150770177
1519038855739056129
1519017187066982405
1518972574587396097
1518937437300346880
1518666401795481602
1518653254573477888
1518631672740253696
1518591234637508611
1518582403861823488
1518315841451790336
1518276331057733632
1517943890820493313
1517898205169700866
1517626046262091778
1517548208742084608
1517203512177741824
1517165008957763584
1517137829326950400
1517117437749174274
1516888769563185154
1516805640722780164
1516781733039034377
1516772198383558661
1516492829916209153
1516429663203069953
1516403239108808711
1516158878995599363
1516142704496889862
1516101984734089221
1515654807482077185
1515381098104172555
1515321863815188490
1515013833865064448
1514978814622932996
1514976009791156232
1514694227871117321
1514668666943594504
1514643141248229381
1514603759682293761
1514597707733680137
1514589250360119300
1514572173624500224
1514317747479625738
1514280753563062286
1514253826106138624
1514238726913863684
1513984551508271109
1513968675191148544
1513943329657999369
1513911652533555210
1513866941613719557
1513622163550474242
1513602507351773194
1513571034770911238
1513529050140057607
1513514259552088078
1513204410997956611
1512842023476281350
1512796770992111628
1512526785988239362
1512513609217105920
1512492912302604292
1512476112663818242
1512432841224765443
1512426742614536201
1512162797739819008
1512132347205984256
1512093536669339655
1512055842975064067
1511778713238650883
1511764395738775558
1511737457414443008
1511697298581041159
1511461793620803584
1511420028511531012
1511374310354608131
1511328256913555472
1511081974521376769
1511042666980642819
1511035975522295817
1511012467815690245
1510984002018197511
1510967169491820551
1510327957264297985
1510250195035910148
1509971609339285510
1509937132072148995
1509888813929312257
1509620042635218946
1509579777648123913
1509546811341508609
1509517641270140930
1509516094511497221
1509278542621646849
1509261577169649670
1509241257037545474
1509189030335770627
1509164469015953408
1508908228964499458
1508888048846704643
1508828562991759367
1508786525512814609
1508566601322295300
1508559806872768513
1508522674301149197
1508493520054755336
1508473092959612937
1508438021355495428
1508273892770594823
1508151113475891201
1507915561912709125
1507802315239043072
1507708446933590018
1507463717792976902
1507441754773012483
1507400920266690562
1507369966462386180
1507351389885931524
1507133272798765056
1507079049461452809
1507027459853615108
1506982091858268165
1506656116117323787
1506653825154879492
1506370631658528777
1506340133125120009
1506271490827816965
1505923768669069323
1505904866136367107
1505597789182464000
1505545098800635906
1505263335226314752
1505169970107338756
1504899924961411078
1504872509946011655
1504828429765648387
1504819757530365956
1504548540269350912
1504508612244230154
1504493009789882372
1504470863634059276
1504445194518814726
1504196185019535368
1504170196088541186
1504147231179423748
1504117032123572224
1504112656311066628
1504111385684418565
1504091206573342724
1503844522672939008
1503830177318641678
1503786101554753541
1503765037625880582
1503754526003806208
1503737959371182088
1503458641269215233
1503417422220570632
1503389739797389317
1503365686252523523
1503341673102856198
1503077952094973958
1503037333293125634
1502749772796637191
1502721838958346241
1502652633001041920
1502387636496842754
1502359553719083014
1502344351770234883
1502297756982984706
1502293702609448960
1502034739343020032
1502027514088148992
1501994330940190722
1501979195303333897
1501947737893482496
1501929830652289024
1501697986560147456
1501668744791220225
1501619576127344645
1501583944780759042
1501582256779010050
1501567544032964612
1501438885217329156
1501300724629651458
1501276817109381120
1501257188366450692
1501230894299947012
1501215041869205506
1501182017538605062
1500976588808024064
1500945411607076867
1500915184176484353
1500869634177875971
1500837055017930752
1500564875948572672
1500208779463331841
1500115666266959882
1499846391840923649
1499817199309103114
1499780709006852097
1499761194181218313
1499508414698778657
1499505854587891713
1499476454052020226
1499446003522490369
1499413287892516866
1499395736206647310
1499158043187154944
1499135960633659396
1499113295223169033
1499059959878848513
1499044523837636617
1499039970266386434
1499039205137293312
1498853610075168768
1498824305597108231
1498788672212287493
1498777104288264195
1498764944778698753
1498748406717730821
1498701116980224005
1498694601426751492
1498414074987700224
1498411939780866050
1498377865305415692
1498346694072844298
1498317568309878791
1498298294505779209
1498032821557989377
1497994020542423041
1497723665332457479
1497667786595733504
1497584235711897604
1497390812631638018
1497338436642082819
1497311438544769029
1497290453321846784
1497257210912641034
1497233839613255680
1497222483342151689
1497216074814734379
1496960123444633605
1496945281782403073
1496926904728932352
1496920828532838401
1496893937767919617
1496861731657760772
1496857488410521604
1496856074623848455
1496702294381010946
1496680416329228290
1496602265423167498
1496572821505466374
1496547152520044544
1496523496389677056
1496505985879490565
1496469897223757827
1496232579342770181
1496183254675857418
1496154565506482176
1496134228676943883
1495926204125302786
1495925879335178249
1495873593535836168
1495847542323482625
1495754465734971402
1495460491828727810
1495131826196598787
1495048275610591237
1494765411891494912
1494732947869487111
1494684842189070342
1494428189711482898
1494398997523533827
1494379333531676674
1494360242057928712
1494339102728196096
1494318466983075843
1494094490851635202
1494073212942131204
1494049947397722112
1494040636252696579
1494010940492234754
1494005184569257985
1493984373464608768
1493966821795545090
1493690831139528704
1493666168757895168
1493644274298093568
1493621876781846534
1493594410159939597
1493529266532675584
1493333476640133121
1493308813923037185
1493269555698823178
1493252155280605185
1493223531034951682
1492939631276355586
1492587812998160385
1492499985031733252
1492258895942799368
1492230206777556994
1492225672072376322
1492189891043733517
1492176937221083137
1492152028390436870
1491916640396537857
1491889553065623555
1491879395161620493
1491847686152081426
1491823585496899589
1491817417328181256
1491805156576428045
1491786827539173382
1491776500806393867
1491538151864778758
