1534263603422961664
1533811456419975168
1533796301174976513
1532731021950697474
1532724680347602944
1532502622162255878
1532372460775038982
1532070276615196672
1531821165286674432
1531281934294343681
1530278727468335109
1530277159146749954
1530276329916190720
1529275190336802818
1529269540982595584
1528844574940078080
1528019486330306562
1527830061445001218
1527687480991961089
1527646667415162881
1526949981512409089
1526949980207972358
1526914733466603521
1526657442838364160
1526648366700150787
1526628545136668673
1526627798294704128
1526627796373716994
1526626636875063297
1526280139348246529
1525959996982403088
1525943225596485632
1525445832283144196
1525186968916791298
1525154021354373121
1525101369627123712
1524737312910893056
1524391407825440770
1524378830923784193
1524137773753671680
1524137695915687937
1523442764486410243
1522748156080967682
1522679956576350210
1522676036164534274
1522653325476384770
1522650050865901570
1522646540032040965
1522624080133959680
1522623912181436416
1522597336433713152
1522587746207944704
1522585266720022529
1522581347692421122
1522560301186572288
1522404029673914375
1522401283944103937
1522338345975754752
1522338281639317504
1522325524852486145
1522257051031904257
1521972295203446785
1521588462780039168
1521495143307780098
1521153379279544320
1521144984266756104
1520028840827011073
1519862667107868674
1519434875438342145
1519414010461962240
1519414008364900354
1518935990206877697
1518729986517127170
1518603673559044096
1518046499019579392
1517616459450572803
1517486076176252928
1517292773027819520
1517288645941673984
1517209515351056384
1516875668457504768
1516763398008184832
1516762610062045187
1516432170444894213
1516106597256372224
1516059033811234821
1515686447843581954
1515083198979612680
1514941692604039177
1513886001357373455
1513643855576453125
1512192126708334601
1512070434098802704
1511833738161836036
1511728620288499716
1511508224712847364
1511346854402961413
1511045065417928719
1510296410159292429
1510270639185272841
1509647463136866304
1509595151378886667
1509581455701299201
1509553281005195265
1509287127900725259
1509238669315481601
1509219031999524865
1508885964902604814
1508873695196061702
1508853844477890565
1508778933591973900
1508512636899663886
1508494262786265099
1507794939794571276
1507404434988482568
1507357927891476485
1507326430639796234
1507294840559656962
1507152232139182080
1507129979410296834
1507056407270547477
1507054088009261060
1506342944776855555
1506342943514320899
1506342942398636035
1506342941249486850
1506342940028899330
1506342938758062090
1506276005111029763
1505656079685926915
1505288577235791875
1505024914054602752
1504822259113934855
1504565246702325767
1504459302676873223
1504432867140681728
1504225118339452932
1504158148046856194
1502358050950295555
1501948176823033856
1501925979257774086
1501710260599652355
1501709513992605696
1501704172600639488
1501699355409096708
1501665110745571342
1501634111605284868
1501628927118397447
1501398865580335110
1501218863643516929
1500930238099898370
1500917115188035596
1500889743650959361
1500853381581225989
1500474428211318789
1500234195821645826
1499944724970586114
1499795954236538882
1499767588565434370
1499468323108573185
1499397761107591168
1499386768025702403
1499024627686944769
1498878293705113605
1498840229020643331
1498416805580259333
1498375381824512004
1498375380490674187
1498375379328897024
1498375378070560769
1498375376774512641
1497289387201159180
1496587805568516100
1496142072977498116
1495745129612820483
1494775735416147968
1494766697198374918
1494734869586456585
1494662559265439746
1493987949117153281
1493647034506747909
1493324773476216835
1493323243947757578
1493306916751167494
1493280771028787212
1492947560666968075
1492483634934083590
1492222400930488322
1492143641154002947
1491814746022199298
1491780650424315907
