1534623842739666944
1534318854373089280
1534237154787860483
1534222133483692032
1533954774923677698
1533841146509770753
1533647024020652032
1533626021181902848
1533590571717115906
1533262995714981889
1533117368435613696
1532895773884571649
1532863454771650563
1532517001486278668
1532516881998938113
1532094486607691777
1531681203132190722
1531440329257168896
1530666221389156352
1530616234538110977
1530353166511919104
1529942090813259803
1529628639490359298
1529628382547148800
1529265999983173632
1529247479107035143
1529191252641599489
1528563914291793920
1528178958130364418
1527827607433015296
1527816449149894657
1527756452303085576
1527729682988388354
1527454062920323090
1527117995075588096
1527031405871607810
1527024976418807809
1526988646133469185
1526987308532121601
1526667799501889536
1526386363947524097
1526302257804890112
1525923722602852352
1525536422194814976
1525201126387228673
1524925426027593730
1524893555407433733
1524825437242802176
1524491644476837888
1524470349211095040
1524459555438141440
1524420452558516225
1524059301072957440
1524045319687876609
1524028723787354119
1523769906411761665
1523454755540193280
1523009572608348160
1522635534136483840
1522386432022786050
1522370216390545408
1522342623725428737
1522320398968311810
1522033109193084928
1522000859172904960
1521988554641088515
1521952640627879938
1521950961899606016
1521935443306160131
1521871581680738304
1521665771092463617
1521646482050457600
1521640757156851714
1521550883837911040
1521335787735982080
1521335786184003584
1521279561979289600
1521230020471103490
1520462992256770050
1520447671126876162
1520150157706285061
1520139027092975618
1519804851038920707
1519688170950045696
1519483322291961856
1519452448087322624
1519390713519263754
1518756752551907329
1518403758182440961
1518374434675077122
1518374432808574981
1517924096629219329
1517627556463357954
1517594085837656070
1517586538233831426
1517207796579717120
1517207793186529282
1516964643641593857
1516944810095128576
1516901886711975937
1516879189823135750
1516801993360261121
1516139560421502985
1515712587140370432
1515480159234793475
1515389561286934531
1515125319044268033
1515010094169305088
1514981889743810561
1514785579900157955
1514732792839606277
1514676745290592260
1514281632735571970
1514056556312203268
1514056412007120910
1514045707451346957
1513950961777221636
1513889063690031122
1513638020880211970
1512904937885167621
1512453813667565579
1512427987441963012
1512220521680801792
1512123457332551687
1511871386893139970
1511870753607753733
1511869299719385088
1511722586354429959
1511722448395411457
1511472528774025222
1511457000856690689
1511444194484703232
1511428690789470215
1511131508056145925
1511000060443742215
1509933323346452487
1509933320049729536
1509879251184623618
1509693160364167176
1509689140434161682
1509658509239103499
1509545080583069697
1509341238733987849
1509314372899852289
1509246980517773317
1508946218168299521
1508900801409912846
1508891003779956738
1508485392374419458
1507843587177918474
1507523478173462543
1507482578013536260
1507420404876460056
1507115282862649347
1507078253231681542
1506734816456228880
1506706343553605651
1506621535137636360
1506291930677796887
1505990637430218759
1505973731218407427
1505926254297587715
1505296831621865473
1505007974401642500
1504924351686094850
1504877435287920648
1504570971918901263
1504570969880473602
1504487557303783427
1504286909790629890
1504266265623347207
1504201573039235075
1504137570862706690
1504120806938492935
1504119497220931588
1504119479193718786
1504104266604109824
1503824927287304194
1503773266833391617
1503728693784555533
1503380585758306315
1503214435762061318
1502745494618927107
1502358974712229893
1502044122948902912
1501997307214110720
1501749424548192256
1501689616235171840
1501673918196858883
1501639374462672903
1501353832206450690
1501316629036216322
1501277870022434817
1500948540524318720
1500948539073048578
1500870341958287365
1500585008959946753
1500235622493077508
1500235255911153664
1500176567300882433
1499859336373362688
1499767053078745098
1499474874733105155
1499392903973679112
1499162380181377033
1499136528488009731
1499088819475386368
1499077519466766339
1498860137653620736
1498860135791353857
1498860133883039745
1498860132180058112
1498860130380746759
1498860128598208517
1498860126912065536
1498860124986912770
1498860122919084038
1498852284863811586
1498850028747726850
1498846715323064326
1498796143299416075
1498755979047018501
1498735075168559104
1498402636239937538
1498345646155313161
1498332175099469826
1498120821608484867
1497334590838657031
1497289181403430922
1497214549820264449
1496896454333550592
1496595909228077059
1496550015103287300
1496505039858323460
1496250747977191425
1496230520186978305
1496203185815445507
1496167808740298760
1496167806907392008
1495953720139567106
1495953662589513731
1495824389673132036
1495506739894136841
1494438359237804032
1494420596544913414
1494420595341209600
1494420594028425216
1494420592778530821
1494420590199029760
1494418675650240513
1494092177391206405
1493984165863346180
1493681839780909057
1493318880244256769
1493288103070650370
1493255845186084869
1493255843722186754
1493255841637703682
1492944412871122947
1492236210726703106
1492236205127344131
1492236178401210369
1492200007738564611
1492172617339580418
1492165896441315334
1492163989677162499
1492163987735252999
1491922428804673539
1491854363345797120
1491834852055949315
1491790145577578500
