1534632769657118721
1534614542344388608
1534203319610183680
1533882223425994753
1533842483767087105
1533818906791579649
1532781968320090116
1532765053866352642
1532498278855725057
1532079012566052865
1532079006799245312
1532078999274397696
1532037685950484480
1531352232163254278
1529957215309815809
1529921329255829513
1529548915132989440
1529504776060391429
1528813818599596040
1528739364884295682
1528739362632089606
1527401636376760320
1527329219105083392
1527314490169376768
1526977566745272323
1526977467386413056
1526977466161631237
1526977465205370881
1526977463296872456
1526678032563462145
1526678031078723585
1526678029778538497
1526678028088221697
1526641447591723011
1526632273256259584
1526294355950051330
1526275549534076934
1526255041442717696
1525124218396061697
1525119348255428608
1524865812225572875
1524832296003575808
1524775556310605824
1524769134462054403
1524530058571956224
1524433193738412032
1524433190571626496
1521562959784333312
1521492349297348608
1521486079781711873
1521306074414034948
1519751881140101121
1519664051806212099
1519393575976509441
1519389742483361793
1519341559845634050
1519018658529480706
1518978431962210306
1518978430490091521
1518972380550504450
1518972285893459970
1518729425814233091
1518630754561011713
1518630752883249153
1518297747090198528
1517588628008054784
1517570342809751553
1517562949447127040
1517551425739448322
1517262578086559744
1517262475456045056
1516912969787060226
1516898388993880064
1516898384082264066
1516873684736258056
1516873683456999424
1516836452293820423
1516215515718561793
1516197623992041480
1514667518694248454
1514665218655375360
1514322927012958215
1513964200225382400
1513911260160704515
1513911259040727047
1513911257845354497
1513911256784195597
1513860259152109572
1513605945598914561
1512524288351510533
1512440546824011785
1512439060836622338
1512137793417498625
1512130020684275719
1512130017454661640
1512126687038824459
1512122876425555975
1512092767182331909
1511828211335929860
1511818733924360196
1511797861423407105
1511772783839432705
1511772642210164745
1511400443762688000
1511379936442998788
1511348138535276553
1511144123918651392
1511114988601151492
1509888564816977922
1509598172351545347
1509589191180660742
1509521654657196034
1509318895148191753
1509278850588545024
1509275277339336709
1509231880675155970
1508943551836696579
1508812318389510144
1507344936819171333
1507068817821900803
1506642247386812421
1506638592726155268
1506311396220448773
1506311393011712004
1505977867347578881
1505930587378438148
1505689180420161541
1504504281419952128
1504473893473464324
1504195925354418177
1504159773381603328
1502288421724770312
1502000834841874435
1501960777896505345
1501918795325128709
1501568233375252491
1501228795201990658
1501222142272327686
1500961315430580228
1500501937837461509
1499421638026219522
1499137641488564229
1499137639324295168
1499033593816965120
1499023761357651969
1499018023990140932
1498841543125446665
1498840421769830406
1498797022031220738
1498738586472046594
1498738585142444032
1498651103822585861
1498414860266266630
1498080974357381127
1497279249656561669
1497279247186120706
1497279245281861637
1497279242962354185
1496992624301027341
1496992622241533958
1496992620819759110
1496992619393601546
1496650237598916608
1496283004326531076
1496221807631818754
1494660590115119108
1494000420540190720
1494000364193939456
1494000363409575946
1494000361329156096
1493954939613179905
1493335082194505728
1493301031492411394
1492532322398138368
1492239287789576203
1491803958137929731
