1534608741982674944
1534599240432902145
1534492419722469376
1534321631585308672
1534272824260583425
1534172398832041984
1534154556480933890
1533851838801379331
1533792068287442944
1533603877173579777
1533504674673790981
1533454295416418304
1533164432905453569
1533126137437642752
1533103498870628352
1532787413503856645
1532787411528318976
1532787404700000256
1532787397334913025
1532741144550862849
1532692167428390917
1532478600443748372
1532446305938817032
1532411974708908041
1532346296907989002
1532114118764900352
1532076119683264512
1532016600630575104
1531713630995193856
1531371336584536071
1531335426522357761
1530948956250853378
1530931999652945922
1530304624280113152
1530282191565078529
1530271164941193223
1530217453824925696
1530190874071781377
1530190872163323904
1529992568183848966
1529838667153428487
1529818693248638976
1529639707512020992
1529627124553854976
1529615259056713729
1529592147980259328
1529577869441224707
1529552548067258378
1529540460204675077
1529499727691128838
1529467323026898954
1529423503799291905
1529317649716502528
1529264772650348544
1529249693120831488
1529212751599517699
1529211498484097026
1529196464282517504
1529196463368159232
1529196462327971841
1529167996618416130
1529156617828290560
1529085053665325057
1528870741634318336
1528806394190766080
1528726187140333569
1528501067100692483
1528361196889554944
1527983928270897152
1527825715198058506
1527778677072842754
1527778162335178754
1527675365484797957
1527447143610466305
1527386823550504961
1527341517299281920
1527311146419556359
1527308241256218624
1527288185109114886
1527288182089232391
1527070843444109376
1527062992248000513
1527062668334485504
1527051166022086659
1527018237795475456
1527017165840388097
1526900408475451392
1526618583031234560
1526319251119824898
1526261762580000769
1526194610502045696
1525821046045102081
1525554790989586432
1525496909523308546
1525174284540256256
1525164417276686347
1525160946007695361
1524801829577498624
1524731177860571136
1524457081247518720
1524434912333508608
1524397935424946177
1524096179692204032
1524033238964051976
1524004904511148033
1523744773097820160
1523640414779363329
1523321072350904322
1523271748312920066
1523037201763737601
1522924962645950465
1522663237610663936
1522645987487059970
1522631602571984897
1522615785117696002
1522614991882530817
1522569655755415556
1522566349356216322
1522341858814435329
1522329790547648515
1522318969394417664
1522313664853733376
1522302744635318275
1522296320253476867
1522280753790337024
1522278967264395267
1522271909143973890
1522216841376006146
1522184835737034758
1521952051386896390
1521951343107350530
1521931647872086018
1521909046344835072
1521859368123256832
1521859260912738306
1521840566924890116
1521565504678227968
1521472894315999233
1521158321922883585
1521145174776291329
1521132573661052931
1520752899919257600
1520396803429912577
1520139105706856449
1520124375055409152
1520011012304515073
1519802638484729859
1519743746719502336
1519738717975420928
1519713176253870083
1519694441971437569
1519666994680930307
1519645233293799425
1519429925362712584
1519388292059389952
1519374460222160896
1519332377922838528
1518981097073393665
1518939082856013825
1518759934464344065
1518694613812453377
1518694411227574274
1518685881091112962
1518628016280190980
1518311340640817157
1518213668634345472
1517913943540310018
1517865888048812033
1517558602050985986
1517558395628306432
1517489144666066947
1517488137668370432
1517300616636346368
1517268256628908032
1517265672337768448
1517262799709343745
1517258896209031168
1517256884738306049
1517186261848666112
1517182098532089865
1517156777900404736
1517132544445100032
1517111405681516544
1516908213165346822
1516873051450843139
1516859495313465346
1516835839413686274
1516751282274373637
1516555850533462016
1516537373114310657
1516528037755506689
1516528033297014792
1516518274393067528
1516511981783633921
1516510372299264007
1516460411410919426
1516407014259367942
1516403145823371266
1516185474099986435
1516133068519706639
1516114395587395588
1516101130623004674
1516099707172499457
1516059939575373828
1515851552136876038
1515670312758779920
1515397360959905794
1515327519418892293
1515073225599840256
1514945634410762240
1514667730032603136
1514654465843863578
1514574690529947655
1514407288420896774
1514335615051087877
1514305160545284107
1514248792819785737
1514225640265949186
1513969031799259141
1513962145091833863
1513921264108326912
1513895213416259593
1513884751333056530
1513595745999405060
1513239580702654467
1513203907828277253
1512853348319330306
1512786406707392516
1512418985932996615
1512142413329944577
1512105671260459008
1512092822819811329
1512077707600805898
1512065744405639183
1511827109655810048
1511798899710779401
1511784555795173384
1511773482270396420
1511752590765219845
1511713549248311300
1511703831251456011
1511697799070588939
1511678607223046144
1511452374480658436
1511452310437830662
1511343398724153344
1511332157624659974
1511142343310811141
1511110392541495303
1511107091552890880
1511093849636151307
1510622649147445248
1510338527007068161
1510324192675311616
1510244155158503424
1509960148957155336
1509945988374487049
1509899872681574402
1509647764866666499
1509630148961837061
1509623117848711178
1509571333868433413
1509532489563443205
1509273933312405513
1509244527705731072
1509168240500654088
1508965567994155014
1508933059525189635
1508878154395496455
1508866619824562177
1508864190924087297
1508847412038836228
1508824690453790732
1508820410544050190
1508812480755159043
1508436777178181639
1508191364525211657
1508068821474631681
1507875198913105920
1507839491498823692
1507796275416162310
1507725124795092993
1507454271876436023
1507429005712142346
1507344548971700233
1507135035144650759
1507109642236837893
1507067724853243904
1507037874235056136
1506974359679901696
1506717165122060291
1506648045512966151
1506317531912437761
1506310259031302154
1506303522803003399
1506289430545448970
1506288241250639886
1506267072531251213
1505915137252904968
1505879898128216066
1505627910941683712
1505560544207593474
1505247732675584010
1505171983591432194
1505012368455122946
1504889874595430410
1504871370810957825
1504837439050891267
1504837209173671957
1504594036837040130
1504584613041213440
1504551996895940609
1504478346716930051
1504464632903344133
1504458242935693326
1504449062157930502
1504144463169417217
1504110489340633092
1504098660963037188
1504088636987424768
1503858578951745542
1503816669227012096
1503784344154001410
1503770107490750473
1503749609822330892
1503135894802468868
1503018543906017281
1502737442151055360
1502648857955651587
1502366246163128329
1502301066557378573
1502106788904251396
1502091617250988085
1502065419624009728
1502054989597917185
1502054969586946049
1502041258314899461
1502027351181434888
1501984731889471505
1501957804344627200
1501622092327837697
1501547098675634176
1501297201598767104
1501235119927009282
1501227727268958210
1501220401803935748
1501180470394040322
1500976863585480710
1500893816492113924
1500847591172583428
1500641296603619330
1500549888521682948
1500524778419073024
1500524500911333377
1500524286611763209
1500276475215466504
1500129593654718465
1499893317017997312
1499876750297341962
1499876706617905161
1499876689471578116
1499829027263025152
1499782234181709828
1499782231497363456
1499754829819822082
1499473915793621000
1499449568123052046
1499382372797665284
1499111973233041410
1499055681659359239
1499025885739028487
1499022463023206401
1498864126449307649
1498860461143601158
1498855637580718087
1498855389965828096
1498776828416245765
1498732300783210496
1498714309001719812
1498680459106177027
1498457741450354689
1498411035421724672
1498384191003762698
1498319383248187401
1498302216813174792
1498284741421846532
1498119273587355655
1498118524153352196
1497950902199590916
1497626215095672834
1497579202689728514
1497369031212519426
1497234789367263237
1497231410897240069
1497205151660130317
1496956796040273927
1496882397195177986
1496698564017283080
1496698562574442503
1496680172782862337
1496676122821632000
1496583642809880582
1496577729361334279
1496559888008466450
1496545576904806413
1496513235645779971
1496483981738622987
1496219495786024962
1496125632941641731
1495834525582172166
1495812841709912069
1495755435344740355
1495577640530493443
1495504114758955012
1495412391483478026
1495164404886872067
1495074227514445829
1494763997127749632
1494741504644063239
1494695137301073925
1494678892497575937
1494503253777731593
1494459679010869251
1494433607238230028
1494428893389987842
1494358618610843656
1494321388647337984
1494080237969281035
1494069374369603584
1494050621904797697
1494029447770652676
1493938357877018628
1493690377970274312
1493664887926624259
1493640359594889218
1493584689684221955
1493398134877265925
1493358420707184646
1493341232394915843
1493331037929230337
1493236888412594176
1493048976060338179
1492941896351719427
1492865643795947520
1492616250492477441
1492531945011654656
1492501745972379648
1492491176825528321
1492240273132474369
1492219637097848837
1492207991768166408
1492199755983867910
1492179801024741377
1492158399068393473
1492156559534825477
1491924654491156513
1491837679578791942
1491835858344976392
1491786240147931146
1491765241381851139
