1534607134268309504
1534555674021089282
1534540323401211904
1534165359577780224
1533945308715048961
1533860784404680704
1533807898203242498
1533544056411803651
1533186617090969601
1532888768742666240
1532888767580749825
1532888766381187072
1532888765148155905
1532888763977834497
1532888761918443520
1532774573200089088
1532714683270062080
1532457502834671646
1532427266684243971
1532356905359794176
1532098467878903808
1532098466670952450
1532098464682745856
1532014518158630912
1531989342759034880
1531736128151339011
1531624629286191105
1531357694258556929
1531267074705727488
1530957724581867523
1530606610204196865
1530293970236018690
1530293969330098178
1530293968319262720
1530293967421571079
1530293966507323393
1530293964548472832
1530199827295916032
1529887756947705859
1529887723657605131
1529812283043495936
1529577506679963648
1529565732589142028
1529560393118633984
1529534261002489858
1529528309247361025
1529499174257012736
1529451883521314818
1529223439978053637
1529221156624306176
1529211114634063874
1529189096895258625
1529106632591953921
1528859452958736385
1528813091722612738
1528812112188952584
1528738206459518976
1528445374532308992
1528130870200107008
1528041060177412096
1527788933261799426
1527788928635396096
1527788927188406274
1527788925783261184
1527788924504051719
1527788922314817536
1527681577358065669
1527635236397502464
1527400036417798144
1527372591777755136
1527336299991949327
1527279387669766147
1527036621312471040
1527029610944282627
1527008654326734849
1526961249610784768
1526923903863488514
1526923120048840707
1526681427999350784
1526620793286819846
1526613675410436096
1526565308118581249
1526304486150520833
1526189531766071296
1525889564728086528
1525889562320453633
1525615900958793728
1525291781667049472
1525264938595409921
1525264936909381634
1525264934992502785
1525264932970823680
1525264915421880322
1525264910388797441
1525195873147408393
1525179115556544512
1525143137030754304
1525122936679669761
1524877454292180993
1524843796529303558
1524815896237199369
1524809709307437056
1524757583260753921
1524757455611248641
1524757377244934144
1524739994572800002
1524534300246515714
1524534298359050240
1524534296949702656
1524534294676451334
1524534293627916288
1524534287483256838
1524534277463060480
1524534273667223553
1524495291789021191
1524495290321014785
1524495288861446146
1524495287456342016
1524495286063837187
1524495284482498560
1524470015872937985
1524469603094642689
1524453424191918080
1524451797095817216
1524379183836708865
1524092056171331586
1524022260243312644
1523714004560248832
1523673255672180736
1523307628587151361
1523025287579312128
1523002294597431296
1522730860407148545
1522730858779754496
1522730857903144961
1522730856686792705
1522730855042535424
1522643036232114179
1522619370542878721
1522570292614283266
1522348209208799233
1522269609088454657
1522210232230981632
1522005485712556037
1521944660733837317
1521883092566355969
1521659826375434242
1521592444604895232
1521592435918446593
1521592429538955264
1521592421682982912
1521592414749831168
1521545694477266946
1521470588413526018
1521295833785905153
1521256679865733121
1521185185378848769
1521145232825454594
1521115348103319552
1520851072788672515
1520808242456190979
1520195897321304065
1520195893303119872
1520195881143787520
1520195878807552004
1520195877163388928
1520195874319646721
1520057501244403712
1519714852251611137
1519669408905502720
1519396265364279300
1519306865502474240
1519052073576316939
1519017659093946372
1518947753589719042
1518725309864071172
1518646196952350726
1518584417048051712
1518305127488176130
1517976008116297729
1517631605942149122
1517631604084121601
1517631602565726208
1517631600367919104
1517566080453070850
1517499228955848707
1517221566114942976
1517197132213768193
1517134010731970560
1516907254699593728
1516880602024271873
1516847694781698052
1516801635963572234
1516770165962252300
1516488106651885579
1516404209566064643
1516118984256630795
1516085395892617218
1516045741751521292
1515875993994543112
1515875992673439746
1515875991389982722
1515875989854818305
1515739238775545860
1515444341807980563
1515139941050851335
1515139939557646339
1515139938202890246
1515139935904354305
1515110615609757701
1515029985186172935
1514969162002665475
1514682846081867785
1514650359477817346
1514596378646913028
1514596377644441601
1514596376495149057
1514596375509536768
1514596373479493638
1514391443120529414
1514332435441504261
1514308141214752769
1514229394058919949
1514028479540563972
1513996656265551873
1513968281937498117
1513872402735894546
1513651156626595843
1513557664000880640
1513506330572726277
1513294679277809678
1512842727473430528
1512613183881728002
1512613179213373447
1512613176541593602
1512613174188683268
1512613171860754432
1512613166945116161
1512613162385915905
1512613158204100610
1512489295269228545
1512426650176303109
1512132627934982151
1512100336135290884
1512071183931363329
1511806891655114767
1511787497440821253
1511731013663215616
1511698115283324934
1511438097585692681
1511329741726523394
1511117086873034762
1511036600381280264
1510969607288463369
1510626484213493768
1510334543106084881
1510079464159465473
1510024852211740675
1510024851507097603
1510024850701791235
1510024849867128836
1510024849011482631
1510024847727996928
1509939108654854147
1509937552387715072
1509905642273845257
1509887489078710281
1509664180600819712
1509664085998288907
1509589599097692161
1509589055402561540
1509539785756585988
1509527522991611905
1509307743202648071
1509264846512087052
1509224959935193090
1509167073020231680
1509161086041444354
1508926734820909059
1508912418239434756
1508904666322685963
1508864711156248588
1508799811083980818
1508543773629947913
1508539449701023759
1508431135583444995
1508205808479256590
1507835885261361153
1507505371975409673
1507505369748234245
1507505368141905926
1507505367152009216
1507505364777975816
1507426677281931272
1507408915771715585
1507357392606015495
1507101569862492167
1507072870761082880
1507072869288878082
1507040360501248000
1506998588328628234
1506714992120324110
1506670743643627529
1506316901965778965
1506314923542028298
1506260098317905925
1506071130767040521
1506028079990263808
1506028078492880899
1506028077108760577
1506028072713089027
1505957727012499456
1505897952425914369
1505603791487266816
1505541840187105283
1505234061886992394
1504963600288567303
1504963598946381824
1504963597537062914
1504963596102549504
1504963593711853570
1504890032427081738
1504888334031757314
1504836855178608658
1504806842282692613
1504541385076187141
1504501460347850754
1504484691419697152
1504214469240569866
1504173820596436992
1504139282285572106
1504091201057832961
1503856480990212100
1503851445753364485
1503838168734482433
1503805210824740865
1503770843880505348
1503770842269892612
1503720847718166531
1503493193685471232
1503480646013960200
1503455820910051335
1503455781705994243
1503446053571465221
1503366694789603332
1503125552743559172
1503092229019254786
1502800049423724544
1502755488399859720
1502450932126212096
1502450930406539270
1502450929118986244
1502450927701303298
1502450926300405762
1502394918123282436
1502352635663429641
1502340844984180741
1502293897292226564
1502044000492171270
1502043987066114056
1501995633288388614
1501982768640794635
1501942712878002176
1501942711393292304
1501942709166039040
1501942706804649996
1501942703814168586
1501782766794457088
1501763370063695880
1501724134627323906
1501685397151424512
1501602254708695045
1501568473587200001
1501377256739979272
1501366415164588038
1501314168162455553
1501287039995547652
1501273621825683458
1501246809376759809
1501238970692288514
1501205853248098307
1500976553395691520
1500918234043801603
1500902280253616135
1500840290780856322
1500630725388906496
1500231150861799426
1499903949209575426
1499903947993227265
1499903945820540929
1499903944427982849
1499903943207534598
1499903942028931072
1499903940288290818
1499867896448700417
1499863648520622080
1499789122629681157
1499748569175269377
1499543077912031248
1499498281365352451
1499438427741343744
1499436821599637512
1499411382466400260
1499405852482146309
1499399088680288270
1499132260624314375
1499125422050717701
1499086605172289540
1499030066604486657
1498866861982855176
1498866827128102916
1498866802335662083
1498864085764657156
1498864035252645890
1498858231363424259
1498856894185811973
1498855816119660545
1498854318904119297
1498853848789786625
1498851982290915330
1498851260593840131
1498850617309151240
1498849678380703749
1498847061835456513
1498846227739426819
1498844953216270342
1498844635124412416
1498833431807119366
1498826367458283526
1498762036821569540
1498693891637362695
1498667832451682306
1498665987855597571
1498456578122465287
1498456452981264386
1498393047884828672
1498351138026008579
1498302968621416455
1498036580874866693
1497657409355005954
1497362866730635266
1497350091887230977
1497350090595389443
1497350089593049089
1497350088544378880
1497350087000969228
1497307333986246662
1497290653067268109
1497264343662141444
1497241766361288707
1497234918367240206
1497218717024927747
1497016457791746060
1496989897617457160
1496965914809581571
1496909652977758211
1496862854934319108
1496634239479160835
1496569175598321664
1496536743197171714
1496523185466003460
1496490040125542400
1496285944344989700
1496242977978658822
1496202677696483336
1496122845528793088
1495842300055990272
1495814574620225540
1495487017030926349
1495055281688092675
1495055280652103691
1495055279528022016
1495055278265544706
1495055276273287168
1495055274285142030
1494743647128109060
1494680604067041284
1494467297527881729
1494400697105793032
1494393086985883650
1494393054421262344
1494393010334978050
1494356346128510976
1494317525294796802
1494073483684454402
1494052321348759552
1494050724690509824
1494025964367532035
1493949832431640576
1493736619744141313
1493699020811816965
1493677607581327365
1493657498653450246
1493591108001091586
1493377172144279556
1493341641419239428
1493317347540619271
1493283252357980162
1493217456713777156
1492941798817374211
1492584396548886529
1492286364611665922
1492286363676430348
1492286361772118017
1492286360585183234
1492286359490506755
1492286357674332163
1492252037551169537
1492236105118269453
1492226205298401281
1492226194590289921
1492202005447815172
1492138050994024448
1491910568432783360
1491863989147611140
1491850666448498691
1491827075745042433
1491778970932625410
