1534679906302533633
1534634890758610946
1533966912438296576
1533833367304691713
1533558067106824193
1533220149309874176
1533175845292056584
1533175836681162754
1533175826493079554
1533175816670126081
1533099930029543425
1532865356930351104
1532838445646741504
1532795263772987392
1532785314586050561
1532754622011547649
1531732565920567297
1531640698231046144
1531464807798476800
1531318678209417217
1531285582764179456
1530925840954966016
1530665404124868608
1530563275892658176
1530261211039903744
1529596899631693825
1529205169191276549
1529086203798204419
1528838969282134016
1528721550442209283
1528463623596679168
1528388398620233728
1528117283213791233
1528030637453475840
1527732544740986880
1527667838424588296
1527423379426492426
1527377285740777476
1527337390313857061
1527282675014176772
1527103104818225152
1527057034620936194
1527018631141408776
1526976079675723776
1526945110960766976
1526945069697314817
1526945019948683264
1526944919763427329
1526944711126155264
1526912689607430148
1526714497372770304
1526686637228441606
1526656124006588419
1526656122781896705
1526656121406115841
1526638375880597504
1526607263967870976
1526572813821300737
1526295976104841216
1526221737540583425
1525908882765275141
1525609294435074053
1525588925040967680
1525547515143405568
1525483480452308992
1525214301052620801
1525193099361849345
1525145389816549377
1525109371423834113
1524854479425880081
1524810626622709765
1524763186221797383
1524528533837697026
1524488112935776264
1524471823236317186
1524447817128947712
1524408895661346817
1524374353017815041
1524186715493126145
1524133351346655235
1524116146634600454
1524034226798137345
1524016212610584576
1523809988124184577
1523712215932542977
1523665378504708097
1523382242638462976
1523349600714821633
1523067424379387905
1522975054946254848
1522656654776578048
1522622563071021056
1522598312859340802
1522564596132945921
1522383329105956865
1522318858991906818
1522298959187918848
1522204797897777152
1521913750818856960
1521857582830391298
1521563256938246145
1521529531248615424
1521503755539292162
1521298326796357633
1521259388366995456
1521244644855664641
1521229871653003266
1521208744562016257
1520841106325389313
1520428723060854786
1520155991815434240
1520114454020689920
1520058834630455297
1519801408857456640
1519781916857323520
1519739523604828163
1519712820723654658
1519670815847026688
1519482972398882817
1519405576748421122
1519394270179991553
1519370782668951553
1519335451684966401
1519335450829283330
1519335449726050304
1519302248404246529
1519100505452126208
1519079975030251521
1519040178148499456
1519027152943038466
1518940228786044930
1518703491388215296
1518684181110341633
1518577422903488514
1517999357408202753
1517887412441124864
1517597025390497793
1517566971419713536
1517545864633458690
1517514456976306179
1517230183052423176
1517192718899990528
1517148112489377792
1517132762389614592
1516927311614029824
1516884011569790977
1516863996779024385
1516809009382178820
1516769901985288198
1516562048565628932
1516509258162003972
1516483456011800580
1516135957501820928
1516060243033305095
1515780396243374084
1515739637528023054
1515687407919771651
1515390023029428227
1515341149954875394
1515105083247284233
1515046075878543372
1515001001652203529
1514958975317553160
1514710865727086603
1514694998230503431
1514662177239613446
1514638110214270985
1514595729377005570
1514386958964850691
1514286847488368645
1514237381427269640
1514001401197699074
1513897953718644741
1513643240406331397
1513556311710994439
1513516927821676547
1513250261980090375
1513162268581765128
1512917200205758469
1512852530144948235
1512849212307906560
1512840474607951873
1512782201951334404
1512453431721664516
1512449946468995080
1512415468426084358
1512174583457136653
1512160183547580427
1512129075455877121
1512104878860124164
1512090718071832577
1512057612564578313
1511821217715605510
1511766398447632393
1511752370295914504
1511718901197029378
1511692003800715268
1511480059860852736
1511459972701433862
1511459970914697222
1511437005175115783
1511418749819236355
1511408109524328455
1511400809514340361
1511392489848164355
1511131946142818308
1511103803352924162
1511066657648689154
1511066656537296911
1511033987241857024
1510984619172188160
1510966435409018881
1510715553731813383
1510641219260534791
1510394143457091593
1510013726438612995
1509967412568932360
1509923076162703366
1509881698493865994
1509680699439210502
1509635231678140420
1509592638936256513
1509565834154360848
1509517039953711113
1509306098897113088
1509306097881993217
1509306096808300552
1509306095709437956
1509306094719488004
1509306093670998022
1509306092303626247
1509259584048926725
1509231533441359886
1509191561371922438
1509161366325706753
1508950896197177347
1508926415584038916
1508891661954392072
1508812490993512457
1508574792219303954
1508498494004289552
1508439771282128901
1508192169101770755
1508087639370575875
1507786220033691649
1507722061082464257
1507453013702557696
1507430904226058245
1507378085246738438
1507343698060849167
1507131297373868043
1507103166659190797
1507054146763079688
1507020431471034373
1506986556279738368
1506768402819465224
1506739199264927745
1506710428046573577
1506696706188001281
1506652893381861376
1506618174363549699
1506416187110006787
1506356371905826826
1506312722060820483
1506270416482054147
1506025619783622659
1506003169674936322
1505956262063878149
1505906280820527114
1505621193562497034
1505574023383629834
1505322152991592448
1505271453494792194
1504944913145810947
1504886831787167749
1504844576959381507
1504810896950018048
1504602998630232077
1504575154298490880
1504530551268646921
1504495131944173569
1504474352074457111
1504446711657377794
1504256202032783361
1504232423093161989
1504190254324105217
1504164924074905605
1504112803325657094
1504096262701862915
1503864247255715852
1503832233584508928
1503817199466778628
1503797241408106498
1503766891692797953
1503729464324337664
1503495581867646978
1503462429220835330
1503359748871233542
1503069226671779846
1502699195580493837
1502667896748711939
1502411940336918528
1502392304715411466
1502375960020230149
1502352795562876929
1502329913948450821
1502306501267898368
1502286159136833538
1501977039464800258
1501977037254369284
1501956362493911042
1501937513002274817
1501771044847300622
1501771012207263749
1501770955781197831
1501770899640537088
1501770851766652929
1501770810046189573
1501770769130573828
1501770728093499393
1501770685466750978
1501770646212198401
1501770607217844226
1501752271159373829
1501692858474057730
1501683991618936832
1501251787847651337
1501221923790983174
1501202489231695875
1500927162219700230
1500902098342449152
1500868776480358405
1500840694432387072
1500586771314270208
1500532783042682884
1500495400616304644
1500201572420173825
1500133422756466692
1500132462017536001
1499864853334351872
1499841821777793024
1499830893883629584
1499787123569868806
1499505455256805379
1499464262061858819
1499426644594995207
1499404984466690049
1499180725807063042
1499113549225988097
1499082956266250245
1499060346715262978
1499035469555941379
1498863833938636804
1498861608042483715
1498858144751050758
1498856623707762689
1498849042457149443
1498846851054936064
1498832423924215816
1498804857339322372
1498773717291261955
1498759040423571457
1498759037365768196
1498693810246799372
1498666350859988993
1498479685205958658
1498456571596226560
1498444609265053702
1498416160391499777
1498385544476348416
1498341785894072325
1498303378853609475
1498056616050049028
1497973664226103301
1497691461525114890
1497616128931151873
1497576081276166149
1497340217006641159
1497313768673525766
1497281111231238155
1497261012877254661
1497215953741959169
1496965560483164169
1496934074761502725
1496900938837250051
1496630954315718658
1496614250663583747
1496584121920983040
1496504746886238208
1496283312209666050
1496259796378562560
1496238761440591877
1496226676874924033
1496202568015482886
1496184078294568960
1496130628135313415
1495817335621435405
1495058554503499786
1494805590178398209
1494770772929355780
1494705198501142532
1494684298422755336
1494362709869084673
1494319708941651980
1494093251057434631
1494036419995701258
1493994990732824579
1493961077348048900
1493747470005846016
1493678948022169605
1493641187605061638
1493588897540059138
1493357956372570115
1493320151801937921
1493279266414501894
1493239985352462339
1493225829870022661
1493019195109425153
1492907570784350210
1492665437615706112
1492637995060674561
1492561818853728257
1492138074033303552
1491917641723920384
1491866537933910016
1491784181919010820
