1534611248695877633
1534335046164832256
1534335043992268800
1534228785180155907
1534217113950375945
1534163641003655168
1533907159758655491
1533801817171275779
1533105545380605952
1532830664839528450
1532803591093747712
1532765606574968832
1532403713012269056
1532345887439179781
1532077227470364674
1532068595450073088
1532068138623574016
1531652297582854144
1531337112854745089
1531333769751416841
1531278163199856647
1530995441319481345
1530995315142180868
1530592693402931204
1530592690286493696
1530297684686405632
1530254869378043904
1530225657841692674
1529936791373074432
1529928305704681476
1529878814813302785
1529843948826533888
1529836925770682368
1529541939485364225
1529541938176745474
1529541936914255872
1529541935710588931
1529541934401855489
1529541932925558790
1529541931688243202
1529541930450812931
1529541929049915392
1529541927804321795
1529541926491398145
1529541925237301249
1529541923974918144
1529541922687156229
1529541921449906177
1529541920065785858
1529541918803238914
1529198898119581701
1529189454157578241
1529189451934613504
1529147198583328770
1529134381977243648
1529121764814508033
1529088933501489155
1528843059273908225
1528826779955249152
1528768425862090752
1528765984231854082
1528762120371949573
1528762119319130114
1528390827759763456
1528030314068574209
1528020287987429376
1527754948053716993
1527708748134993920
1527705320499314688
1527680220396134400
1527644762513326080
1527404875662905354
1527403046434635785
1527369490178027529
1527368841315004432
1527321095971360768
1527321093513441286
1527321090850115585
1527321088278921217
1527311181454917638
1527304226279260161
1527301927528067077
1527031686122377218
1527031217027268611
1527023744769839110
1527015401502167041
1527015399036014593
1527010660386848768
1526984588085669889
1526952753116889088
1526675593235922945
1526636299611947010
1526596178279907331
1526554433676578816
1526299073942368256
1526281838494457856
1526259450335698945
1526216349286113281
1526216080905195521
1525853518145409025
1525615512528605186
1525615466521174017
1525609192450666496
1525512564804837376
1525491125800226822
1525215151191904258
1525206986312273923
1525206984479461377
1525188497862234113
1525188496184553472
1525178896282427394
1525132507624132608
1525117484059197442
1525076761654054913
1524903853426151424
1524903851110944782
1524859023425781760
1524825129498419201
1524825127682248704
1524794752004243457
1524767624885940226
1524752731470188545
1524519843445227521
1524471750624530433
1524430432896487425
1524430431071920130
1524395582659436544
1524390158438645761
1524139068929593346
1524118789209698312
1524069410759184387
1524056531737714691
1524025874244329474
1523758223127285760
1523748234220302336
1523686814028283908
1523304063928246272
1523034373670326273
1522993137525919746
1522694849740386307
1522682964890505217
1522664609475301376
1522660924028596226
1522659889587408896
1522650250892226560
1522645920290152451
1522635241768296449
1522634002200473601
1522615852151054336
1522579256676597761
1522314985224945664
1522286650100965383
1522286648360321024
1522252082165821443
1522252080945192960
1522252076423729153
1522220944101502979
1521955132371517450
1521955130341478401
1521923175738662912
1521894401517277184
1521894399701049350
1521857140251627523
1521581078812807170
1521572674312495104
1521559533843361793
1521547132192362496
1521534000107560962
1521514859476701186
1521512009933729793
1521502129197887491
1521195595326803973
1521195377990459392
1521157646052741120
1521157644941209605
1521157643582246913
1521139707094122498
1520780330902319105
1520780082503114760
1520516296881885184
1520449973162229762
1520145902559629312
1520095909987729411
1520058536184721408
1520056929187475456
1519779467190751237
1519758100479283210
1519748727854047234
1519742121133199361
1519723482367541250
1519712155209244672
1519711889617526788
1519707850142007296
1519675345959591937
1519479669422268416
1519479667035709440
1519418474707267584
1519400688434008069
1519399639069437956
1519397701397454849
1519396666612371459
1519363606009233409
1519346380334055425
1519328415085735937
1519315952348901376
1519304094317518848
1519076814559358976
1519076812374089730
1519036192100163586
1518982311559188480
1518976018345828354
1518973290836119553
1518678563846856709
1518639692207513600
1518591497209270285
1518245590009790466
1517881598120808448
1517635683451609088
1517609185118093313
1517563192305754117
1517546960290516992
1517498639580598275
1517225874256547841
1517168768656547840
1517153833012514819
1517150858605056002
1516883923007070210
1516883904715792385
1516883877058465793
1516823532877107202
1516798037904998408
1516783944749961220
1516760402532708357
1516506391032250380
1516489646288609280
1516484389273804802
1516459677705457682
1516413175847129094
1516159096432603141
1516134927783190530
1516077355265138694
1516041347777576965
1515651323118694401
1515508212769906695
1515499109544771584
1515439274753208324
1515335298078711808
1515072611436445699
1515067561452388353
1514957217665007618
1514701793716064262
1514648826472288268
1514640804404420608
1514609532164476937
1514337180998635544
1514337175449571331
1514287401245581312
1514257783763439619
1514244259393818628
1513966757941334031
1513946088587333640
1513940588164440069
1513910199836459019
1513891940588265472
1513577876045582339
1513556757351706640
1513524615527677961
1513303707672268806
1513215240288223241
1513154835427725313
1512933219829747712
1512875494110343175
1512807798240952322
1512807552836382734
1512777470440841217
1512538825054203908
1512535760515313666
1512507401190182916
1512507399990611971
1512497747596881935
1512490460236988418
1512455245472935936
1512455243694542851
1512455242058809344
1512433215931301890
1512430613181173762
1512173369277382684
1512113782230818819
1512089301701603328
1512083850008023047
1512072287121391638
1512072285548519434
1512060994306162688
1512053046255173635
1511874662241906688
1511864867287883777
1511797507856207879
1511784378468294667
1511748020420939782
1511745151886053377
1511742202145300488
1511740399945138176
1511740295272144896
1511740200581582858
1511703344674492421
1511700178989953024
1511692871673565184
1511480701476089871
1511454785618288645
1511448323097604096
1511427532343676931
1511391670151090183
1511390983224758282
1511377849743196165
1511375254685458445
1511354909005950980
1511339458259476491
1511063836295577602
1511063835360350209
1511041121648099328
1511003178958995467
1510807346422951937
1510678158164516866
1510274428453675008
1510265270874492931
1510259034955386884
1510024896788811779
1510002899518066690
1509942730058838024
1509942729144516615
1509942728460800003
1509942727022194691
1509614662496755717
1509572569187368969
1509572567631384592
1509544612087709698
1509544610552594436
1509263609637097484
1509246239161913349
1509187565584330763
1509182192424992782
1509182190827061249
1508893727758106636
1508821100339376142
1508549602567684096
1508461265684938759
1508166504424038404
1508166502784118795
1508166500355481600
1508166497654423561
1508166495783772162
1508166494210953221
1508166491962814474
1508166490524114955
1508166488905199616
1508166483502845952
1508152829965475850
1508150005848231951
1507799376328118272
1507746793043415044
1507500494113148930
1507462327947378688
1507431665194479625
1507418947934900225
1507404793882583042
1507385925688565777
1507358566444933120
1507357617454301186
1507357615654944768
1507094812058660871
1507077811013619717
1507060304953458692
1507015560151777298
1507005184483987458
1507002592559251459
1506996832987238407
1506722858793598977
1506707406763483136
1506664593850081295
1506654032584187910
1506648035081834496
1506620578450575361
1506619889045360651
1506367295655927813
1506367294112509953
1506367293026344964
1506349708159115271
1506321976541028364
1506309746118250496
1506296626184339467
1506262372968718354
1505993905942183948
1505946080705495045
1505895154225500168
1505612370906959872
1505574564654465030
1505573904772911110
1505569236294541319
1505561051840102401
1505560815545552898
1505560595042643972
1505560521617166336
1505560508556099587
1505550202568122372
1505548778375458820
1505547921927901190
1505290841270718468
1505276862146228229
1505179108480897024
1505004335842873344
1504925310675996680
1504905140863741957
1504904919442239490
1504885163272155137
1504882646219997185
1504844640641499142
1504562701695135744
1504553821934170119
1504545144770646017
1504479806678654980
1504458085909286916
1504457124268711942
1504203768937787398
1504168506589339649
1504108572703137799
1504093985924653057
1503874543814860804
1503863155151233030
1503856580021960707
1503834292501286917
1503799905306951682
1503787331689619467
1503747186525458432
1503476387897823235
1503395938001473540
1503364551491866624
1503046034209091584
1503041795139198984
1503023190926409737
1503001880754016258
1502790189101498369
1502767575729684494
1502701064721559553
1502652193673031686
1502651307143933955
1502415348620042240
1502379480760913931
1502341394161192965
1502322161264082951
1502322159879954448
1502322158411919364
1502322155958247433
1502035573036535810
1501962029195739142
1501945939283509263
1501662863353651205
1501600827496087567
1501594833210777610
1501584498500198403
1501559828468187142
1501334543814430720
1501315082210484236
1501296464982589442
1501275584164466692
1501265498553876480
1501253932525383686
1501248147540135936
1501246678640340994
1500930726774165507
1500907990198546432
1500907780638711813
1500856299084414978
1500491213232869377
1500485108511477767
1500315062489260032
1500314727263748097
1500218349271359488
1499866955536285703
1499857990274461698
1499839317090480132
1499831596333113346
1499756547362144262
1499495209339654145
1499484510236381184
1499473139528609800
1499442422174072838
1499440634393944108
1499428894998421504
1499408343496077320
1499406984382238725
1499170810640146437
1499145537374855169
1499081056061988872
1499061281214582792
1499060894147428357
1498858935373156362
1498857861392347136
1498857023320084481
1498856313211826179
1498855067407065094
1498854754356801540
1498854163895181318
1498854010077515777
1498828944501616641
1498828441226985473
1498775236950560775
1498764641127870465
1498704469671956485
1498701640207155207
1498679589941432320
1498314988787834882
1498308984113086468
1498308981919567873
1498120869079658501
1498072245054418945
1498069123254784000
1497986147254890496
1497667660473147400
1497639942989783040
1497612605258547206
1497511929019043841
1497330374736846859
1497241892848865281
1496940744640065536
1496924864728514569
1496907641515356161
1496893660633436166
1496691985519939584
1496633735000772612
1496575593944469504
1496566052339265540
1496502721368797191
1496326761470115841
1496175459356270596
1496148728725581831
1495830275330547712
1495783241848172547
1495476114499772420
1495473852410966024
1495464147391234060
1495162041409150980
1494790488326606854
1494733714231902215
1494722905594335241
1494679420203937804
1494521094652547075
1494415312594391043
1494413301257850885
1494413293804560400
1494413287932542980
1494407090487631872
1494404499770859523
1494395302714957826
1494337636160311308
1494320390335782914
1494148024372760580
1494052679617847297
1494019584755736579
1494018864799268865
1493983604900249606
1493983603772043270
1493981037373927424
1493958499537149961
1493687437134082053
1493676487228145664
1493668225657315328
1493628724880855046
1493362674297618434
1493325791308005380
1493314819377844229
1493263608037494784
1493260787871322117
1493238608853151745
1492906417677864965
1492881556741971972
1492591449078218753
1492533182314463233
1492509213733822466
1492258508745629696
1492210216892612622
1491863178346737665
1491819252378124289
1491796185065029633
1491790065697132544
1491780950413524993
1491536499917176838
