1534625811889696768
1534590019842756609
1534289597743570945
1534248577727275008
1534200991079448576
1534200987895967744
1533907390697033728
1532461299476574208
1532410216263860224
1532372705298853890
1532372700446048257
1532078276197330944
1532044498649468931
1532044494044028929
1531724900125351937
1531349477705015301
1531349471392571397
1531348207007154185
1531274983430930432
1530307608279515137
1530266084858798089
1530227075759710210
1529923326323441665
1529887842444251136
1529850597259632641
1529294415679963138
1529203835201196032
1529177345919225856
1529162311793090565
1529126531146170370
1527711823406981120
1527704088544165888
1527665150265901058
1527665124013707268
1527663565225738241
1527405737781043200
1527387608438804480
1527385105815113728
1527355657636106246
1527319235969421312
1527273716496867329
1527097677594431490
1527075693212966917
1527006104412073984
1526965919632826369
1526953820835692544
1526953441255378944
1526950508140843011
1526938307048914947
1526923756362469376
1526657054617661440
1526617216069914624
1526336945437016065
1526300165778325505
1526268213595627520
1526236220879163393
1526232175284211712
1526202197003882501
1526004510866345985
1525853520183836673
1525641864547733505
1525513519289929737
1525493563760463872
1525263910558900224
1525232668224413696
1525184098456698881
1525147972970881025
1524950325488140308
1524808559594291207
1524780963846397952
1524770468372361218
1524770467046993920
1524559566356324356
1524559553379160064
1524509906065313792
1524461587439910912
1524425370325372932
1524422403140603904
1524418302201671682
1524194796822224896
1524135690451177474
1524098194438856707
1524052754032996352
1523771490037952512
1523761464028590080
1523758454292234242
1523718557678604288
1523715380123869185
1523715354597670918
1523657296362237953
1523328901430210560
1522681833770602496
1522644902693195776
1521983257092390912
1521958343484530688
1521939572141305857
1521939570413158401
1521900688497852419
1521899382014201858
1521587146921955328
1521548587120869376
1521251183217856514
1521238826655567872
1521224604659892228
1521224601765924865
1521185085088743424
1521185083029430273
1520573381543927810
1520453309106163716
1520453307998875650
1520453305113223168
1520174337701068800
1520131304272105472
1520130274843107328
1520095313188564994
1519788797336162307
1519763621965873156
1519753061748543492
1519710084603027456
1519710083311190017
1519706371947704323
1519451827057557504
1519400237173030913
1519362156596277248
1519321348992086017
1519320497854550016
1519303681862213633
1519303680788471808
1519303679635042304
1519303677340975104
1519103783615156224
1519058988809154560
1519054389230645248
1519015959276703748
1518772349729841156
1518726296104173568
1518685779077201920
1518659432217030659
1517649702136651776
1517614973387747329
1517578231599181824
1517552946556321795
1517249571918946307
1517218062629539840
1517166644535119872
1516860745853681667
1516816678310617088
1516544167580688396
1516512969684922369
1516482060550307840
1516482057236402177
1515661602342653958
1514936575662215172
1514718387322171401
1514663395529789446
1514620702363631618
1514378900394033153
1514331972075667456
1513898026892472327
1513898025793560577
1513645819622088704
1513607690924273664
1513573472324182019
1512567308228743172
1512567307289124866
1512506059637895175
1512457796637409284
1512204069905051660
1512161539289190404
1512125343745949704
1511804219015245828
1511804217706659840
1511804216393752585
1511804215005483008
1511764925772754945
1511731524386934785
1511696666394603525
1511524089231421444
1511438273603768322
1511403231246753802
1511087928805662724
1511048588230602753
1511027360182767624
1509999543617822732
1509981016252981255
1509968555340611592
1509939183367950345
1509652003923845121
1509612241259216898
1509561824697532416
1509561822873018378
1509270864826613763
1509270863652265992
1509270862364614660
1509270860871446536
1509231297520152587
1509231292986056706
1508927074354016264
1508927072642678787
1508908280420130821
1508887459035295746
1508887457823088641
1508887456699015173
1508887455092596738
1508849777689214982
1508544667390029828
1508544666194649088
1508475754358751237
1508475753054228485
1508475751552761867
1508475749858263040
1507119315039842309
1507117751231467528
1507117746185805829
1507067968919941123
1507067967682584577
1507067966243983367
1507067964679409667
1507025195608862725
1506778627739947008
1506778626737549316
1506778625684738054
1506778623923175426
1506738830535180290
1506722280616992768
1506663849449213953
1506663844357226503
1506365995224649730
1506343493182107658
1506328183624413195
1506328178985472002
1506295285332463627
1506295283860262921
1506295282472042504
1506295280836222978
1506295279259209738
1506295277451415567
1506053542116741127
1506048760589127681
1506024346422325259
1506024345466032139
1506024344467742727
1506024342936772619
1505997262245490689
1505997260773105672
1505001143671398400
1504569101011804165
1504568507081519104
1504521694240727040
1504521692978294786
1504521691887816705
1504521690684051460
1504521689203363840
1504521688012177414
1504521686351331334
1504519154224750604
1504519152958156800
1504519151670464512
1504503954838802435
1504477248715337730
1504176629203021826
1504176627542020097
1504176623448465414
1504176619396767756
1504176615458279436
1504176611570208768
1504176607438778373
1504176604406235147
1504176601772273670
1504169880458698753
1504125015096242182
1504125013724647427
1504125012193726464
1504125010897686530
1504125009576574980
1504125007601020931
1504125002903429120
1504125001435389953
1504124999912853505
1504097688383639568
1504097686932361218
1503805592414179329
1503805589763379201
1503488138160836611
1503458454538706949
1502388557230616585
1502325521253912577
1502023899701456901
1501990564060934150
1501990562706202624
1501990560961372166
1501990559740837890
1501990558260211719
1501990554120380416
1501990552866279428
1501990551633149955
1501990550433669122
1501990549183733764
1501990547946459147
1501990546075697154
1501951765368868866
1501758007612432384
1501694460094291968
1501686013592313859
1501669723616034821
1501377350763790338
1501377349560025092
1501334217220923394
1501258477578055688
1501215631412191241
1501032952293203969
1501032950292697088
1500954240172404739
1500954238809255939
1500954234132520965
1500911248166342658
1500911246454972418
1500096998837571586
1499845133407293445
1499803718228889608
1499180504049872902
1499146673574006788
1499143007291035666
1499134198791106560
1499114909845569539
1499114908369268746
1499114907140300804
1498859177950814212
1498854154411950086
1498785079845433350
1498778187672825858
1498757111819419652
1498388563427221505
1498388559560126471
1498388557450424327
1498388552597614599
1498388546922721286
1496940091557695496
1496692802788507649
1496518750367014919
1496517820175241225
1496517799887482882
1496513224858030090
1496263298567839747
1495898214607769605
1495790415609577474
1495403356831031305
1494677134257922052
1494671364514537477
1494351207325908994
1494070800051224580
1494045800590102528
1493736888896655366
1493674110957805571
1493671156406263811
1493325309747290115
1493311027265646594
1493009590501494784
1493006704040108033
1492229688047112193
1492184355371991047
1491883482112479234
1491787162894749710
1491784801489092615
1491782105944236037
1491539523527979008
1491534459866394627
