1534538885996466177
1534258384991551489
1533976265803415554
1533856025828282369
1533828592915910656
1533469408181493760
1533138772640124931
1532772166256807937
1532729865379758081
1532717024857800704
1532377568988520448
1532104698638962689
1532040506808598528
1531625743201054720
1531265303597940738
1530639997493301248
1530271179877105667
1530231450057973761
1529220130533789696
1529149940978667525
1528845904756736002
1528823619060740097
1528823507928465408
1528787160861745156
1528151737118314496
1528111526321831936
1527794378961473536
1527743373125222401
1527735080373846016
1527713105706463233
1527701190355689480
1527676248973000704
1527287190748704769
1527280609017892865
1527081207124705286
1526968234397818880
1526948887277314050
1526666481030897665
1526636120871690242
1526627896068132867
1526586217848098817
1526364233205784577
1526361618413670401
1526361042795712514
1526305276126715904
1526272814466351104
1526244721861042177
1525891117065060354
1525168984085123073
1524846638174552064
1524810196916359169
1524446807505391616
1524388291885387778
1524128175219003394
1524089325079699457
1524041919277539332
1523998196095406082
1523739883705372672
1523716236705640448
1523384935356059648
1522932887040974848
1522673700721541120
1522661664633589767
1522588710054895617
1522215859216732162
1522208306349191168
1521905697843204098
1521598275840884745
1521325937614274562
1521324242591223808
1521202386945073152
1520388199171993602
1520145806833197064
1519773561916899329
1519701268620529667
1519678182261207051
1519664691953475585
1519611513450991617
1519431173985951744
1519413356897218562
1519400304957083648
1519352479024041990
1519334741719273475
1519332299791286272
1519316674578628611
1519075911517319170
1518980612924784640
1518729044434501632
1518682157631389696
1518670951667449856
1518599540433166337
1518568173875961861
1518301750205296640
1517606702258036739
1517536064705024002
1517246757004091392
1517195175952588800
1517149885002223626
1516818334460878852
1516808500822876160
1516783951590924302
1516401494198730756
1516218622917681153
1516129381940441092
1516128573718945793
1516074136732422148
1515820744982286345
1515820470163099657
1515687110275215361
1515027527248625672
1514967286372872193
1514680841649205248
1514654214034763781
1514337990990077964
1514301518824026118
1514276207977771020
1514257628473577487
1514010493421338637
1513887783546404886
1513877512224481283
1513873982361161737
1513600918985617410
1513579583190310914
1513556744529719298
1513555384753135622
1513522404353576968
1513255193743446018
1512794821915725835
1512454608358158341
1512186968305717257
1512153716157300737
1512147311966797824
1512140945252405257
1512107003858010123
1512105004328493065
1512085524743262209
1512085512265162755
1512083686560178184
1512077616638939142
1512070548922109973
1511505487459667968
1511401243733901316
1511390984134971403
1511389836787261444
1511358647888191489
1511139497106452481
1511069026335735818
1511038812457209861
1510700725516619777
1510017524611657735
1509979549102186508
1509966463280496644
1509934169941585920
1509933068664119330
1509852438949421056
1509634938638778368
1509613655318532096
1509583080998293506
1509550289162063878
1509304250127503362
1509269766036496388
1508884660931248138
1508847913560072212
1508825525564887042
1508524516586233868
1508511936769630210
1508116038243729418
1507454647212158977
1507428336397598720
1507028740924182530
1507028233379790853
1506993074282631182
1506972752070258695
1506716672060796929
1506628382338990087
1506328415649120266
1506284355748040714
1506281085814071300
1506022361782689792
1505352910628134912
1504897931001876486
1504863770224517120
1504821383003578376
1504601548776742916
1504524446115241989
1504141336328511495
1503884505236574210
1503817989182967810
1503800550453923848
1503757645068619790
1503482401934221318
1503408294228119558
1503336217374515201
1503174904346259461
1502372529058504704
1502343512909651971
1501984932842950663
1501955664402427908
1501647572179591175
1501646834275651584
1501625886336077829
1501324575065325570
1501232751512412160
1501214086952017930
1501157957626695688
1501026798032887810
1500980119405486085
1500960701824835589
1500926189707345920
1500923432791420941
1500888455659851778
1500843135483662339
1500808177851457541
1500180622941331463
1500131840656650240
1499942524043075591
1499797955070644227
1499577043574534152
1499485358395998216
1499465587877203976
1499464776572973056
1499417682231406601
1499394071730786306
1499155572226150403
1499109273762160640
1499070529612959753
1499034202716704772
1498857643204657152
1498855250995859456
1498854730289790977
1498852888667377665
1498851788954472463
1498850304380579840
1498847251812204554
1498845066055630855
1498842517009317891
1498840991498969088
1498802988395159552
1498767927440560131
1498714117267415044
1498428416114188288
1498401278237495303
1498270619112247302
1498092048326537219
1497736488351502339
1497736204183216132
1497732553280827394
1497668520204648450
1497594496648769541
1497594025355919362
1497237526154825736
1496963642549547009
1496950129366126598
1496929306312048640
1496912469511622660
1496841636323762183
1496838589874847752
1496705379199246337
1496697147626070020
1496692407726870530
1496680340068442114
1496648261733597194
1496584086206525445
1496511966285910018
1496241378627571717
1496208848973148162
1496206745403809796
1496110795247206404
1496102704841691142
1495884958409367563
1495828107462426624
1495764018597928966
1494728454499147776
1494410304922468358
1494409096388296708
1494370591645835266
1494336582718930954
1494122152794202128
1494039788479029255
1494019596591980549
1494000610001264645
1493771422748925954
1493713969969864706
1493687945190166534
1493687171324203012
1493664825859313676
1493620570000400387
1493331132405932032
1493315743571931136
1493305927142981633
1493254624064815113
1493000211903488001
1492986739966857216
1492957944538968072
1492652835124793351
1492507789201190919
1492276698045468674
1492217963960803330
1492216901010927620
1492184382601371661
1492165884818956289
