1534674783203471360
1534660435735191552
1534637036266835970
1534615927769137154
1534590663307706370
1534586066673483777
1534586009169584131
1534585718114242560
1534560842129219584
1534552250105925632
1534524454751113217
1534524412698951682
1534209723922268160
1533924928176758784
1533911964111585287
1533895035309244416
1533894453865463808
1533814609995497473
1533797983271141377
1533786449333690369
1533427369758932992
1532847784956727297
1532845419516121089
1532832567216508928
1532684818978418689
1532481793684918282
1531985162824732674
1531720149132267520
1531699823178665984
1531649793218514945
1531647808654266372
1531254850180116481
1531075033392730113
1531075013280931840
1531074993504780288
1529867284881281027
1529862335107579908
1529859116876840960
1529843694651719680
1529490501333827585
1529466340930633728
1529218802063638528
1529191586168455168
1529173953465434112
1529172439036461059
1529141242029912066
1529123284779941895
1529115707023269889
1529114005515776000
1528804774212141056
1528768549711486977
1528751647559667713
1528738520742903816
1528377389792870406
1528004683691749376
1527728989862875141
1527717464892747776
1527696360639713282
1527687607559282707
1527683260960186368
1527682575526989826
1527673154092556288
1527673152628830209
1527661975559348225
1527650177602965506
1527650166953615360
1527342634607386624
1527328032578363397
1527316915706003456
1527304535177170944
1527303483510075394
1527063070299791366
1527042375092142081
1527041870827855874
1527029611489533964
1527019549316591616
1526964015368392705
1526959178761351171
1526952946059161600
1526945721223720960
1526944364911644672
1526935520999251968
1526919857387843586
1526912330277208064
1526658200984068096
1526647201400758272
1526591509763657728
1526586126412161024
1526582846726496258
1526582062949482498
1526304943707242501
1526298558189785095
1526289633168003077
1526284096967786496
1526270517799440385
1526266915705999360
1526266261826674690
1526232062663045120
1526231558549544963
1526197687237890048
1525872136820236288
1525872123205627907
1525868321970741248
1525834383147642887
1525134778407829504
1524860789278052353
1524852294944169985
1524828527647936527
1524828526146375684
1524828524405788675
1524782766872842241
1524777722425356292
1524777236242567168
1524777224607522818
1524777058668269568
1524756056303443968
1524491088278478852
1524412022452113409
1524409840335998977
1524408923297656832
1524400156019503105
1524392209814102016
1524390346595225606
1524389506677358592
1524130845291859973
1524123229039865860
1524073530945531904
1524066634213773312
1524061698142973954
1524038983331819521
1524021520506441732
1524013350543319040
1523673003346735105
1523668871353597952
1523660646671208448
1523657221443563520
1523355297816797184
1523298423155290112
1522648359709855746
1522645369988993031
1522631203278495744
1522624733971304448
1522612477606993923
1522612319422922754
1522609830573314048
1522602468487614465
1522597764156248065
1522593131849527296
1522591139295023106
1522586985336123397
1522547939310252033
1522314369673175042
1522279507922726916
1522250753284493314
1522250743922794496
1522250736863617025
1522250728881983492
1522236883027251200
1522236323033227264
1522234782062628864
1522232650613764096
1522219026360901633
1521927159153147906
1521927157592862720
1521925978943111168
1521890404525821956
1521880662982148096
1521867488430022656
1521864743492935681
1521862989577691137
1521856517829541889
1521848505022701574
1521603443995070464
1521597983485308928
1521530155105198082
1521530153146499073
1521142754012708864
1521135629777743872
1521111451364118530
1521110506240712704
1520431816393510913
1520431784508289024
1520431732012556289
1520420962973278208
1520101795636281345
1520101380576456713
1520090477533569030
1520089981410320385
1520036953084813312
1519789396920258560
1519784746137669632
1519737410883661825
1519728883616129024
1519715694404947969
1519706604425428992
1519698057583075329
1519697247331663872
1519694309901180928
1519691124549599234
1519686297132179456
1519671627612569600
1519669833436209154
1519644881102254082
1519401044471685121
1519397720775139336
1519396003216080896
1519347486049120258
1519323908394082305
1519314086772809731
1519021754928320515
1519019882700058625
1518991040715403272
1518988914274537475
1518955850420965376
1518685179354796032
1518655343643041792
1518652137168855040
1518649519327567872
1518344114353356800
1518321734721572864
1518321710243610624
1518321581256179712
1518314293308968960
1518033719952478208
1517916766533341185
1517878226562998272
1517594311180832771
1517592643563270144
1517589328964337664
1517565401109917696
1517542032293605376
1517541366506565634
1517539518211010560
1516834251433459725
1516781722725195778
1516770544158449665
1516770381314539521
1516543615228600329
1516460523453399052
1516459446901350402
1516457207226941443
1516416296736468993
1516412409841434636
1516153785592475648
1516153571435327489
1516152876418093057
1516152086961995785
1516131298527649794
1516119310510563334
1516105024228802562
1516102616908017670
1516099374182453251
1516058017179000836
1516057979983998987
1516055699020681222
1516025132136992769
1515686013099671557
1515031699167621126
1515014085498355719
1514991436298657792
1514969943976165379
1514969911667351564
1514969272619044872
1514968534392127503
1514937582127239171
1514663994140905485
1514638800328269833
1514617884063850514
1514615695304056836
1514608711704010762
1514595008430673926
1514394581680406528
1514309098384334848
1514308884336418819
1514286479605964810
1514255753825206281
1514236598593990660
1513979907189133315
1513970215113142274
1513939078269521929
1513932070950739968
1513932036716871681
1513898764028809222
1513895970865623042
1513895949415895040
1513885001418514442
1513858620991094791
1513577248732889093
1513557797505486855
1513552906565300226
1513552308889657357
1513157854236012547
1512830950354427914
1512787413650718723
1512123204671660070
1512123157032755217
1512121060769947649
1511792668191379457
1511716660356554759
1511708378048999433
1511436819967193095
1511375637159813126
1511366462996463635
1511342409350799370
1510996917592985605
1510990111533637642
1510248361101873159
1510248282634784779
1509976061731389446
1509966539101024267
1509964907667759109
1509957479169417226
1509955304858992642
1509953029906345987
1509941662079807488
1509932099159035910
1509907227532013632
1509901812060598277
1509893969991381030
1509885969754959875
1509616902808948745
1509604936560123905
1509599750038999044
1509597512063197196
1509597486968713218
1509583594116820997
1509583491964489735
1509564153089994756
1509555222829543427
1509554513350385666
1509541935261921293
1509532968976621575
1509527453475254278
1509527326794604544
1509274017215172615
1509255574327902211
1509247109731598338
1509247063443320835
1509247054345904142
1509246112804257794
1509244993944399876
1509235467874713605
1509202352821215253
1509195422123925515
1509192665203679232
1509183212639117314
1509175120413310982
1509175070761099269
1508845744110850059
1508843460689895430
1508831702453530630
1508824905088917510
1508569452945842187
1508464973797892104
1507387752282836997
1507384529803264012
1507336489130201089
1507336487389519879
1507081274330165251
1507078753201098762
1507063360596107267
1507058677492158464
1507052308617646080
1507038343745388552
1507016038218539025
1507007554546647047
1507007551073779715
1506969787360067595
1506965342756782087
1506697623574654978
1506696809174999042
1506640164449402882
1506639532686520326
1506638149186994181
1506635721234391048
1506634079743234055
1506620707236581390
1506401336295923717
1506332470429589511
1506296973887954952
1506285830566035461
1506025109399564291
1505944391818559488
1505938746948136963
1505928594882797570
1505916191793111045
1505204093412950019
1505027258695790592
1504961879600508931
1504872472289714177
1504849270805078018
1504844526443184128
1504835516822339606
1504823436656328709
1504823156988694531
1504821781282103301
1504813109625692175
1504790847996547075
1504536042937872391
1504531329085550598
1504485826238902284
1504462657948200964
1504458745912438785
1504451989077385217
1504274635172593666
1504199142020636683
1504155468612132869
1504152172614897672
1504148236159885315
1504148205637881862
1504146250228461568
1504140510637789184
1504139648796352513
1504124765266710533
1504113961440104450
1504112581316947969
1504109545265803277
1504097765286109193
1504094105223286790
1504094103549710340
1504070483913891843
1504070482961833986
1504070481661550600
1503887450002927617
1503855152826097666
1503832578763202562
1503810491487068162
1503795512251719685
1503784994057162760
1503757462649937931
1503734406019751944
1503733815671463937
1503731940482027532
1503726468878241808
1503725208695455746
1503473354073939972
1503466234272272385
1503396988263583746
1502995894622380037
1502340380150407172
1502340136876617735
1502339312834297861
1501996140782407682
1501995552799698951
1501960061404516358
1501958570287505408
1501954198224707589
1501940354005680131
1501919086376361986
1501660802847232003
1501650001184837642
1501646753820463105
1501646751165521927
1501625554306486278
1501592525869625351
1501580815800676355
1501568814839840774
1501371976815943680
1501371684842053633
1501334751441039360
1501334749620625408
1501248104686886913
1501233871827963907
1501226869391507456
1501218335039631366
1501207867457691661
1501200020279803913
1501018868768296960
1500968032427929602
1500963608049639427
1500929422408491010
1500925258286653443
1500923213290819590
1500922887007608845
1500905621494943746
1500902331063443460
1500897316386922499
1500893840798007302
1500891782430744577
1500886358704934916
1500871825831645190
1500812123789672449
1500598949488508930
1499848939805327378
1499837647828754432
1499795145398566918
1499766773079490562
1499491805259341826
1499421340901777420
1499414572792483847
1499410580096049159
1499404983296413705
1499399133068627979
1499398699675308032
1499136653390135300
1499131608946851843
1499123728525012997
1499118457639649291
1499115484058378246
1499104933110595584
1499101954806628354
1499098714970877952
1499098106360651777
1499091485161103360
1499085377193271297
1499042910079176708
1499034858575867904
1498855537185890305
1498852845054951424
1498849573258760195
1498849321898315776
1498848566852263936
1498846050278383618
1498844288511356932
1498842778675077121
1498842275295608832
1498841772247724033
1498841433964429316
1498841326082736131
1498841301499981828
1498756141177880585
1498744157434691600
1498742961240252426
1498742911252504586
1498728756676018180
1498719127787212805
1498714534038720532
1498695817691025414
1498675477715853321
1498438337249566728
1498418797136470024
1498418706153713667
1498387979013955586
1498385967358566403
1498315292543442944
1498315056362274819
1498313561252184070
1498313387880685572
1498311923288453123
1498300203538915331
1498272584244334599
1498005194113650688
1498005122529517572
1497416942747017225
1497323101041803264
1497234430724694027
1496966076617445381
1496864419195854856
1496692803488960515
1496691789356584961
1496570342734761989
1496496007047262208
1496486686032908288
1496474926357757961
1496227653124243469
1496227651899609092
1496210803443347458
1496165759260758016
1496152221343440898
1496150050145284110
1496148078826598401
1495969073909403650
1495784442782175245
1495772333524594691
1494770222804480001
1494733976132538369
1494682113194352644
1494672538047332355
1494672475002707974
1494341619885088783
1494325643802132481
1494325392152272899
1494310935099494404
1494307542087909381
1494307182447366153
1494306806784475143
1494306381716938755
1494006086143299594
1494005453046661135
1494005278332829699
1493966397172432899
1493956412124368901
1493955271160471557
1493699658811650057
1493657714270027779
1493646009288871939
1493634264260386821
1493617120806162435
1493609705658277902
1493286437130842114
1493286239885266949
1493273266810720260
1493259488916381698
1492516845609361408
1492180045061836800
1492180043644260352
1492171821927436290
1492156664799182852
1492149676069564420
1491896537814900743
1491800687465750531
1491782255341154304
1491746698045046785
1491542676470059010
1491535126810939396
