1534618217037053952
1534582460368961536
1534562587194564609
1534543662599786497
1534542156936929280
1534531421200691200
1534281760225239041
1534281600854282241
1534268009832931328
1534254592703311874
1534210464476954624
1534170382672056321
1534170345799917569
1534168298123931651
1533878787078750208
1533846614795771906
1532753715559555073
1532751823949504514
1532429063092060160
1532384040829034496
1532370541285351424
1532362948341022720
1532358257729228808
1532348350296739842
1532346778628005891
1532034146528333824
1532033974318600194
1531666311519932416
1531645269816778754
1531259137748656129
1529882505192546309
1529877312111529984
1529871233294028804
1529845208996790272
1529834620862308355
1529834571214336001
1529222442341703680
1529197943328317440
1529180926797926400
1529130846292217859
1529124333917962249
1529097257135624194
1529096846232125440
1528813418362322946
1528767225599078400
1528766841413328896
1528740322645245953
1528737327438340096
1528736287213211657
1527674943269490688
1527671540346761226
1527637623535288322
1527637553708511235
1527409896584531987
1527409839227424780
1527408588158795776
1527372671331229697
1527361333033058306
1527332741792288770
1527302373353267201
1527300838376341505
1527299745357565952
1527298508331823105
1526990911590252547
1526961956728492036
1526961551894257666
1526942988420759552
1526930620009615360
1526922257221795843
1526651749762838528
1526629455350837248
1526610058636926976
1526600204362858497
1526599804138180608
1526561918739222528
1526559298414944259
1526241008018669568
1526237155722403841
1526237123304689664
1525164501183643651
1525150268312195072
1525141739916382211
1525122542536622080
1524840195719319561
1524815333281890304
1524806196372307968
1524775823328301057
1524766051581452293
1524762939219185664
1524497699038547969
1524495150927552512
1524431630194073600
1524420468341723136
1524417639522709505
1524405779960324096
1524399739487277058
1524383755053510656
1524157832454717445
1524157228298739713
1524157069909270529
1524121103039442945
1524088378387402752
1524084251888697344
1524071753533825024
1524066594640613376
1524066456949903360
1524062777970765824
1524039016450072576
1524028464222945281
1524024179821060101
1523760751093350401
1523745453992734720
1523709387826556930
1523681622003834886
1523677694839255046
1523667070625665025
1523665833704431616
1523661945639153665
1522628286744076291
1522583302665867273
1522583251528949761
1522583008078876677
1522270650576130049
1522266298843115520
1522219181927636992
1522216183713333248
1522215624075743236
1521837982260551680
1521581589964206081
1521512553351991299
1521216706017783808
1521184251588317187
1521181697206796290
1521172620045082628
1521150019784482817
1521130645799514112
1521125610877341696
1520047083348242436
1519693276118401026
1519687096633593857
1519683188347621384
1519421739889004546
1519416236286824450
1519415073374154754
1519388324988862465
1519344259375190016
1519343020742696960
1519330793159548929
1519329381436567554
1519315075596697601
1519054928861442059
1519033115083259905
1519022407679463424
1519000937972613125
1518996716556541953
1518996675846627330
1518994801982640131
1518986932361080834
1518960052031434753
1518951540765167617
1518942748291866624
1518942702263541760
1518939862535221251
1518939518086389761
1518682184890171394
1518654914142081024
1518650742814478341
1518650559204577281
1518650433585266692
1518629519418081280
1518606328503189504
1518598440569249793
1518583137562988545
1518583091924721665
1517567721927589890
1517174255586271238
1516866816630525958
1516775670285754377
1516774650537205773
1516766338076848130
1516765068398153729
1516763962297233417
1516743019659247621
1515758969792483340
1515007132151787527
1515006706161491976
1514243674502279170
1514242595916070921
1514242514340954121
1514020323993296906
1514010967172079626
1513996635243786241
1513983041793892352
1513982658879139848
1513909853110030337
1513908260067323910
1513893496196898816
1513893330509250573
1513883043924254720
1513881514588741633
1513679965673476110
1513679859243012099
1513653765278208006
1513532375761887235
1512466429722963971
1512460677050511366
1512456510949019650
1512445550616059907
1512444730193465351
1512440235094913034
1512107564917571588
1512105727745269766
1512101367988510723
1512074591656546306
1511810979633455112
1511801618563481616
1511800652493639689
1511794274802753543
1511772048158347273
1511770229541584898
1511737236525617158
1511713770782998537
1511710069666291719
1511428652096913410
1511403297394946049
1511401050376491008
1511359662364504078
1511354949644472324
1511354792081342483
1511353421542084608
1511353313354301449
1511035522944311306
1510998726080356356
1509994856717946885
1509928447325446183
1509918654292496387
1509916935261200400
1509890663202054149
1509630783224532996
1509600108962267140
1509595133389516807
1509583867522523142
1509556129461936139
1509554241479880710
1509221549597151232
1509214878678097924
1509214119446077447
1509182501721452554
1509171791524159489
1509161266828517385
1508909031993315349
1508906325933182977
1508861232207609866
1508856916558163972
1508822255790399504
1508800146821333001
1508800066038943750
1508532254594772992
1508462990420594694
1508442256314929161
1507398442426974210
1507386792437293086
1507385641029537800
1507127978056204290
1506999254895759361
1506991842864373766
1506644206399406085
1506345292660195331
1506343887354404877
1506339508316524558
1506305773038616579
1506305530511478787
1506277043117383683
1505973150621786114
1505944853389234180
1505921382584143873
1505921374451339269
1505921341995823107
1504847603426639873
1504843500617089051
1504815162993295361
1504815095666421761
1504518071599439875
1504480450143682565
1504477071761829907
1504472961796870163
1504461282900070409
1504166870496260104
1504136116634595339
1504111261839155207
1504099702404521993
1504088460247945227
1503823438607048704
1503810682004905984
1503792338589597701
1503754812491542531
1503738957078704133
1503723230770651141
1503458454895218691
1503404742134976521
1503369834406551557
1502331509092589572
1502314444088561666
1502310884227567621
1502298903399518211
1502298779722174465
1502027396857356293
1502008575941660676
1501983514622926851
1501932703574228994
1501932615858671628
1501644923413483522
1501634250159833092
1501592728915828741
1501592281442361346
1501592024318889986
1501308234937913349
1501280216181886978
1501253076652548103
1501234766426824704
1501234217782493191
1501211132924678147
1501206256794718224
1500954428488179723
1500931830714875904
1500910659378331655
1500909293054353412
1500889692715298824
1500881398739132426
1500879161992351752
1500877273544675332
1500875206017138696
1500840709355708416
1500838976218976261
1499804974963900417
1499777034339459075
1499546999049306117
1499546841704247296
1499451560522309635
1499451408503955474
1499443944391852036
1499442213016719360
1499421117177548805
1499413342502350851
1499397894717145088
1499110089407533059
1499103674391580678
1499103449497145344
1499096080255963140
1499096059875835908
1499028873668960257
1498888279516712961
1498887598818873351
1498735337883025423
1498695296565587974
1498671611062464517
1498666812317253638
1498661488495575045
1498433400646086663
1498369022575919106
1498352411404029962
1498345441141919748
1498326293825429504
1498317843221336083
1498316927210561547
1498315894568763404
1498312855233380359
1498309790019293184
1498309743684816906
1497301492436504582
1497301408432992263
1497300676757569537
1497239436752531456
1497238165182205952
1496966886671761411
1496869188794994689
1496869096230637574
1496706578891907075
1496645058887569408
1496568794969513988
1496568716049494018
1496526011613257737
1496171991203815434
1496167017237422085
1496162781359443981
1496148181150838789
1495494345864196097
1495492558558007299
1495074820345712645
1495074598832021509
1495074433177899015
1494771134503522305
1494699428678094855
1494697653682290699
1494697328023908357
1494400978426249223
1494394930390777860
1494394763793125380
1494393115117076481
1494391332005199873
1494373729970929668
1494372543939162121
1494371365591433227
1494339591028887554
1494339117445881863
1493983564953788422
1493980675707441163
1493974866088841216
1493691147939729408
1493690538716979204
1493681093467418630
1493680211866660869
1493633775380672524
1493622074002354185
1493608240562724874
1493298989856399363
1493269339373547527
1493266912079331328
1493259300487188480
1493258638848319488
1493254239476457476
1493243786587250692
1492208799054274568
1492180065555292163
1492178943675445256
1492159876797190144
1492159802017042434
1492159739509288967
1491842685845528577
1491814767631245313
1491797949709369347
1491536779031326725
