1534269572324503552
1534269543610302464
1533950667924066306
1531297753195847682
1528820717072048128
1525567585068232704
1525556491935260676
1525556388843474946
1525185972815683585
1524813059822342146
1524809322244591616
1524783202803531779
1524401442999652353
1524185285160050688
1524053946997874694
1522671599824080897
1519817151892402179
1519441156546998272
1519383742330060800
1518691246167965696
1517596999142498306
1517558947942744065
1517163752738766848
1516873588170579968
1516819229999255557
1516569333236908042
1516489054468116490
1516421861994864652
1516218521662988293
1516177753355169794
1516107813617025031
1514982935308476419
1514622426956677131
1514297931523923975
1513927754546352132
1513873036759470090
1513690650872627202
1512522576345583618
1512466229000392708
1512442733570543619
1512442301641072640
1512113112912171014
1512084127540932615
1511771363710746626
1511756077343416326
1511748985798725638
1511736836103843845
1511736832949641221
1511734648908533760
1511734646219882508
1511732548296134660
1511727801245831173
1511719318047932420
1511393306554548230
1511377829119860743
1511175359483584516
1511077332391497740
1511067582916435973
1511064822011543553
1511064795696541698
1511064540439527427
1511063872538611716
1510017162190241796
1509578196714463241
1509552496410345477
1508935186255339521
1508923137852948480
1508878008979009544
1508877643134996486
1508876927091761156
1508876359266975755
1508495345499656192
1508126511617949700
1507126776694288393
1507043240578633728
1507016764219015177
1506749843598942210
1504906096301035523
1504891875127345160
1504869804997492737
1504550690001231872
1504547693552717837
1504527405213532162
1504124213384294405
1504124211425599492
1504124210066731016
1504124208980320257
1504124207655002117
1504124206442819586
1503884499964342275
1503843459874107404
1503831651717197825
1503783379770220545
1503744326181871616
1503474444194435075
1503462972282134533
1503411382301048835
1503362815649714189
1503158214006755332
1503084226752643074
1503041696459804677
1502835839902138368
1502769150367653891
1502735679914086400
1502680063556427778
1502409531011309569
1502356544243048448
1502326483691327491
1502300649622487048
1502275397102231553
1502095461464821761
1502026759293734913
1502007884602826754
1501969764377411586
1501969762804551682
1501942956395319296
1501783170982809600
1501783170039046147
1501783169032409089
1501783167992217603
1501756407485501441
1501705391037550592
1501629726695297033
1501573295199731717
1501375247282577412
1501349787882295296
1501324762437406722
1501318812892864515
1501301643442282496
1501271951523954692
1501230274952060928
1500933089240961025
1499939164346896384
1499155972522131457
1499118617702580232
1499115297554546690
1499114519959846912
1499113937291386888
1499073853355696139
1499060379669962754
1498852131188756486
1498852090852032515
1498796060751413251
1498758381464694790
1498370281542406150
1497259102229172224
1496990070632378384
1496946173009186821
1496933553636093957
1496930162469912583
1496930161052160000
1496894528099393541
1496864399763521536
1496296276643786755
1496280265257332737
1496225640776970243
1496221857300848642
1496209582984769548
1495950836333166599
1495903325912539139
1495795012164112391
1495602860322660356
1495502504989179907
1495480357692530690
1495451390155673601
1495449445772763142
1495216383155712002
1495176117946249219
1495123018078724100
1495056792698728451
1494857267296014340
1494832856434053121
1494790436166193155
1494778501941145605
1494703714141093896
1494642164726476801
1494493481959661569
1494462551643635714
1494421149056393218
1494407927209279490
1494361839420981264
1494143312512503809
1494103802210762752
1494077126638714887
1494051543145926670
1494004600944353288
1493749215830237192
1493708776393916416
1493707186131943428
1493698486423932930
1493603680263802887
1493326626226069508
1493299251304095744
1493218720432287747
1493026453394542596
1492920002034352130
1492672873600794627
1492607190670004226
1492534461648588805
1492295134578417668
1492245054718676996
1492232750841364480
1492229016991977473
1492158484061863941
1491898269512998919
1491873503825612812
1491873086857269258
1491865931710181377
1491852767161466887
1491815725756936193
1491751049324945413
1491593008357249026
1491544156040310787
1491543213500424198
1491538299235749898
1491538297977516037
