1534548508543488000
1534270786076397573
1534235328340426753
1534208568496472064
1534170544370765826
1533914889391157255
1533904581821857792
1533835610951122946
1533820513298030592
1532810664007327744
1532397888021700609
1532078287085875200
1532068222736175104
1532028701755551744
1531259892560015360
1529217619890688000
1529189746110607360
1529180691119984640
1529125885084897285
1528740094076760065
1528022306236284929
1527657034237485058
1527385613820903424
1527334536467472405
1527314137042149381
1527283067563409408
1527094669800312832
1527092515534512129
1527092486153322496
1526987912256143368
1526982219163631616
1526949758157344777
1526942771814273027
1526940718987628548
1526914826395697154
1526681726222839809
1526662262374780929
1526638189691150337
1526624645679566854
1526568172643663872
1526291902286405633
1526280689016086531
1526265487142813700
1526247376712867841
1526232011857399808
1526209391095164928
1525877962616209414
1525293816370147328
1525182374094557184
1525136045330903049
1524867266747285515
1524855438533173249
1524834174145810447
1524815336138330112
1524790895236812800
1524790774340235266
1524784344195268608
1524782366039977984
1524769341723529217
1524510916213100548
1524461941196005378
1524389872944955393
1524375737104580608
1524183675176472577
1524074230320705538
1524062957457620993
1524052593869213696
1524032765716537348
1523745622255415296
1523687317307011072
1523677738011222018
1523302204412952576
1522048599781167104
1521956082805002241
1521908014663536641
1521889648573825024
1521865969353859073
1521309521498587136
1521204761256673284
1521157830979555331
1520138101355646976
1519788027140317186
1519762627844579328
1519740744348667913
1519706435646595074
1519699534821175296
1519685204046196736
1519685202301403138
1519414590513238024
1519339931046490114
1519105044104294405
1519089707359117316
1519085067276017664
1519039871368708096
1519011460256608256
1519011458335526916
1518665649190588416
1518647784274108416
1518647189916078080
1518297204494114816
1517607392531337217
1517579681742086149
1517550774083018753
1517451268851224577
1516887180802768897
1516830058782105603
1516778571162955777
1516423164342980616
1516396953273348099
1516168952711364617
1515700111694774276
1514970807000260608
1514935621244043271
1514701489473732612
1514653485396078598
1514372613988098055
1514345183365709824
1514324546848964608
1513942778832728077
1513941838809473025
1513926178171674625
1513926177026711554
1513600343728394242
1512462156318625816
1512461581405335556
1512151352587309063
1512144177886281728
1512108908298575876
1511828691931869188
1511823202594471941
1511801957631078401
1511790603750805505
1511763179268972555
1511469230385946624
1511379139143553025
1511350063653703689
1511335966958567431
1511055504814092293
1511036954007248916
1510638072563748865
1509932933511061538
1509909756806316037
1509627052911169537
1509604901462192129
1509556378129600513
1509546084296806406
1509543555299168271
1509250866615918599
1509216900710117384
1509200719391469576
1509187121675964425
1509142911996375042
1508884420727656462
1508571181313634312
1508566631773085715
1508499412401676289
1508485579113218063
1507121078895788043
1507018661424422914
1506738309191643146
1506737663801503750
1506691008767143950
1506645952433696769
1506360052499849225
1505212794588774404
1504841857490108434
1504836764682358786
1504576563790200833
1504535801585094659
1504532440571957258
1504520950255132675
1504506372607692804
1504505181899218950
1504503662101635076
1504455019093008384
1504199328239390723
1504175168725434370
1504115758934147072
1504115735500570630
1504109744042266634
1504101568370688002
1504100146283483142
1504079936776192006
1503867324906065920
1503815023319265283
1503806744736288774
1503758288101552137
1503744484894560263
1503738057497153536
1503416172808704001
1503191431116115970
1502385587206209536
1502342783436263430
1502292183562473484
1502045164990255109
1501956384803463169
1501950515013459968
1501723464520146945
1501625687307919365
1501581369759219718
1501345529221062665
1501326148227141637
1501289678540001288
1501239294748418050
1500980981813190656
1500978182345871360
1500904253560401920
1500896390775513091
1500543058370248704
1499901966394220544
1499504341480263681
1499490400771448839
1499461524091453454
1499421036647010307
1499402432912236544
1499156139040256001
1499036309352067082
1499034918684401669
1498879877491171329
1498877361147846658
1498856418811822083
1498855159564324865
1498854611259699205
1498853081185980430
1498852626724626436
1498850903037775875
1498850789179154445
1498849822807363589
1498847749483249669
1498847634722856961
1498847511230005251
1498847225795026947
1498847121079951360
1498846708695977987
1498845561654497287
1498843873367531525
1498843312006078469
1498837391863386119
1498836294448959493
1498790310947823622
1498769778143596545
1498754199198257152
1498744026362744832
1498735034811002886
1498713725066530821
1498688008500961289
1498687890766897156
1498668429775093766
1498406444516978693
1498384652758888454
1498035438724042760
1497963898049163269
1497663656397619213
1497613098689126403
1497596588696477703
1497322250097381376
1497309356433551368
1497306455967424513
1497266383700340737
1497229016234967047
1496934579579457556
1496920709737725953
1496891303929557000
1496596485928108042
1496552444700016641
1496537361848705026
1496501964015915015
1496490746677014528
1496244712704991233
1496244710800863236
1496183991090692101
1495777096823709698
1495490193549365253
1495095960908840961
1494770488144367617
1494720886200582151
1494675823546482688
1494465940012023811
1494401968567111684
1494353972727107587
1494352644323917827
1494327953722728461
1494118919078043651
1494066058566766593
1494041654919053323
1493963885052928001
1493679773956153349
1493652756644696066
1493630808610988034
1493630807369555971
1493333731507064842
1493290449632739347
1492886265628344325
1492225182739701763
1492182145183498240
1492153752601649156
1492148689175031808
1491978688585519132
1491891441345470471
1491891364556115975
1491812715412733954
1491775869756583940
