1534671621050486785
1534643714840215552
1534611520352657408
1534611220552204289
1534569693964550145
1534358299369476101
1534324326538760192
1534290352076730370
1534225280423829506
1534204422523346946
1533893991183355904
1533861626293665794
1533622199264985089
1533588682267013125
1533554259089932288
1533252265569566720
1533225837507616768
1533203188169457670
1533165439399800834
1533139016974864384
1533116367246876674
1532920080903938048
1532878550088359936
1532837027502096384
1532803052276686848
1532761529606492160
1532519936991539202
1532501062057328644
1532479670662356998
1532459539412533273
1532434372271296512
1532422123989368832
1532400158209630208
1531749862676389888
1531659266095951873
1531493170952871937
1531478072699985920
1531466746221277185
1531464373042135044
1531425226751283200
1531402575072878600
1531381183325650944
1531294671896559616
1531294669841252352
1531294666272002049
1531294663298146304
1531290586027675650
1531124491153285121
1531002442032173056
1530741970519326721
1530683227743977473
1530655154642604034
1530598525578493953
1530398461417226240
1530368257827512322
1530341833905213441
1530315411564027904
1529896398874980362
1529873749574664193
1529234963325145088
1529198047007166464
1529189239090470915
1529180431358341121
1529164073207705600
1529116259224199168
1529107099585748992
1528779036213878787
1528560093301657602
1528537444177412096
1528378260081491975
1528118438253604866
1528090751137095680
1527786253328035842
1527759820303962112
1527733396394352640
1527706974816714752
1527680558167429120
1527638433170182144
1527450282300280833
1527412532327108611
1527348361665421313
1527320378796027905
1527080342988853248
1527046371630387200
1527037474207371265
1527019945040699392
1526993524238848000
1526980866899161089
1526967097598746624
1526929348774842368
1526926043977768966
1526751931481223171
1526725504945909760
1526699084253483008
1526683982380773377
1526672657957240834
1526646235045634048
1526619808942288896
1526585834824011778
1526555439298711552
1526348676536352770
1526333314302369793
1526243089794445317
1525993536524455936
1525944110309183489
1525913913610514432
1525858300159467522
1525604368417890305
1525562843877281795
1525521320515076096
1525328801764458496
1525307411178717184
1525291053376425984
1525272180631674880
1525228064413827072
1525198800645722116
1525195775332036609
1525190698785447937
1525174032483622915
1524864492366184462
1524804096578011136
1524777670923280388
1524755021845438471
1524565386225717249
1524532303296409602
1524494554535145472
1524477772252553217
1524475845825515520
1524468131103526913
1524441709580623876
1524415282491498497
1524388871248695298
1524230315681599495
1524203889628749824
1524173690774036481
1524149543868243969
1524147269280407556
1524117074527752192
1524098193667108864
1524071148765564929
1524034023240183811
1524020841973006341
1523879250159357953
1523852826366992386
1523792429194878977
1523690506898665472
1523667857812434946
1523452689614397440
1523309246481412096
1523146924693635073
1523130567012802562
1523112951678312450
1523022353835384836
1522984606261260288
1522784536995770370
1522765663479205889
1522743018272563200
1522716589233221632
1522682621406420992
1522659965957292032
1522614669864685569
1522422149046104064
1522403274535673859
1522376850852491267
1522354581954605058
1522344498088787968
1522327779638980609
1522301352973533185
1522274930737381378
1522272695039283205
1522248505607135232
1522033338902474752
1521927648712265730
1521901216569053184
1521867610064932864
1521704922948902918
1521682274043011073
1521617700040159234
1521319886055784452
1521293465396543488
1521275421219856386
1521238950253322240
1520772417353879552
1520772415831244802
1520594463365738497
1520582672208257024
1520186165642596352
1520115705634562049
1520081727808450560
1519885434100371456
1519859011574632450
1519840135776555011
1519813720322363393
1519791062298112000
1519767018349727744
1519707160720330754
1519707135281668096
1519681212893310976
1519489072921649153
1519462648198230016
1519437443988168705
1519430332403040256
1519353179023888384
1519326752702562310
1519308648132001793
1519164440687439872
1519141784294625281
1519119142246182912
1519100260433469442
1519073837270257666
1519050056963346434
1519029995334770691
1519023908057493504
1519021410777288705
1519013439263297538
1518990791770836998
1518809595967414272
1518697449019396097
1518669104818835458
1518645747486498816
1518645712392699905
1518605757524062210
1518417008475447302
1518398133763407876
1518384370834448384
1518356611387035648
1518333964473147392
1518042199610507265
1517937325103206400
1517654492145090560
1517622020048965632
1517567662376865792
1517525700793696260
1517514813693382659
1517367595099475975
1517341169381888000
1517314746751488000
1517288320946122755
1517261905022394370
1517249727405780992
1517243022437625856
1517220373451915266
1517201499901894658
1517197238187008009
1517197233082540033
1516962576592031745
1516952357405224960
1516929713599651840
1516903284182765573
1516857986450395138
1516831562800656385
1516801364986269702
1516574869667856390
1516554224045338631
1516553365651664898
1516553363600691201
1516523002900324352
1516520763196510208
1516480498310299654
1516431430003265536
1516257781279608835
1516235132889305090
1516216256868896776
1516206133236703234
1516031506149425158
1515874092989222916
1515790377281802248
1515691557097254914
1515453426292908034
1515453424107720705
1515385545345667080
1515356790950703110
1515061145618419717
1515019622491205633
1514989423774994436
1514985881416970241
1514713857347969032
1514638360198848514
1514434516584124417
1514415642757283840
1514377895610773506
1514360815020879876
1514272200131371011
1514045707812065286
1514019280760688640
1513992858143010826
1513237882131079171
1512969865551826952
1512935892733865990
1512905693858189313
1512632642251988992
1512520658164621314
1512479132302528521
1512452708984184833
1512256415817162753
1512229990347141122
1512192241695080450
1512171495845470216
1512165817630302208
1512139594791325705
1512139593918947334
1512132944244232196
1512101645324369925
1512052201904091141
1511818531578396675
1511790846592491522
1511748212582977544
1511716608288428034
1511467466102173699
1511425944870862862
1511388193404321799
1511354220284317698
1511101308832428032
1511093753263521794
1511079912236453890
1511059780063879178
1511049591738744852
1510795538324594694
1510754022600421385
1510735140674174979
1510716266868187137
1510697391673937920
1510002815002976268
1509965066124214274
1509915993966927876
1509888550434574340
1509723474482417665
1509700825123155968
1509666860744077332
1509617778273173507
1509595242168733715
1509591360944414731
1509564930466496517
1509527246326964226
1509527244821053445
1509378321485910021
1509312014128017409
1509295920722190358
1509259170989502464
1509226591645315081
1509221417161789448
1509196250658267144
1509190892955049996
1509002474014838784
1508976049358475266
1508953399991054336
1508926976114974722
1508926165616152576
1508900551886614541
1508881679259209734
1508859028897624067
1508852676435628037
1508825226418831362
1508819172846886929
1508610865385332747
1508606111707922433
1508579690201550848
1508519199995539461
1508455116889890819
1508281472792244227
1508172004091854849
1507866236708790273
1507839816225808384
1507805838404063232
1507764317474729993
1507560473402568705
1507518948090204166
1507492528148340739
1507439675648053251
1507413251969093635
1507390603197235207
1507361264716161039
1507361263604715520
1507196357894942725
1507175435548827650
1507156560656703488
1507130144531443733
1507120626871455746
1507118254375985156
1507118248634028041
1507104970264489986
1506840038989987840
1506782852947488771
1506731202752909313
1506702777463959552
1506688476108013571
1506428010278240258
1506374988412035073
1506318591842476034
1506296581020172296
1506283306240806913
1506024235742871553
1505752416754438149
1505699458876686336
1505605087023931399
1505352368971472900
1505327381745176576
1505310647122370570
1505269123382603778
1505227599848644611
1505036089140072452
1505014853202812932
1505014254159728640
1504978460548210690
1504955809981087746
1504902962648297476
1504869363492573185
1504822700572823559
1504819913420009472
1504578328900030467
1504571836977324035
1504551897516032002
1504526984755486726
1504521698464436225
1504495278577139720
1504493217085116419
1504480175496564736
1504468850552803328
1504297722672680964
1504276198364487686
1504270183678066693
1504261235042254848
1504219709264195584
1504193284373028865
1504174410969718786
1504161085607211009
1504155541362380803
1504136661990580228
1504117792903106564
1504106462678712321
1503864662206693390
1503861514880565250
1503857320748482560
1503834671414759427
1503808956069777410
1503781823456985093
1503770503852576772
1503760868126957574
1503728975381676032
1503577979934449669
1503559106266808324
1503541489753726979
1503492917142372361
1503479142460895233
1503472283548995586
1503408111360503811
1503382461761392641
1503370369079648267
1503200492909903874
1503063795157110789
1503037970756026372
1502871717550698497
1502862944350216193
1502838104822005765
1502819230646820871
1502781486679920649
1502739958116802565
1502705987932680196
1502494595745263620
1502426643662442498
1502400219656327168
1502351146073169922
1502324722343628800
1502143527949586434
1502120879307649024
1502094455628701701
1502068030989291529
1502049157191720961
1502015182431666187
1501988761390878721
1501962334897594383
1501922492692246536
1501781140251754499
1501769822698307592
1501739617506054145
1501680477387689986
1501658271798734848
1501625759181549576
1501598814666469386
1501584847524925450
1501565527277383685
1501373454020341760
1501354580029935619
1501301737793064963
1501300605771558912
1501300604643201028
1501278403756007429
1501267757823844357
1501247577920004096
1501245108246638592
1501228389717327878
1501218685985329152
1501204444125483021
1501037490702016513
1501018616044601347
1500969549537103872
1500943118660636672
1500941223649021953
1500928428966567938
1500652452927852546
1500617267071143940
1500614704628174849
1500576960820486146
1500554307233402883
1499902016834920448
1499868882206605314
1499802539306405888
1499799331498455046
1499780457705054209
1499744666060824579
1499736693720690689
1499606813112606723
1499595492816089091
1499467144521662488
1499444499709321218
1499236875667607559
1499218001920417796
1499189357470695425
1499187804450009088
1499165154075807745
1499142504280571906
1499108529772412928
1499089658386526209
1499083132619956226
1499070781048995845
1499054370570354693
1499040582693437440
1498795219243962368
1498776340807385089
1498757467399852034
1498738592709021699
1498727267781865474
1498704626241077248
1498670670770802696
1498512099965739015
1498470577379500036
1498432829071323140
1498417732303437825
1498351038620831746
1498283446170525696
1498066664767823872
1498040244599410697
1498017592916779020
1497761784219926532
1497760855684878336
1497724937716617217
1497655472748441610
1497270171056189443
1497247520464019456
1496938759522332677
1496886618187304973
1496728630617161731
1496720466391846913
1496660236207333378
1496605790299467776
1496583139690524681
1496554876750417923
1496509224070922246
1496288702628339718
1496254992826699782
1496228303694352402
1496214681039560707
1496140234169503748
1495913014872219651
1495907437211234307
1495883661555777545
1495858364135346178
1495809290296119297
1495590347438796801
1495571474064805891
1495542532528226305
1495163787556630529
1495129812989616129
1495103390866673665
1494763651126939652
1494741002057252867
1494693382295330825
1494439011305209856
1494387421470867456
1494381809336995844
1494121923101421568
1494064366152527872
1494056327164973061
1494038879669665793
1493991236126007298
1493986027379347464
1493772224427282432
1493772222627938313
1493772218832093184
1493772214226669569
1493759454919024643
1493638740392091653
1493628671579635719
1493393371091587073
1493366948180246533
1493352711705792513
1493314098989260803
1493057908703219717
1492966816758452224
1492604430373502978
1492559131546296320
1492541357021356034
1492230788338921473
1492211837680631813
1492166543811047428
1491932495176253480
1491890971440779268
1491853222583144455
1491820978418159616
1491802891471884288
1491783896555479043
