1534565944432812032
1534537479977684993
1534261757266604033
1534231409296134146
1534226897785303041
1534209380954132485
1533914147854893058
1533895712961961984
1533876676727390208
1533199330366177282
1532817592561422340
1532025136186114050
1531735804489478147
1531244036501037063
1530569596432007172
1530189987144208387
1530188574221512704
1529992532179841024
1529878125072502786
1529867657620627456
1529826689655549955
1529615045084192769
1529463043788267525
1529262723313201152
1529113698404646912
1528903608879783939
1528842315741134848
1528842314369708032
1528842313178431488
1528842311769145351
1528842310368337920
1528420429362102272
1528058043316916224
1528013493554884608
1527750163728670720
1527657660828594180
1527330379728048128
1527289220733120513
1527075058606276614
1527011946993786880
1526925574261706753
1526731042094206976
1526291401343963136
1526231005991882753
1526004510237241344
1525838416134320130
1525657219102023685
1525279728977842176
1525146508101881859
1525143843686912000
1525128635228749826
1524932442204712960
1524812216645591041
1524797923279704064
1524555708678742016
1524499971306885121
1524454246476828672
1523709381153640449
1523332643319959552
1522969505902772224
1522743014606741507
1522690166321647616
1522619792489865217
1522290031733317632
1522018242432176128
1521874078436573185
1521874062020075523
1521873366612914178
1521531172471332866
1521221305978208256
1520206304614232066
1520125668566175744
1520064680722677761
1519778730457313280
1519759494506553347
1519677828790374401
1519481524927746048
1519357706527776772
1519028543447044099
1518756751511678976
1518655091053580289
1518288664144629763
1518031976279642112
1517668576399970305
1517303420759195648
1516939774296264705
1516558008658059264
1516478333034409984
1516144535373434882
1516118238542901252
1516046548253253639
1515721754622103555
1515139411159228418
1514962747284357125
1514677447748431883
1514307212457426944
1514278265023774727
1513966771895771150
1513938596729925635
1513920356830044165
1513683317580869641
1513605722222772229
1513320928632967173
1513203229164806150
1513197905833771009
1513154844923625477
1512958542940094467
1512867944342114311
1512837751636385799
1512596158085926912
1512485547582894090
1512233768060428292
1512121174519697418
1511846211686260736
1511434750753329152
1511428528734195712
1511371389026066439
1511092699021168646
1509891809417310254
1509611692199714826
1508987495664562179
1508909964290670597
1508817028068610052
1508497992323641344
1508488503289655307
1508481719565004807
1507357384053825539
1507160586974642178
1507069620548681733
1506999777203871744
1506797953113108484
1506662030010458121
1506351613191065606
1506285743651627026
1506284540528058384
1506209729336557570
1506051947299807232
1505984903636267023
1505984768143499273
1505984642205331463
1505981227488227343
1505726134851305477
1505262580239147009
1505228355175546880
1504892849749434372
1504449864419225602
1504103384034463745
1503737028298657793
1503370369754931204
1503011246148362240
1502718315508092928
1502660698337382400
1502314152869703682
1501936665593630720
1501680006187077632
1501679098506186758
1501606619842592779
1501573536443420678
1501240326719258628
1501227714597961729
1501219308139171845
1500907828579553289
1499838087144247297
1499781331869474823
1499504381342978060
1499475447737950209
1499414789679890444
1499117549245681668
1499112808365142030
1499045648909447172
1498850371111989251
1498742731014877186
1498732648885366787
1497314092230615044
1497270722745577474
1496894826977050627
1496606185138622474
1496176353611337732
1495766951955775490
1494694331625746434
1493991590494412806
1493977720899919874
1493973510628294663
1493688461815123968
1493622164750311427
1493345878995787779
1492221538107633665
1492213872262103050
1492201849029603337
1492173012925362177
1491891106317053953
1491879484483846144
1491871319067344896
1491806596212527104
