1534650209032101889
1534649885680615426
1534583769092456449
1534583744920682500
1534583697969664000
1534554564086595584
1534540981672071168
1534283569438380032
1534244130448105472
1534172469854183424
1533980991039057920
1533948857762975744
1533948630549245954
1533885020493844480
1533829802263662598
1533599451016667136
1533269219764101120
1532844619020394496
1532440479010156544
1532149793681616897
1532080382295715841
1532043578980986881
1531788438227152896
1531647985049817090
1531647771010289665
1531578218670694401
1531393304277012486
1531087698143985664
1530537539945340928
1530537095000883200
1529919028185157638
1529847807573647361
1529833949865852930
1529806274694725632
1529267376948232192
1529226194721329152
1529133512535822338
1529078848880377861
1528917362673598465
1528879629271957506
1528844297268776960
1528802113802870784
1528726678662520833
1528188369766842368
1528019420286791680
1527703425642799105
1527680434687070208
1527680376394612736
1527641291001036801
1527334278379761665
1527064933913047045
1527017255963328513
1526980039526457345
1526946223999315969
1526673051529711616
1526631197937393667
1526607048632311810
1526570086080860162
1526564238281560064
1526539731563171840
1526381054814306306
1526351060511727621
1526314075260694535
1526300562534420481
1526247401580789760
1526209282265448450
1525598387340562438
1525550365818642433
1525224119213740034
1525144246189182979
1525098141321682948
1524836408267001857
1524788530387509255
1524774577796415488
1524743277257367552
1524371585532059649
1524121388210171904
1524048258116501505
1524044925159063560
1524011303223930880
1523821849645395968
1523821449139699713
1523782986965024769
1523712200929546242
1523656353939542017
1523391110571126784
1522972530121666565
1522696285576327168
1522604030421204992
1522566239532380162
1522429348170530816
1522344256320548864
1522309597016469504
1522262284847894528
1522254643077652480
1522236733554798594
1522222021236559873
1522187481050877952
1522042515599241216
1521860654184886272
1521860534181629952
1521668513470959616
1521617571589476353
1521617383940517888
1521597987683663872
1521462701368610816
1521319787191693312
1521290592201838593
1521209798334681089
1521209673629585408
1521131661580111872
1521131613479788544
1520884771634638848
1520781696605601794
1520552600868995078
1520105101079289862
1519784798851588096
1519725644879482881
1519716368832155648
1519715341424898048
1519714368648323072
1519714167342706689
1519713975121887233
1519713249117229058
1519683361836617735
1519670752353693696
1519669989934047232
1519470013857607687
1519469942508331009
1519469121838239746
1519427250789265410
1519368677556207618
1519325589710282752
1519062242825756672
1519016142576275456
1518970541687848963
1518939936954724352
1518697378018177024
1518683405856169986
1518675254364749824
1518592235318784003
1518591337083375617
1518339036049547269
1517973435657428995
1517973112419143686
1517900782879666176
1517151390174392320
1516924277118824448
1516763622877265923
1516613614383247360
1516449647056723975
1516226577951965185
1516156642106118144
1515754229230616579
1515032717250945028
1514293812507652096
1513905181032960001
1513904739938934786
1513862255158476807
1513616459678769162
1513585787429863426
1513575817359548418
1513561482449108995
1513560158366011392
1513546007442825219
1513501478488580096
1512919404903870472
1512851506625748997
1512851441232363524
1512851368503042055
1512510333470007297
1512422116867588112
1512147458612244480
1512094434288095235
1512055558253289481
1511873114585669639
1511732139032813576
1511692355761577996
1511481939806597121
1511432552296366081
1511404996469960704
1511385496831893508
1511330038624534530
1511319751615729664
1511065872928067585
1511021101199106048
1510926540644753411
1510802421685100546
1510410381843435522
1510359047005954052
1510294296531980295
1510294222619959296
1510009987665477635
1509932549967069184
1509889203689173005
1509883595204276250
1509601500192026633
1509583530367541250
1509533934404747264
1509241100288073735
1509206964244525064
1509206915150196743
1509206526053036041
1508912284298530834
1508871007305711618
1508846846101409798
1508846827784843274
1508846794230358027
1508846730145669120
1508836857538560001
1508797338130726926
1508783284922327040
1508585044113297417
1508556090887258122
1508497565045735429
1508431930546696198
1508270577282424832
1507887742562312197
1507435198723629064
1507389056954638336
1507344121282846726
1506979740867076103
1506777789793505281
1506716609343373326
1506619785341190146
1506344200979234820
1506301099866791938
1506259870194012164
1506073218087534596
1506008049781452800
1505920099525566466
1505899495011360775
1504963511021096962
1504853810988134408
1504818386857041962
1504609435238477827
1504135154977046529
1503741924519424016
1503492069817430016
1503451834815422466
1503426908679155712
1502832207806799872
1502376983321190403
1502322430781505538
1502303110152159232
1502080023930359808
1501670927079247877
1501631438684397570
1501599911921520640
1501550442467270659
1501308963442282498
1501242706479173645
1501207806636179465
1500962305798033410
1500916666435309570
1500832397092438023
1500681393214476288
1500211754361671684
1499872144750256131
1499829953197654025
1499779481241890824
1499579745561989129
1499530528499937285
1499442702563356674
1499376119514116103
1499110984077742084
1498838210797088775
1498795029271392264
1498762524627460097
1498736107957198863
1498695886645383174
1498513150832168962
1498400420695359492
1498367405982158857
1498331379591008256
1498037443957723137
1497998510448263172
1497950303768952843
1497748522166362113
1497693910814142468
1497193106415910912
1496946876846858251
1496881268792995844
1496881179030695940
1496630654452355079
1496600031553626114
1496573724253995008
1496498081872891909
1496299718829355008
1496244333326049286
1496148287178555396
1494747005633114112
1494736485106520067
1494383875627364354
1494383456079519746
1494383390006689795
1494383297845239812
1494382940108828681
1494066944563159046
1494022960901935105
1493964976477855748
1493729063768363010
1493696918601486342
1493643574235348994
1493602867734884362
1493352582508683265
1493294124870610952
1493238290258010121
1492947059699240960
1492200689115803659
1491900702678990852
1491780502348570626
1491727345736200195
1491615036833419264
1491566010788372483
1491547672943251460
