1534641409805934593
1534585662543994885
1534272973410017280
1534225050441768964
1534220099053305857
1534212948129992711
1534181721846992896
1533934789916499970
1533893151345238017
1533857498821804032
1533821243425693697
1533782053791092741
1533578094967144449
1533456925987426306
1533236072402001920
1533151110629842944
1533101347540697090
1532901595893141505
1532843020332195841
1532813941134458882
1532806969635094530
1532396425589534722
1532394718465822722
1532054874338504704
1532054872849367045
1532054871754833921
1532000642734387201
1531801789795909632
1531734678805401601
1531686610802180099
1531395972365950980
1531336597236596736
1530271089774972930
1530225169113001984
1530191487543255040
1529883388248838144
1529849193724006402
1529798899740905472
1529603616545423360
1529218399267880961
1529199270435467264
1529199268510191616
1529199265599324162
1529138963742707713
1528764201921138689
1528163047759544320
1527765978557431811
1527719384940220416
1527663863235284998
1527374280417476608
1527313567091142664
1527313565467934720
1527295245863358464
1527286749449310209
1527286747855433737
1527047315843960832
1527031225319407618
1526974255447134209
1526943661866500097
1526943659802955777
1526917904310181889
1526724382495846400
1526658038924468228
1526630498877030400
1526625775927144451
1526625774391934977
1526625772789702656
1526625771195879424
1526625767081353217
1526625758071889922
1526591696871514117
1526575994953416704
1526240469717602306
1526228434057318407
1526220582609735680
1526178119656300546
1525922250729345025
1525869581901905920
1525846236447879173
1525593613119410176
1525259878352179200
1524879841010540551
1524838700076650496
1524818963997286400
1524805659149144065
1524802762407657475
1524765588324864006
1524508299114295296
1524423981201346564
1524403941018148868
1524401187843457024
1524401186543128577
1524401185129648128
1524401183581949954
1524401182306971652
1524401180834779137
1524399991925653508
1524383328182407168
1524075966565339137
1524040870365995010
1524001605137440768
1523808223673069568
1523781130021109761
1523741225328967680
1523697895371046912
1523330394589999104
1523329032351223809
1522963551467495424
1522960308511248384
1522350042018992131
1522242788708003842
1521939800672059403
1521923263588352000
1521224683831582720
1520849008511574025
1520112227801518080
1520066377909952514
1519744745945415681
1519699571290558469
1519359293174304768
1519326406949363712
1519322505915375617
1519051452685209603
1519006165455314944
1518947077077803011
1518747555726827520
1518732689330814976
1518619402740109313
1518239401612132353
1517574624439058432
1517535131468283912
1517502386960437255
1517231664681861120
1516934008118128641
1516872205627539459
1516843197426806790
1516491562263457793
1516154932654653441
1515682771351523334
1515375930415493124
1514976925680340997
1514976923981692933
1514976921867763719
1514963341470482434
1514963335938293767
1514721361272397825
1514698052640153602
1514649708534370308
1514322416226480133
1514296815268605970
1514241751497809925
1513898585154330629
1513898028607942663
1513883295406252042
1513864617012908032
1513623282171490310
1513265847292284940
1513197119976493057
1512896135580504084
1512805137521299458
1512460934031282176
1512408666913263631
1512186242871578626
1512181234700623872
1512111967036747788
1511834870217072647
1511832267949330432
1511799067189338116
1511795653323771912
1511770723479654403
1511736906664587267
1511701300181876736
1511700863982702592
1511445134575034375
1511360594443747331
1511343916959907840
1509991476469633024
1509981977461592074
1509606359133827085
1509585261566562308
1509549562133893123
1509284688283721730
1509222512781107212
1508943641372418051
1508879567947276293
1508864352396447748
1508831117780172801
1508563272139739136
1508502911109808134
1508502909654376448
1508502908257591302
1508502906554699782
1508456251113496578
1508451846637166596
1508437561429184515
1508189259781615628
1508153620449185803
1508153062866759688
1507827793249382406
1507427362941845507
1507412224830320656
1507360811550973964
1507352664849399819
1507049563890278411
1507049563034722312
1507037659780296716
1506996527784415254
1506751751428444169
1506711979498606596
1506709296788258818
1506674395942633482
1506631316628029452
1506406533416034307
1506342838509920262
1506264718562013186
1506034093540184068
1505986083573706753
1505881176803885056
1505261707173801997
1505219837630504970
1505005496180396034
1504912643676684296
1504574009119326209
1504551852259651598
1504192587980226565
1504169011218636803
1504087528000864261
1503862959642136576
1503812756109238277
1503796854093459458
1503478807495421960
1503438163938844687
1503403155563945985
1503174607150460932
1503160258352451585
1503096527639695370
1502670619036553217
1502320315497594883
1502026814138552320
1501927108041396231
1501927033990963202
1501620981273661447
1501583308827860996
1501553414223933445
1501355353656766466
1501286913839284229
1501277200577810432
1501277198770081802
1501277196803059717
1501277194902859779
1501277191941902341
1501243272601165824
1501217713850654729
1500973526463004672
1500905011684982785
1500897201073053697
1500840606347706370
1500569900267495433
1500551964781862912
1500503606327488512
1500155635723288576
1500155633030639617
1499839388959838221
1499838404342779905
1499823172044083202
1499766005291274244
1499502551858823181
1499498224662503426
1499482735299153923
1499405089680805921
1499162546141634563
1499096485459341320
1499030909827403776
1498869931215097856
1498867818023903237
1498851263420772363
1498850966199750660
1498787144323801088
1498763643516854279
1498738252643246080
1498648980011552772
1498448119339667465
1498036478114471937
1497671287912738820
1497671285941354498
1497671284506992645
1497671282619465734
1497671281105326081
1497671279314415617
1497671277091381254
1497570036306915329
1497318835095023624
1497274591810662423
1496835822045351947
1496835821185515523
1496835820069732355
1496835819230933003
1496835818090266634
1496696144759504898
1496649776061984769
1496591399218786316
1496536865524137984
1496228696717463564
1496228695102660615
1496228693441712128
1496228691730472971
1496228690048569351
1496228688312078351
1496228686462390278
1496228684558180362
1496203614112690176
1496168636096172037
1495856886050181128
1495780549163634690
1495391634673922051
1494696541717766153
1494691313744105479
1494691169514635265
1494439616857849862
1494439613682761734
1494439611417837590
1494030852203982856
1493698556603125764
1493648849063362566
1493596603747287044
1493344230521155588
1493323452320825344
1493305248097710081
1493277693059612672
1492209204391784453
1492171414610264076
1492143628206096391
1491885432564588544
1491868804456108033
1491866543487131654
1491806920369344515
