1534606147390525440
1534294134848118784
1534254271553748993
1533844069281107968
1533816516784926722
1531281256381546496
1529234415628562432
1529143542844645376
1528808824311885824
1528796913146941440
1528768721862504452
1528115281997996033
1527338881032474631
1527044379319279616
1527031495118016513
1527029518275420174
1526955754430808066
1526948745606225920
1526931273339621377
1526726517832687617
1526679957400870913
1526637494833496065
1526595336906629120
1526588846200307712
1526572059719094272
1525109798550781953
1524876195204063261
1524849394301865984
1524834486617264164
1524827640623947777
1524495833491775489
1524470068670869505
1524466572739461126
1524440775261630464
1524430459580698625
1524177471028879363
1524139716555255808
1524125106427113473
1524099254284955650
1524078005571788806
1524053526565072896
1523669762152157184
1523317921090445312
1522715937794842629
1522648993293082626
1522323185609359360
1522323184015618050
1522310358609891330
1522300238333157377
1522287333831229441
1521551215972261889
1521551214470742022
1519813720976678913
1519762309656334337
1519756197221572610
1519492975222562817
1519417029517889536
1519377251221094402
1519346862666493952
1519345304977432576
1518058810665013248
1517567509154701316
1516869397687812097
1516537123821731845
1516500613873418244
1516451571365777416
1515743432215511051
1514778438778859520
1514365978410463238
1514008160486445056
1514000414567329792
1513932460211388417
1513914702224576519
1513900437728116739
1513900435790311424
1513886518842204171
1513865093259407368
1513654970947616769
1513640742576611328
1513604858808614925
1513568541601153024
1512506958972166147
1511742219736305667
1511387284096135173
1511363809730080769
1511348912384356352
1511047061210288131
1508845218870829060
1508837782600491009
1507377787438571521
1507091749352714244
1506728488681807884
1506681538288799745
1506651037830193157
1506288605139976197
1506043353011564557
1506041760409354242
1505997675891761156
1505974827320066049
1505967477276254211
1505956031310053377
1505933360832688136
1505001961686511622
1504192381989666823
1504181788343775240
1504119842282033152
1503778050672111627
1503717651129901060
1501940479855783943
1501938002401972226
1501714027394777091
1501688975773290500
1501664066191953925
1501585371838230530
1501301739152158726
1501282659640688644
1501282326805897221
1501203586285391873
1499462646822752257
1499462644180389890
1499035748724523011
1498882037373194242
1498875923139026949
1498820534854955015
1498776664465199104
1498754137755987975
1498727291370852354
1498724025237118976
1498449565745401857
1498433938850779144
1496722437559533570
1496167664900886530
1495780789115621377
1494702659298893826
1494348417283334154
1494341181777477636
1494068872554688514
1494022847781552128
1493713664184102925
1493673272092860417
1492211836925538305
1492182369125687299
1492181639543152641
1492160638004744204
