1533860755296210946
1532016181212811266
1531277307733737477
1530920854200143878
1530264799329804288
1529548281700831233
1529214675635814400
1528820950254460930
1528157694682611713
1528039191753400320
1527991967786967042
1527660235086782464
1527292239717797888
1527045915701399552
1526663970299445249
1526593348643049474
1524870550119714816
1524767369163423744
1524504567936950283
1524422866825011200
1524384532929077249
1524070053850845184
1524056900232523785
1523817064275791875
1523782539785441280
1523396705219407872
1523301149587435524
1522337508687810569
1522330132337283072
1521926029467607041
1521638146181578756
1521583513476243456
1521544445711339523
1521257639757422592
1521179885791756288
1521127141609512960
1520725355933356032
1520505426147692545
1520495029965533185
1520186116497883137
1520185216211501056
1520178798678974465
1520137940512522241
1520083845927813120
1520077314268311553
1520033680521113602
1519803120880074754
1519770285414756352
1519738000829259780
1519685205082136576
1519682641217437696
1519679135194484737
1519482515525877765
1519463308532797441
1519040729510727680
1518989253274968064
1518684431887880193
1517631812020887553
1517613287407501319
1517608909476880385
1517597003370446849
1517591075535339520
1517553587890622465
1517505792102080512
1517156624506527744
1517150481126092800
1516970375229632512
1516929256479391746
1516773629186428929
1516753644498079747
1516727471093301251
1516535424549859341
1516533385035980805
1516532045366837253
1516514305977499649
1516429303797399560
1516171479871799299
1515678650322014208
1513939361116692480
1513923477526491137
1513672903178563589
1513565716242386949
1512450870813896705
1512410102275395591
1512407647215095808
1511843151132119047
1511787791985913856
1511494823513108482
1511451959542394886
1511352892963307537
1510274076576821253
1510010460153827330
1509874500040597508
1509643713382862854
1509592100903571466
1509360737759735810
1509270859189522440
1509159066123317254
1508915431242883078
1508903078908641289
1508545226339663879
1508521133989109760
1508494661559758854
1507545885231796227
1507496131600728066
1507462659620356097
1507451987234852903
1506740958049849356
1506711719183364115
1506443849333448708
1506372698586468355
1506353686926270480
1506090317887463427
1505696071208558593
1505261447147933706
1504622628031582211
1504246719541882882
1504096416318300160
1504087435654971402
1503797882561908745
1503449709008072707
1503430449867145226
1503083181968437263
1503061351530475528
1502846472039112708
1502828648637911043
1502781389376299015
1502515233575038978
1502326591866744850
1502302378267185157
1502276260499800072
1502258042234155015
1502017735919915009
1501969034417422338
1501963398321422336
1501922533540519938
1501723159061581824
1501716874073194500
1501714544950923273
1501701905323593730
1501527861731241985
1501260797728731140
1501256989653016582
1500917863049220103
1500460397014487044
1499597681093713923
1499577271186857985
1499556862005587989
1499495400474124291
1499467748384124928
1499203634504126467
1499183148449603590
1499178108427149325
1498796371285057539
1498326111356440580
1498315558030397443
1498279870463414275
1498239294443606024
1497736810901868545
1497733848393789440
1497628665345052678
1497588746786586630
1497548063958777856
1497548062419521540
1497493551105679363
1497229374407516166
1497203240240402432
1497186213098315776
1497180333724237824
1496980675517427717
1496912430064185347
1496730832031170562
1496204320596967428
1495862584725147648
1495773506134495235
1494473920879202309
1493753573863309315
1493426096880209925
1493389839751958529
1493275045724135427
1492624984912678913
1492563906144915463
1492282744088543232
1491786666633154562
1491560615047012356
