1533845239898710020
1532375538156830722
1532067132032229377
1531737492587675648
1531723824793788416
1531661181559386120
1531270281725108224
1529589800398901251
1529231734507720704
1529231732230209543
1529164111610880001
1529141475778387968
1528049109541724161
1528019068757876736
1527802295307620352
1527760509839319042
1527691467879227394
1527691466210000897
1527691462821003269
1527329599515811865
1527323345364336645
1527311539774300162
1527043230000357376
1527040305681379330
1526660255698010113
1526660254502633474
1526660250945957893
1526592401116123138
1525467858297409545
1525168146465935361
1524862281829564417
1524861146477608974
1524861142505603086
1524834760249462803
1524781866380845063
1524698598927224832
1524492157171773447
1524176398818193410
1524176396922281985
1524132466189082624
1524126299601711104
1524116289131790336
1523780989931364353
1523386730669576192
1523304930509209601
1522669998065561606
1522669996962373634
1522669995767083009
1522669994533965824
1522669993384632322
1522669992063479809
1522669990561947648
1522643972644118528
1522579974590550018
1522317225172033539
1522311957893758977
1522302683050397697
1521594147529928704
1521594141318205440
1521594139292356609
1521547308940369920
1521507607831265281
1521181026713751553
1521180894807142400
1520071928924590083
1519722686259281921
1519703633654333444
1519429703165222912
1519428281375903744
1519326828917411841
1519064298634596355
1519000067952320513
1517608761979985920
1517590135029780480
1517536641296052225
1517536421300559874
1517187021961404416
1517121443481493504
1516844455520833536
1516827184140324871
1516825515339964420
1516810551392972814
1516444630920970262
1515714448090148873
1515318162019041286
1514624532165836808
1514351469323071505
1514325045329375237
1514319817368653835
1514317014910873607
1514316929699389451
1513883176225148935
1512513640464883724
1512246188388626435
1511839980775251974
1511788413338406925
1511781265124569094
1511773259880095745
1511716331116277764
1511447414984654848
1511425386239995913
1511352503656497153
1511343230411026443
1511086382462164992
1511027229777711107
1510988305894187012
1509993504612696068
1509562846287478787
1509560651135524866
1508928224658698246
1508928222750285825
1508852673340219403
1508158962126012417
1508158938348408835
1508157573463220228
1508157571366072329
1508076905819480072
1507704249756622852
1507438987123822595
1507087655284232195
1507087652058763267
1507009559381958659
1506815904822308874
1506667301097066505
1506381906585300993
1506024988658352131
1506005095846232074
1505946995315421185
1505108062574686208
1504563766582816770
1504494019912605703
1504467807135625219
1503816543246950404
1503452877854949377
1503409401234960384
1502335359040081920
1502331911728943106
1502280266630541321
1502280205427167246
1502058955983532068
1501957167884218371
1501784362949435395
1501673034796654593
1501625333526765568
1501361740721922056
1501351711444766726
1501247788725723139
1500921727819341825
1500880155727867907
1500816327510052876
1499813569654923266
1499786938995425281
1499786774855495683
1499780515624275978
1499494725178560517
1499455026850418689
1499455025227210760
1499209279403925508
1499159701216534529
1499039122522054660
1499000568605466632
1498883748963799043
1498856578111447048
1498856476693118978
1498854383207043075
1498852746660917257
1498848473088671748
1498847277334638598
1498845738050203650
1498840686027759620
1498782331729059844
1498769167121633282
1498702911068590085
1498459555847626756
1498415776889552896
1498415774511288328
1498353129372463105
1498353127682097152
1498343609879388169
1498342684171423746
1498304406412009481
1498027253250330625
1498016679518945287
1498011300340944906
1497994576577003520
1497693026075897858
1497310739740123139
1497280767545810948
1497279545224929281
1497250749490896917
1496901619019096068
1496894795071037457
1496886448783507467
1496618410117107712
1496583862893387785
1496577691528671237
1496577554941100039
1496567890325164038
1496465394688827396
1496465393514332163
1496212314978148355
1495867304344707075
1495086693027827713
1494887412190822402
1494794069213646851
1494794066990669824
1494787102747279363
1494686126723973123
1494350999267512329
1494079687924060163
1494038413741338628
1493630333257977860
1493343170767294465
1492704963881050116
1492213065093427208
1491551837950025729
