1534658642137518087
1534649856094003200
1534649855032840196
1534649853984358400
1534649852071649281
1534649850637213696
1534649849588731904
1534649847726342145
1534649846182952963
1534643233158008833
1534615635812048898
1534610596326477827
1534610170180997122
1534610017214779392
1534609905180614658
1534609855851421697
1534597521577852928
1534555435839238151
1534307191238410240
1534301676462563330
1534267702683914240
1534260152911613952
1534243149056442368
1534241280590417920
1534222609377902592
1533936772769624070
1533927964605153281
1533910349279272961
1533897513312190465
1533878890736693248
1533855525498150912
1533558026371796994
1533520279430844416
1533501403813101568
1533471206526947329
1533437230353510400
1533210737958539264
1533170180267859968
1533142790938533890
1533120141982158848
1533082392188968960
1532863449415315456
1532825449142833153
1532810160196001794
1532485962290417678
1532474637359099905
1532455764152897536
1532444441125851136
1532438097580937216
1532351325312196608
1532127349013110784
1532097152725536769
1532085825953050624
1532063176522620928
1532040527293476864
1532021655127486466
1532002948082966528
1531753636967202817
1531715887857905665
1531704565623554048
1531678139105017856
1531647940321652736
1531626549845311495
1531342178986823680
1531300651858280448
1531278003270995968
1531025085909311489
1530995354392571904
1530967433397383169
1530919003471978498
1530605832756502528
1530560297383108608
1530258281389858816
1529911498478215170
1529892627071438849
1529874088348491776
1529874051069517824
1529874020266651655
1529873986145886210
1529873953010987008
1529873914951868421
1529873875084922884
1529866199789719554
1529846191818788867
1529603636610973697
1529509278771466241
1529453385082077185
1529453383706456064
1529453382112534528
1529453380732653571
1529453379512111104
1529453378098569217
1529229013654331393
1529194272368603137
1529167849347944449
1529156524035145730
1529133874256564226
1529107452528148480
1529088575777677314
1528850761878151169
1528828110275108869
1528816784966619136
1528805460253474824
1528786586132893696
1528771843020267520
1528748585776427008
1528736934977216514
1528379741295759361
1528137801174335488
1528068349527203846
1528026225133998080
1527748504591839232
1527729621491257345
1527712256968085505
1527691874693050369
1527675172555214848
1527389883974569994
1527371011758272523
1527344584178778112
1527318162533781504
1527310612472004618
1527299290728517634
1527293295298105346
1527061476116033536
1527027496125857792
1526989746345586689
1526967098223644672
1526955782423695361
1526946445630263296
1526672199192543235
1526646233992941568
1526627610062635009
1526621786527477762
1526590454170624001
1526575921091825664
1526319340018143235
1526319307214430212
1526319275396542464
1526319223915544581
1526319181590847488
1526319054692265989
1526319010085838851
1526318866837786626
1526318595449491456
1526318558187339776
1526302719434268672
1526283846815203328
1526272520449556480
1526259665851625473
1526242322765164544
1526234771365367810
1526218424233381889
1525574170179907584
1525538974709825539
1525487346539548674
1525468472687284225
1525222548346109952
1525175788491898882
1525128738920275969
1525117408939192320
1525099038353371136
1524816949317861376
1524777670298451968
1524766576679047169
1524758799709396993
1524752277529104384
1524745316049866752
1524489157959106562
1524465111150129152
1524445481790849026
1524422832918306824
1524413198904004608
1524395657012080640
1524379279676649473
1524139718962647040
1524124617765359616
1524117070383833089
1524105742843887620
1524079318833455104
1524067993902141440
1524056832079187969
1524047261671567363
1524018921925398528
1523777328551129088
1523765212423376896
1523728287876321280
1523678883085647874
1523676903449972736
1522943081661620226
1522678841184903168
1522659966858924032
1522632705271283712
1522605380815278087
1522581232374239233
1522324002659782656
1522300386018795520
1521969518456758273
1521965390259269632
1521950793271631872
1521938965254877184
1521920093369765888
1521901216455794688
1521884899476660228
1521589954857648129
1521580353500102656
1521561477869715458
1521520477977690112
1521520439318790145
1521520398726307840
1521520333051899904
1521520284095893504
1521520221072330752
1521520043288375296
1521519976640831493
1521506284561907713
1521236838911860736
1521217972144062465
1521199089894846464
1521180217401827329
1521168890990108673
1521159190340853769
1521137045917380609
1521115573614223360
1520800463301615624
1520440342163591168
1520406367151951872
1520183650482069505
1520126931596943362
1520089025582874625
1520066721721335808
1520064317084909568
1519792068943564802
1519719368325795840
1519472683548872704
1519337169537675270
1519332023101702144
1519062511521349636
1519039863051464705
1519017213310783490
1518996612084862977
1518994564396118016
1518975690976112641
1518963490173722625
1518700124527939584
1518678733250514944
1518662375670370304
1518643501268967426
1518636379479158786
1517896935989985280
1517605913644789760
1517577684083167233
1517571436453326848
1517540477335220225
1517517238370242560
1517510179046178816
1517220373690994689
1517205273655525376
1517190011262746625
1517178852983787524
1517159976007086080
1517148978420146177
1517134467478999041
1516960003814563840
1516914925133877249
1516880634714677249
1516875536072650753
1516870065127247872
1516850435600093189
1516831562020507650
1516805138085601281
1516785807440363521
1516540896405299202
1516514472214417410
1516503148436852743
1516480498188443651
1516464140180631556
1516450299019350016
1516436831767777284
1516170958339510280
1516155858899505153
1516133209704210452
1516114339912208387
1516106786935300100
1516084012242120707
1516067324318699531
1515770822455021570
1515717973595598851
1515684001196904454
1515661360582979589
1515435499577565195
1515397109322821634
1515332937025261583
1515087576088125441
1515080019915255816
1515038496443944963
1515000747955568655
1514999026348961801
1514974325735972866
1514955449065377794
1514950553184485387
1514939263422500866
1514747831030009862
1514719634657886216
1514702535235309570
1514698394266218498
1514696414974119937
1514687329197342726
1514659509779804161
1514659467794817025
1514659443161640964
1514649688254783516
1514647588716400640
1514614987897016338
1514340097159835656
1514298621461557251
1514279747320270852
1514276065736339456
1514249550252363776
1514239894150959109
1513958882497814528
1513918650109079552
1513897705952759812
1513643406395904008
1513615369147195392
1513596494506430464
1513588945141043210
1513558745820766212
1513547007801143301
1513215484350631937
1513158609554845697
1512871719022694400
1512830196155498498
1512792449634164742
1512554629829169157
1512543305019670529
1512539316240756738
1512529261047033861
1512529148991922178
1512528206787596293
1512509330905395200
1512476276937924612
1512410665658552323
1512410621312225288
1512184719856832513
1512165706309246981
1512160139859611655
1512121590082899974
1512084926811697165
1512084830305017856
1511799654832238597
1511773234202484737
1511761261549264901
1511754356323852288
1511723875956137987
1511696523486191624
1511459916120174592
1511437266903711747
1511428988903768068
1511428987725258757
1511428986555056134
1511407068560998414
1511368714003881984
1511368650145550339
1511368567354281992
1511368469530488836
1511333122046050306
1511333024385966089
1511121304337981445
1511105078115155971
1511052230501175301
1511044487660941318
1510689841855483920
1510625668941467661
1510293482711052289
1510255739448688641
1510018507651616771
1510018506527498241
1510018505189609473
1509976393261715460
1509961548227354634
1509946193975070731
1509936687564079111
1509672239116996614
1509651760482115588
1509636660408958989
1509621560826478600
1509598906153271296
1509596026436567052
1509574409958445068
1509553108514447363
1509278039238131721
1509272544116977674
1509236517507526659
1509210092071129089
1509205324619821064
1509191220215562247
1509181845312835586
1508919426711654402
1508900551894831105
1508877902862974978
1508855253390688257
1508836380373401603
1508822437215014915
1508553263511072768
1508530614185742350
1508520040487952390
1508519298259566597
1508508637509177344
1508427434567294986
1507447225458171908
1507417030726664216
1507356632623296519
1507054640633765905
1506994244157775877
1506692258069987332
1506631865138094083
1506329864302956551
1506269466178383873
1505967481545842688
1505910587481628674
1505907088794423296
1505268489992482816
1505204157774454785
1504925611873251330
1504919413237166081
1504919412129816582
1504910513607688203
1504879075273367552
1504877064775680005
1504872763353403408
1504850115537907714
1504829114573799432
1504808069917777941
1504808054293995529
1504808036669472771
1504807452017057793
1504555673002168320
1504540574224838659
1504533023475200009
1504514542298140674
1504503141177384965
1504236979654991874
1504227258298343425
1504159310972133377
1504129924227080193
1504129923027456003
1504129921773416453
1504129920456400901
1504125340351930370
1504124664477585417
1504124487813500932
1504121220027101193
1504120694883373059
1504114920220155908
1504102971352793097
1503847506190364672
1503812022349168641
1503789373736865795
1503766249641234446
1503468508620881920
1503447936444907535
1503433558605631488
1503423213526663169
1503413144147963908
1503403715902021633
1503015525240254471
1502784485540175872
1502679560168517638
1502433397901303812
1502381347272368131
1502323735214411781
1502304897575833600
1501949143308292096
1501607639746232326
1501607204650201088
1501328155348389889
1501290406666903552
1501263983919071233
1501245108192174089
1501220495525568512
1500973913056161796
1500973317259292673
1500946894905909249
1500935568586383367
1500912919239802881
1500887075985494022
1500610929527975939
1500584506209841166
1500527882296123397
1500490133841317897
1500222117278887936
1500191919925780483
1500157944566108164
1500142418322153472
1500123974730018819
1499897481420701696
1499874828945403904
1499840855762423816
1499829532131483651
1499808678890942464
1499544787778772992
1499497342071762962
1499467143016062989
1499417807674556420
1499161378162155523
1499138729159626752
1499116079867564034
1499108530066018311
1499098875881308169
1499098817186127873
1499098580346454016
1499085880589525000
1499075249639469068
1499052147245211655
1498814089673547778
1498795224927191044
1498785149038649347
1498772568375013378
1498753692023111685
1498746142531538946
1498727267391975426
1498708394210856966
1498700843305955328
1498687942042296330
1498456685911883785
1498432832946905095
1498424215921475593
1498408615786520578
1498406403186118657
1498395081195151360
1498381818839502848
1498324868726767617
1497943206893395972
1497341889296490497
1497332675077681152
1497311690068615168
1497301662775619595
1497292817441320960
1497281491759296515
1497276259021344773
1497236231767625732
1496892745646059530
1496892743435567113
1496583140957061123
1496571814771757056
1496560500443856903
1496537840758501382
1496515682502160391
1496260370343903238
1495814071932919818
1495782865958699009
1494801400806707202
1494756100356276225
1494706523771064323
1494690921555775490
1494446569403269141
1494416364580319240
1494397487523655682
1494378614711799822
1494356381549219840
1494350567522635785
1494350022498000901
1494349406769983491
1494349086836891649
1494091723894579202
1494076784962375684
1494066877206863882
1494031327410098176
1493997350947377153
1493988131909079043
1493714235292979204
1493676486586298368
1493657612268625920
1493622957264023559
1493366947043586053
1493364792576389123
1493340523112796161
1493329755885740036
1493329377207144454
1493321650464460802
1493314858795864064
1493302775022637057
1493285553198010370
1493269775631400962
1492272737187811330
1492253359209730053
1492231620404858885
1492207394209910787
1492177861993807877
1492149736433979401
1491873103869321220
1491845672886226952
1491806608459923458
1491799537786122250
1491555009837760513
1491543683497439234
