1534623659586985987
1534607440968179712
1534594512093315073
1534578561469886466
1534554796652482561
1534535725785415682
1534264452299767809
1533863794769899521
1533811826772918272
1532760942915768320
1532439780629303299
1532386901579247617
1532159947621994496
1532150003891941377
1532048328539635718
1532010153192587264
1531997060836339713
1531780060759396353
1531718537974251524
1531698038909149185
1531263406845698048
1530700447102775300
1529964318493646848
1529930899873316868
1529563924944801792
1529130867599319041
1528880958228791296
1528823632012660736
1528026242422816769
1528020287047880704
1528010097703673857
1527845964639260672
1527771966312067073
1527437697970757644
1527391797214707712
1527363711853178882
1527347244059734016
1527310831423062017
1526983910546096129
1526953587963744256
1526921862017687553
1526915168353112065
1526716256992346114
1526674388413734913
1526661293255557122
1526656910790901760
1526550162948165634
1526280070557380608
1526278883699572738
1526269645908492290
1525483119805071363
1525226404975202304
1525120041255063553
1524923563756638209
1524900227781566465
1524846624492732432
1524820668805787649
1524735058640355329
1524537336649949184
1524491771262214147
1524471551512428545
1524393891671150594
1524375899336224768
1524132172327645184
1524117571074768898
1524102521433825284
1524046930736730112
1523816084549341185
1523754619427786752
1523730047596589059
1523690184285466624
1523690182771605510
1523690181462659075
1523690178883493889
1523297631744978944
1522939310558826496
1522697722934947841
1522671596477075456
1521988048363347971
1521938572105990148
1521938569258012680
1521937183443238912
1521882906867687430
1521590923293044743
1521531272962711554
1521515608034185216
1521476007659806720
1521300077083598849
1521214483607207939
1521214482449637378
1521214480830672897
1521214450874867713
1521209085009530882
1521209082425876480
1521190499712917507
1521131654667976704
1520086925977309190
1520055376917499907
1519771178713468929
1519768415048720385
1519753321950683137
1519738220057083905
1519730664806920192
1519683504623206400
1519468939469746176
1519451827091087361
1519421125624664065
1519413246305968128
1519390930293473283
1519385892816756736
1519375213997309958
1519364475383599104
1519072518270763009
1518962362396651521
1518741653313376256
1518712135739654150
1518684831009452032
1518666801353302016
1518645484365176838
1518635333994352640
1518589748922789890
1517613715046076416
1517593943940210689
1517234990496505859
1517214229262221313
1517213386085392386
1517147883883032576
1516883605519273984
1516844144169209858
1516837882111348737
1516813441994002453
1516807615606628357
1516807612943241219
1516766167481913349
1516485805874819075
1515681248420712451
1515107334678319110
1515042019521007622
1514944127569334274
1514711925053177867
1514678488204206082
1514640843902181382
1514630138985648131
1514377896218963970
1514334751267635203
1514334750332403721
1514325045136400385
1514279749551501314
1514259236179656711
1514249371856130052
1513960767586017280
1513938455797145606
1513897191823355908
1513897190330183680
1513897187687780364
1513873797916540930
1513592575009173510
1513591835952029696
1513591005131464704
1513590780253949953
1513543625694715905
1513274779855433729
1513177270529241097
1513155962173075461
1512525097655021574
1512500499144228882
1512160013044830208
1512080188359667716
1511802712161234947
1511770056442748934
1511746557279805441
1511463212922908679
1511434432032514055
1511365763357159426
1511342958171275278
1511101311135137800
1511053314703642625
1511034533881163776
1511028110782836740
1509872006229078016
1509635410095489034
1509568630597505026
1509249548971130886
1509224472775208968
1509210940121751556
1509196079086149632
1508962632405069831
1508934753638039563
1508908475677503489
1508866729711222790
1508805979848196096
1508530505154797584
1508517662854373385
1508159193269866496
1507753536284766215
1507402926175752197
1507373360958914565
1507354423730876420
1507115039873896450
1507098383156228105
1507012784831156230
1506725925144207368
1506356456064495622
1506296958532689923
1505589993317666818
1505544149281525762
1505303322844090373
1505219319839481857
1505006394310901762
1504881030645358595
1504535769016377345
1504479671991222286
1504441746738102275
1504180701519921156
1504165359531790339
1504099569340227585
1504090698408210435
1504081087852691456
1503808256296194052
1503781963278299147
1503761575840206855
1503477576232275970
1503477574739152905
1503468511712055298
1503457586393268224
1503096787053301762
1503006389547016199
1502811680572649474
1502796923476054017
1502329079361683462
1502292884850188296
1502041606693679105
1502026506960257042
1502011297071837189
1501924949153439744
1501694326157443076
1501690293753679883
1501690292486946825
1501660344560889861
1501641179624050701
1501593319855595524
1501251048119443457
1501217579934826508
1500969489403420677
1500958217748295684
1500946395343339521
1500909154176696321
1500894746021183491
1500875843702333454
1500199472067928064
1500165494237589505
1500143561420984339
1499867366833938432
1499836141683490818
1499823378840043529
1499778953204092937
1499474671380611083
1499415058505506818
1499392700872810501
1499153906244464640
1499049328689786885
1498860772243513347
1498858895602855938
1498857820804075530
1498856272493428736
1498855663988056074
1498855460052647944
1498855381073809410
1498855020426674180
1498854769540149252
1498854672223944704
1498854292958158852
1498854217968193541
1498853669948821506
1498853515430617091
1498853376481800199
1498853202816610307
1498852561339797512
1498852181147103238
1498851594288439301
1498851127458156546
1498850874063474690
1498850512661368835
1498849547363180553
1498849333042683908
1498849036295671810
1498848321636552714
1498848264191451144
1498848104010891272
1498847538425872387
1498846525019021316
1498846242310393865
1498845834456309762
1498845542813777925
1498845006257344515
1498844446594641930
1498844107942289412
1498843980200562692
1498842241443450880
1498841544266326018
1498840690557661186
1498810318365020161
1498792034181820417
1498772122025574408
1498764367541723136
1498718475635863553
1498701054132862983
1498685394673713152
1498386008798289924
1498327358151049219
1497951441561997312
1497740508835323913
1497340530828656644
1497330488641417218
1497291498613846020
1497285591398035460
1497274213345939457
1497263290468163586
1496924797846142980
1496923919051276297
1496922703634313217
1496920901023064071
1496920457563766786
1496920385618870281
1496916453311799302
1496915595497033738
1496912893472026626
1496904873496891400
1496886865487486976
1496877460394168321
1496868616377147394
1496860626961977350
1496699118051282948
1496693378561495044
1496691882902142976
1496691003973058560
1496690872016121856
1496688925460606982
1496688361976832002
1496566525641334792
1496566523850280962
1496545399171162113
1496531438719623173
1496250952294174722
1496235852476919814
1496224526832603139
1496215861065142276
1496179913136742402
1496144536069935113
1495788801012244480
1494786606955470863
1494732566301192196
1494691345868496905
1494431135035711490
1494407516041666560
1494094695512879110
1494074595569278976
1494074593018974210
1494046236067966986
1494008323905134596
1493718010212847621
1493710460520177664
1493700892025135114
1493358783933956096
1493333181126348801
1493323535187648514
1493261599230115841
1493254526127816708
1492944955303776260
1492895788300652545
1492231149896228869
1492170590454751237
1492140364920016897
1492139403279536129
1492122651241897990
1491935791198588930
1491915047202963456
1491901071446495234
1491875640307499016
1491810973350518786
1491544985216430083
