1534666980879388674
1534642558210547713
1534584170927771648
1534562555582205953
1534553864099311617
1534552308024999937
1534262546873581569
1534173631932162049
1534173625879764997
1534173616606171143
1534173608414683141
1534173599715696647
1534173589800353793
1533926854733836288
1533913559205396480
1533881815177613312
1533801080097841154
1533786598214717441
1533643620787572743
1533606140982054914
1533589404010299392
1533572618401550336
1533569805424463872
1533508602358648833
1533084284201971712
1532806571301949440
1532757178410475521
1532757177198432258
1532757176262983680
1532757173108981760
1532514647877816320
1532423187857821702
1532391278100594688
1532391276695412736
1532391273692373003
1532391271620386816
1532391269313433601
1532391265161170945
1532391262770307073
1532391255094833152
1532347250340511745
1532085463191887876
1532084293341696000
1532083005593903104
1532052635905363968
1532052631362871298
1532052625310593026
1532015980171341825
1532010451193712640
1531854622544961536
1531780187813163009
1531780185846009856
1531780183803408384
1531780179353145346
1531729717425893376
1531729713625935873
1531729708102012930
1531729706298798080
1531729704243240960
1531729700610920448
1531713829523992576
1531306065744130054
1530947404798771200
1530530267630292993
1530527292195229697
1530358927082364928
1530283841696538625
1530264672783552512
1530235040063492099
1530222843807551493
1530194504791228416
1530193566835822592
1530026807277273090
1530023459207659538
1530021589596643346
1529613871153020930
1529570886843604994
1529528947091902465
1529528945661591555
1529528943010885632
1529528941488349188
1529528940016156673
1529528938439102464
1529528936819998720
1529528935511379970
1529528934056054785
1529528932604813313
1529528931166130176
1529528929769381890
1529528928313958401
1529528926728601600
1529528925205954560
1529528923742248960
1529528917001895936
1529528915491954689
1529528914049130498
1529528912316977155
1529528910765072384
1529213942769278976
1529209750629777408
1529205508690821123
1529069282449137664
1528877506962391040
1528849575418658820
1528835560722268161
1528818539985047558
1528810132196450305
1528803695592411137
1528769833545908225
1528761561187246081
1528758727016427522
1528753047119269888
1528747811281453056
1528742649343234048
1528719092882055168
1528076595919044608
1528037009947860993
1528031167231959040
1528018712841883650
1528014751883722753
1527989571279106050
1527988196579098626
1527838178689880066
1527739906834956288
1527715861766840325
1527653482248937472
1527653480688664577
1527411241001619457
1527400574991335424
1527387904820924424
1527380789046005760
1527359986728243214
1527351708833452033
1527346179084013568
1527338277531193344
1527275607926644736
1527261407951085570
1527062152208535553
1527042205688504326
1527025426845122562
1526980025840435206
1526977514312282112
1526956991960297474
1526946589465518080
1526939924980715520
1526927315904745472
1526695073613762561
1526616953581887489
1526557803338407940
1526345742872416256
1526251415194284034
1526222875635732485
1526208550770552834
1526195356609957893
1526182829461217282
1526009978871599105
1525991028037238785
1525835682849210368
1525830222976884742
1525508402679619584
1525507627609890816
1525480275974692864
1525480274590584832
1525203169655115780
1525171140196454400
1525103273610555392
1525100202138513411
1525065583351431168
1524912512558407680
1524848529994399760
1524844630210138114
1524841390064160781
1524802919903772674
1524780672795164672
1524746772874031104
1524568204034678786
1524544171868045312
1524515830645633025
1524484621278363649
1524455683285999616
1524440394888630273
1524428916773040129
1524427912098758659
1524380835058700292
1524372552260497408
1524178794222919680
1524164680788418564
1524160073651695617
1524152740796108804
1524144225817870338
1524116722441195521
1524115330527907847
1524113509168128000
1524112050942849024
1524111108461715456
1524110081368936453
1524109370417688578
1524108325213904899
1524107489603735555
1524106410023391232
1524105877913055232
1524071655592513536
1524071651347894272
1524071646213992448
1524013538825711617
1524006472585261056
1524004771866230785
1523997849394032646
1523854481514975235
1523826917698322434
1523798934207959040
1523777113165221889
1523773717033414656
1523714488247013376
1523677596009242624
1523416545250058240
1523370860425658368
1523333152420343808
1523298084008374272
1523269856958849024
1523149084559044608
1523144533579825152
1523032632858193922
1523032094598868992
1523031624203526144
1523031475603472384
1523031409111494656
1522974579899219968
1522974578955493377
1522974578015936513
1522974576686542848
1522974575402835968
1522974574278754304
1522974573372792832
1522974572429168643
1522974571514806272
1522974570583576583
1522974569530892291
1522974568641671169
1522974567521988609
1522974566385172481
1522974565273640960
1522974564237594631
1522974563352694784
1522974562455019520
1522974561570017280
1522974560617996291
1522974558260973569
1522974556742627328
1522974555685498881
1522974553907109889
1522974552917168130
1522736855837511680
1522676771237289985
1522584785880768513
1522564156917964801
1522541093316931584
1522321417789919233
1522206594976686080
1522204213438255107
1522075388150702080
1521886490934099968
1521827555300499457
1521807696810414080
1521663992602763268
1521585591707648001
1521548450042626051
1521485665187373058
1521464755478802433
1521342129481601025
1521313060731998208
1521297299737042947
1521107138910859270
1520916525292695554
1520541473200082944
1520506392129454088
1520449118245687296
1520372434297397248
1520355388482277376
1520234199273377793
1520088750780555265
1520087519186063362
1520056089659813889
1520047462156849152
1520047460604858371
1520013302847483905
1520002584907501570
1519999839043477511
1519878826410532864
1519840800259158018
1519776510667857924
1519754182894497794
1519734614260129792
1519729926785716226
1519721111696687106
1519719391834918912
1519710174373683201
1519677188974522368
1519481702246236162
1519469389329977344
1519440721312423939
1519424468057268224
1519424466970984457
1519424465981132803
1519424464915738624
1519424463846232067
1519424462814429187
1519424461711327240
1519424460553699331
1519424459438010371
1519424458301362176
1519424457189830656
1519424456040628224
1519424454945878017
1519424453888913408
1519424452760686596
1519424451619737602
1519424450386661376
1519424449161973766
1519424448096620553
1519424446976696320
1519422483929182209
1519399532768940034
1519365420167352326
1519291535682154496
1519163677332713472
1519008270320607233
1519008269100060672
1518992172250501124
1518988794166403072
1518964857751621633
1518951616510103555
1518951612471025664
1518948787410153475
1518927743987105792
1518778247886090240
1518778245830918144
1518778244601987072
1518778243192692737
1518778241150066693
1518778235135447041
1518778229825601537
1518778224402120706
1518778219088031747
1518778213887062019
1518737078137278465
1518726006277824513
1518704722051538944
1518658917429043201
1518654513011474432
1518648024171528196
1518609369482600448
1518599141697458180
1518567498148417536
1518431133414969345
1518397671333060609
1518302088098463747
1518301210851352579
1518226633974501376
1517946954738765824
1517946940830400519
1517852261963243521
1517698192162398209
1517483596075917312
1517288651566333952
1516983798726115329
1516803555751043072
1516803554618531849
1516803553754558467
1516803552789864454
1516803551925784585
1516803550331944961
1516803549442809861
1516803548327325696
1516803546246746121
1516624036507406337
1516607286336229378
1516119136564350987
1516114760881909767
1516070057264230408
1516049652881186819
1516046883214749698
1516038875424206860
1515869385684049920
1515662649584930817
1515529007302950915
1514962328822947854
1514768810426961922
1514749111869882377
1514746294862061572
1514590815431106563
1514295358872072198
1514255603077681153
1514255601941024778
1514255600548556803
1514220507377266690
1513957322544005125
1513928618082250759
1513928616865935369
1513923351558905863
1513913615316885513
1513902114086572034
1513853459363241986
1513579000802729990
1513578999728979974
1513578998474944513
1513578997321547783
1513578996235227138
1513578994519658508
1513578993378803715
1513578992271597573
1513578991210401800
1513578988945432587
1513336147254124553
1513335354392203269
1513335274662731779
1513269012708343815
1513211658763657219
1513130607139868676
1512803161739771904
1512618635164008449
1512618567891566592
1512618509091680256
1512569519859974145
1512569518668845063
1512569517066571785
1512569515464404997
1512569513933512707
1512513989011460101
1512475742306811911
1512465155484958729
1512465148564418567
1512465142042316804
1512465128310157316
1512465110337568772
1512465096403996686
1512465081627459584
1512465063826890753
1512465049423601666
1512465033015480328
1512465023876145155
1512465014594150414
1512465006352293891
1512464998303473679
1512464989788979200
1512464983115767808
1512464974249177104
1512464967735386116
1512464966657454081
1512464964044402688
1512196807316627461
1512169266312794118
1512162520152391686
1512126723164409867
1512113411102068737
1512106625938726918
1512106620423188480
1512096421599662084
1512078911345098761
1511830318365515778
1511816972610244615
1511500531176513536
1511489339406049285
1511459473243656195
1511440997368090637
1511382033666301955
1511372268856872970
1511355891471327237
1511324597391695872
1511319329802960899
1511171856983805952
1511171855520047104
1511171851808124928
1511171848213602308
1511171842366713858
1511150070367985664
1511124981895290888
1511054287429849098
1510997701013516292
1510961167841349641
1510954032449437704
1510641075802750989
1510641074758459397
1510641073739243536
1510641072753590283
1510641071012958208
1510641065795194895
1510641059768025091
1510363746606190598
1510320639789387794
1510227079459229703
1510063359177146371
1509967706103103488
1509921688099688452
1509884292951949313
1509884292092080138
1509884290758230021
1509884289919369217
1509884289017655304
1509884288078168064
1509884287172190212
1509884286249451520
1509884284403863555
1509726925014671367
1509699342491398148
1509600117099221014
1509520466695892998
1509496830492557315
1509366640374386689
1509349257282785280
1509242798335217673
1509189815773847556
1509007959778545665
1508923113647575041
1508849952017072133
1508849950918160388
1508849949542387718
1508849948338626563
1508849947147440131
1508849945243275268
1508849943708057601
1508849942651150343
1508849941720051712
1508849940847603713
1508849939287261185
1508849938242969602
1508849937274093574
1508849936066039814
1508849934665146368
1508849932035371017
1508849930391199758
1508849928939913216
1508849926524055564
1508779158926774280
1508541937086836738
1508541932657692673
1508541916102672389
1508541897299660802
1508541873824088070
1508541847945334795
1508541827774881796
1508541807470206977
1508499237121802251
1508492200442843144
1508492199150903304
1508452459500523537
1508448836519399424
1508277964005388300
1508258560945315848
1508153323018403846
1508153321902821381
1508153319642046471
1508100567209594888
1507970297068199938
1507918390987567111
1507724975364530181
1507533878726168585
1507417263921577992
1507417262268948485
1507417260088262658
1507417258540548096
1507417257026400256
1507417255721713687
1507417254144745474
1507417251862954006
1507417250462060548
1507417248914309126
1507417246687272968
1507417245357588485
1507417243851780101
1507417242127974435
1507417240701968386
1507417239171252225
1507417236956499970
1507417235320893440
1507417233903218690
1507417229872492544
1507154924097974278
1507129199349407756
1506858726443126785
1506793567095857161
1506783243491762177
1506649543789760523
1506617209380126723
1506610855848275971
1506398406830342155
1506322074532564999
1506307184711380992
1506302276532674568
1506237200844926979
1506228643714015238
1506110590657384456
1506108255214395393
1505903923936309256
1505878933127974913
1505710639288827907
1505600273082982403
1505562727145689091
1505562725535076361
1505256479472988166
1505203430851321867
1505170522631544835
1505133178180501506
1505012434863628295
1505012345097048064
1504983070147022852
1504983063641661442
1504983056242941952
1504983031437795334
1504983024378822657
1504983017516941313
1504952616941412354
1504937621058998273
1504933046641909766
1504883223230357510
1504832237166120966
1504584161524334592
1504498961452879875
1504242285944446981
1504241928673669126
1504095458372853763
1504072996679561220
1503930156867596292
1503921337131315200
1503918435541168134
1503896526967480320
1503858442892627974
1503858441600876544
1503858439759482881
1503858436504698883
1503827964408041477
1503827962801627139
1503827961312653316
1503827959903363081
1503827957911019521
1503780531619696643
1503772661863829512
1503556521841631235
1503504289121112066
1503405650180726788
1503171899328712705
1503108872332009480
1503096422899625992
1502987849414631429
1502864146026704898
1502777509569519617
1502720097890316292
1502385859886297095
1502295034950991873
1502014925090312192
1502004631622275074
1501790101189312513
1501753590398038026
1501699768740982789
1501680909564760066
1501676841102417928
1501655566313299974
1501644923283644421
1501592853004361742
1501588953237004293
1501578271397498883
1501545520552202244
1501410390965727232
1501406724946743297
1501394328161300485
1501356467676495874
1501317687569371138
1501283763619254279
1501273402228805633
1501231249964560384
1501208524684152852
1501197277645447174
1501187272686907393
1501157777481383939
1501032100065165313
1501032099012304899
1501032097229717506
1501003963285622787
1500978453457297414
1500962114399350797
1500946627430920192
1500921227149561862
1500921225677541377
1500921223567577092
1500921222359658497
1500921221101281288
1500921219843043335
1500842159062364162
1500826285559406593
1500598024539672576
1500539459573534729
1500539458172690439
1500277151274254337
1500268997157302275
1500236207934029829
1500200572196163590
1500200359997882369
1499950554977611780
1499872609445597185
1499861212296880134
1499824297455534094
1499792138187546628
1499773407872917504
1499773406480318479
1499773405150969856
1499773403095568385
1499773400210116609
1499773374800830467
1499773371567026185
1499773289186701314
1499773287987036160
1499773286217039873
1499773280307269642
1499773279078338564
1499773276830285824
1499594566789390352
1499497282068271104
1499483327702708225
1499047339838873607
1499022877307379719
1498899523237777408
1498866551944105986
1498857208494407682
1498853575870537731
1498852643678167043
1498850257932795910
1498788803934404611
1498746405489455106
1498734477345964036
1498725327257968645
1498715161414275080
1498715159174565895
1498308196171190285
1498308194891878405
1498146901191016450
1498146900188569602
1498146897529294850
1498146895876829187
1498146894941458439
1498146892374581248
1498025438307885065
1498025436902789129
1498025435392741380
1498025434163855361
1498025433031483395
1498025431290761222
1498025430108020738
1498025428891717637
1498025427687903235
1498025426328899594
1498025425162981377
1498025424055590917
1498025422369562625
1498025418657607687
1497965856617373697
1497793569398140930
1497779597672386561
1497656231552557061
1497635416903720967
1497635415595130885
1497635412386496514
1497625943254388743
1497580001067253769
1497560984323596292
1497542290776018951
1497416907749789699
1497267693606649860
1497264175067934721
1497235175326957572
1497047804778512386
1497030753372286978
1496876671965741065
1496876670778843137
1496876669612830724
1496876668484472838
1496876666949230592
1496858499376205830
1496858498180730880
1496858497086066696
1496858496041685000
1496858494955360256
1496858493269475332
1496858491780481024
1496858490492571651
1496858488932347915
1496661393558355972
1496661391603810304
1496622562931101705
1496490950444597250
1496314052380868608
1496220152819589120
1496097673836904454
1495742345538678787
1495533736842219522
1495483533191696387
1495427683542568974
1495407802130567173
1495407799697825796
1495407793624473603
1495268302817566720
1495135576265265156
1495093854902657029
1495070775489052687
1495016148479488007
1495016141688868867
1494441205861699586
1494428983529771014
1494374922621231111
1494343658656649221
1494304130147524612
1494296149573971975
1494217225720455173
1494053323816767493
1493994335121068032
1493962580683104260
1493953848838340612
1493770857855995904
1493716760876523532
1493676215529578497
1493594695305515013
1493437627298627587
1493425943813279744
1493407613089980418
1493247967712710658
1493205583188701186
1492978768448827393
1492970835962912768
1492866827550081028
1492866826581196802
1492866825465606146
1492866824639242241
1492866823255216133
1492643289161519115
1492500020968448003
1492287186326245376
1492233401872666627
1492233400870219779
1492233399871938560
1492233397615349767
1492233396738744336
1492233395694452740
1492233394327113735
1492233393253367815
1492233392225718272
1492233391302979588
1492233388975136773
1492233384390758403
1492233383262498820
1492233382260002826
1492233380511064075
1492233377520492544
1492233374215327745
1492233368481812483
1492233367437336582
1492233366564921352
1492233364534927367
1491874303603838979
1491790973872918530
1491781220757299201
1491774433165459461
1491575954912821249
1491550813273141253
