1534668360784437254
1534668357747761157
1534668354258182144
1534668351116550144
1534668347157127171
1534668343994728458
1534668340500873220
1534668337334165505
1534655588369584130
1534653074131800066
1534600240917102592
1534590484433215488
1534586119781851138
1534556253376155649
1534544999504912388
1534290678217310208
1534273739440984064
1534259252507852800
1534197388763664385
1534163843085131781
1533898106659536897
1533842871127789568
1533797129797439489
1533790539878998016
1533523650254602240
1533515979631861761
1532777238038446083
1532775620760977413
1532753530552999939
1532736808437571585
1532728071350018050
1532464468562681856
1532411199668854784
1532388370869018624
1532367633210916864
1532097905078677504
1532063741424304128
1532031360453459969
1531998861069271045
1531992408350773249
1531742318281166848
1531687184008454144
1531628936433655810
1531628932230946816
1531619502760263681
1531397214219665409
1531276028471025664
1531251830306525184
1530923265962696704
1530264804950167555
1530237087194271745
1530210862463598592
1530176879193477126
1529873539649634304
1529826893645729792
1529816436125978625
1529566631457873925
1529541667161882627
1529457797745807363
1529457796764389376
1529143145891606528
1529122298023665664
1529106469815296000
1529087270413688832
1528809486688759809
1528793884167491584
1528772804203642883
1528748210273017859
1528410059037974529
1528408292103540737
1527986312774418432
1527730880373919744
1527704707522625536
1527673000496992256
1527633741404848129
1527617787719450631
1527399090744700929
1527390546167115776
1527305392958500864
1527296946351882240
1527286958027702273
1527029282001850370
1527029274217271303
1527016643150462977
1527011137220395011
1526997332050444288
1526987733570310144
1526980317571055617
1526963674522472450
1526929348854521856
1526926581649874952
1526909216203476992
1526891880222539776
1526740112629026816
1526643599798161408
1526643597000458243
1526614524375093248
1526588556134719490
1526577442445484040
1526572748851490816
1526568446842089472
1526568445176909825
1526328075625148418
1526264074690084866
1526247871175073795
1526208350026928128
1526206942951120896
1526202660784840710
1526151724150448128
1525832438844477441
1525537679210909698
1525504711020912641
1525219582310592512
1525177807311192064
1525164077160583169
1525143732567396352
1525137705948020736
1525109104015839232
1525074382271422466
1525053236645769217
1524915372557729796
1524904757558759437
1524854593770995739
1524837752667263002
1524805614261653505
1524748791395495936
1524734350906073088
1524481971698556929
1524470647191064576
1524462090743730177
1524429626868744194
1524391807450234883
1524371801446440961
1524143491546333190
1524117822850404354
1524096934553739264
1524063183316697088
1524060748242116608
1524054655927570432
1524037508669005824
1524014466312151040
1523740586955755521
1523685222130278402
1523660302998380544
1523287602182320129
1523063975583182848
1523012287581364226
1522943836787458048
1522673555665682432
1522664747673563136
1522634800284250115
1522613757679181825
1522603343931138049
1522563368606908417
1522333816915865600
1522297902034530305
1522260081521442817
1522251463262670849
1522225628291993601
1522216912179974149
1521954065244213248
1521942495420207104
1521925890409742336
1521886620659503104
1521869359173586945
1521842333184106496
1521526510758289408
1521526509420298240
1521526508262772736
1521526507100848132
1521526505532231683
1521502462569549831
1521483664852496385
1521199593299587077
1521155804811993090
1521123674585190400
1521103409507717121
1520819969939881984
1520414924056371200
1520116708526206976
1520103668607078401
1520025961558859777
1519789718073917441
1519756742258688000
1519697445407522816
1519692453720342529
1519678823188602882
1519668020154716161
1519439372176744449
1519411395007238144
1519364501740527616
1519359971779088385
1519355310795857923
1519354183786369024
1519337322478772224
1519324487904288768
1519305470669991937
1519262582745534464
1519050573693308929
1519019553526882304
1518999388496044032
1518962603250257920
1518944908127649798
1518944907024551937
1518722773333413888
1518684503719518209
1518623486776086529
1518612428581445632
1518594470794735618
1518252015532613639
1517984698747785218
1517538758631038977
1517509624919900162
1517207349190139904
1517205344870674432
1517192187485691904
1517158001630658565
1517141687277002758
1516830051408531458
1516789282907856900
1516770518690668548
1516533316048072707
1516440484444573704
1516431569841496065
1516404957771149318
1516152839055167488
1516139249355018240
1516129252525101067
1516087408223162368
1516065765593534467
1516052433344114690
1516040390100537349
1515662609126768645
1515064769425907722
1515043529835401223
1514962783259009024
1514956603849646082
1514953145075617792
1514903647200677892
1514662665314045960
1514635591861870594
1514608664170008578
1514590293571506181
1514586014794219529
1514363878452482048
1514291248806469633
1514266810778107906
1514232352045735938
1513957120970006542
1513936988121939970
1513899491287478272
1513887504210051075
1513868537437245451
1513630093154922500
1513620165459595272
1513615762715561986
1513563527994216449
1513527037159346178
1513503381683200000
1513255246038028289
1513163993006891015
1512496497367076866
1512460945016213512
1512427794692816898
1512408919372664841
1512135367066996741
1512102148473036803
1512086908599382027
1512067632916172813
1512059389125050371
1511800994342002690
1511797526768361476
1511767107171663874
1511766329975525384
1511732210449072138
1511709152342691840
1511686408729088002
1511665877766352896
1511418210750541827
1511402789582295046
1511401993197269004
1511390838491910151
1511377624169435140
1511356988319432705
1511353508649385989
1511349743791783952
1511099582893150228
1511058126958641157
1511054738871234560
1511021713160429568
1511010946910756865
1510996368973864970
1510971317704609797
1510964652879998976
1510745458380972032
1510680027259543554
1510655868601200640
1510376779122315269
1510326447411503108
1510272089676079110
1510004828042268672
1509997246615535623
1509978603060088840
1509930085658337296
1509922033018159110
1509880420627886085
1509875119161815043
1509873714157932550
1509650887458893824
1509600068155940872
1509599750793969667
1509599665137848324
1509592467024355334
1509564620163457032
1509540015713529859
1509532211749408780
1509532210214293515
1509532207391539203
1509345157543514116
1509280807482916865
1509270237937549312
1509270073084682240
1509261933073031168
1509238780598837258
1509198414243938309
1509185791834181632
1509167741537865740
1509167740405395458
1509167739268734976
1509167738039717897
1509167736886337536
1509167735699386379
1509167734315225090
1509167733128241159
1509167731089760262
1509158599846764554
1509153801063829505
1508915148047671314
1508890810577735685
1508887717249228803
1508879664239955971
1508846445390180358
1508841151654252553
1508825951567859714
1508796114279051266
1508791836202123269
1508785292546875397
1508745211178070019
1508546848553934856
1508491859584339977
1508465104945303558
1508453858741145602
1508434782606303245
1508106629128065030
1507801056885018631
1507722036335894533
1507448232674222083
1507440682486558720
1507420549714120707
1507401172029632514
1507373238103334922
1507369129585651717
1507345304164573184
1507339451755909149
1507105238356004869
1507091562869796871
1507077256337833985
1507031737863491592
1507019406806855681
1507007471805612052
1506724211552833543
1506713893648969729
1506678913317195779
1506652576443420685
1506637031270723587
1506632270140133377
1506628127447031812
1506403150835720194
1506402497644367878
1506345969289416711
1506321054918131726
1506277266547957765
1506257637045940225
1506247270794244103
1506241348512325638
1506093480459780100
1506020071713476621
1506002707160571905
1505976283305455617
1505956411234304004
1505947342322737158
1505928719688515586
1505924918508150784
1505895752442294279
1505891354622271488
1505883551237038084
1505546449655939078
1505223340876783622
1505223340079861761
1505223339282997250
1505223338423164928
1504908561788424197
1504908560261693440
1504866973842169858
1504858093351542785
1504857235775795205
1504847092631625733
1504802800726908929
1504799529157095434
1504757011594072108
1504547343508688902
1504547341738590213
1504538977856069635
1504506629907271680
1504476400308219911
1504453868192731137
1504453864606547969
1504453860399669259
1504441341123702793
1504200115287908355
1504190061457383431
1504157160854663169
1504155277909798916
1504135614882590732
1504134396374183939
1504130375152451592
1504119800435519493
1504113006606618642
1504104593281671178
1504083231800496134
1503856684648775685
1503813489982328834
1503795714341679108
1503760949060284420
1503755947029716999
1503741365997522964
1503719642040344586
1503471010074566665
1503419938710691847
1503392256362881028
1503370670461304834
1503360328553447426
1503065352225247232
1502670500593557519
1502657103265214465
1502392669711966209
1502377067031277571
1502367504047484935
1502358450784849922
1502351147058798603
1502317424191942660
1502300619725590528
1502288017716822016
1502017891193040906
1501984731713310751
1501979195278340097
1501961139927801857
1501950260737765381
1501653846589857792
1501653781280350208
1501644338174087173
1501629438466867204
1501615046014631936
1501600701331476484
1501583307984842755
1501564887402782720
1501564147338727435
1501339466379587589
1501325949048131588
1501270980592902145
1501242355541852165
1501221829033218049
1501217830787854340
1501192261115133953
1500956128787763209
1500942784186011655
1500925679491334146
1500885934375538688
1500868934215557121
1500856630438768651
1500840213853134849
1500564669337112583
1500224793362190345
1500088750680031233
1499885226314682377
1499795821868498951
1499795556700405770
1499778108068610060
1499771649318699011
1499751082033139713
1499501142643986441
1499476448658313222
1499467145314328577
1499448520163663880
1499442179059634183
1499425047055904775
1499389660266733571
1499383938694983686
1499159405010563074
1499119127407087617
1499104319047675913
1499094973727313923
1499062411860533254
1499053601062371330
1499028417303482379
1498855965071974401
1498853168263933962
1498852612229185537
1498851106570612741
1498849112980131842
1498847175916335104
1498843970956369926
1498819688687718407
1498815449114501127
1498753187808952324
1498721227736633345
1498709671481380866
1498694048764157957
1498671624895221765
1498644454189813762
1498620062529470465
1498419237877997572
1498412694612758529
1498400775587905544
1498381675662823433
1498352296991862790
1498326627968860162
1498317925941452810
1498015817480298505
1497304485600890882
1497241980635598851
1497216747736293385
1496882030071541760
1496881884424548359
1496881487362330630
1496578106156482562
1496531549843558406
1496523748081487873
1496492453595164680
1496491161002860544
1496197440772485122
1496167127463739397
1496136940705435649
1496125213909606402
1495761762142109701
1495058480029442049
1494744725332668418
1494715733728768008
1494715732357222403
1494715730885070855
1494715729261834246
1494668271819399182
1494414933232078854
1494378562513776643
1494364142198788104
1494359235336888341
1494325214892625927
1494321805816852494
1494077582970662919
1494056490608447493
1494044411000463361
1494035777004748808
1494025536632279043
1494017372000333827
1494017247161069572
1494013708774821894
1494006144246947844
1493995856936194053
1493991814533193735
1493978648445169671
1493969872409214987
1493969835151314946
1493969786153414659
1493968522162184198
1493954392613167110
1493714236639367168
1493698632603738114
1493666794321633283
1493652830766333954
1493624492496769024
1493604538535886854
1493600544593743879
1493595729432125448
1493330694038335489
1493330692993949706
1493330691333017602
1493318429599752196
1493296985905971200
1493269555594108933
1493258372493230087
1493246658380972036
1493245614129393669
1493224257224073217
1492990718012444681
1492955485762318336
1492909049658105856
1492874557182599172
1492499984746438656
1492291936597729280
1492278525025562635
1492243293328986114
1492223411875164165
1492161767790809089
1492159536060379142
1492152479781470211
1492146328339632129
1491907832454680579
1491873858663632896
1491850957872779288
1491831831997657096
1491828308614410241
1491814467390291975
1491780304058601472
1491534371760734209
