1534672119061168128
1534599891493588994
1534586868494389254
1534572432551563267
1534296954611564546
1534267702348591112
1534244630585389057
1534244629192888321
1534244627791978498
1534244626357428226
1534198085093670912
1534133082609135617
1533973262618660864
1533959324774678531
1533952123385401344
1533931739550126080
1533929151765401600
1533881705710374915
1533871328809390089
1533800623937925123
1533482780385894402
1533093719129395202
1532899315370311680
1532755534864072704
1532755533253554176
1532734213190995969
1532508833112784908
1532427291325779972
1532419635009683458
1532419626298114052
1532397179322748928
1532376648250798082
1532333794438553600
1532084729335451648
1532083806458499072
1532083804382322688
1532068518165991424
1532025800010215426
1532025798311436289
1532025796713492480
1532024487813578752
1531739068459110403
1531681396955172864
1531436547328954369
1531406348218343424
1531375646240296963
1531343937276764160
1531313486386429957
1531281777574268928
1531270452873551873
1530896077196607488
1530257780162056194
1530255452419903489
1529881299216764929
1529848368398204930
1529497520648376322
1529490754535661571
1529453127748960259
1529243601053663238
1529194272347389952
1529181178875592706
1529176656795017217
1529169861510778880
1529152749463490560
1529139662605910017
1529122031991672833
1529089522683858944
1529061145092321280
1528852520352632832
1528832232542052358
1528784425160388609
1528745249086005248
1528390230876729344
1528020287077371904
1527772946449805312
1527701333347811340
1527701132969140226
1527658622008041474
1527656640782258177
1527640043225067521
1527640040582545410
1527348214139342848
1527292684666146817
1527279531568300034
1527279529319800832
1527019945279770624
1527005852191797248
1526987829221392385
1526972100145291264
1526918324105494529
1526918322612314113
1526914664432553984
1526649176712421383
1526612260721860608
1526594001155104769
1526359342328455174
1526321482447593472
1526305662510280706
1526290037863813126
1526276790473351171
1526254240590610432
1525891260006797312
1525864884499623936
1525201646145478657
1525193785629605888
1525192907719946240
1525180323545370624
1525167741056983041
1525156477635284992
1525156306067365888
1525156184428249091
1524838653750562819
1524836528177958927
1524798010189815810
1524786813411463169
1524532303774420992
1524506729207287810
1524489295905574915
1524489294316023809
1524489292562800641
1524481508353916933
1524468042478010374
1524442868508725254
1524442866696794114
1524177516298223616
1524177515169951747
1524177513680982023
1524166140850847744
1524154817807069185
1524132922046963712
1524120752773021703
1524120750566912007
1524112872514670593
1524074285811314688
1524045345226956801
1524003821088915457
1523807528793952256
1523747511500161024
1523671552272875520
1523339444320931841
1523294146861088769
1522961956755365889
1522652418789371905
1522625992526860288
1522617618108145665
1522614667650154501
1522584471429685250
1522561821609242625
1522327777285877760
1522298920944209920
1522278363729170432
1522265869505679361
1522250340493635586
1522242603508506625
1522216414270001155
1522206981775413248
1522192601847373824
1521926461191593991
1521603003236683783
1521586450231398403
1521569116502560769
1521569114694766592
1521557705260892160
1521543128238465025
1521255715666550795
1521215202003492864
1521215197846900736
1521193485239472131
1521142474206593026
1520802729924481026
1520757431906750465
1520032654699155456
1519825433889591297
1519816731434250240
1519791817335656455
1519771936129269764
1519753646602428416
1519736611919085569
1519720346391298049
1519705820279234562
1519458874885033988
1519432449083600899
1519427492771246085
1519413673286062082
1519394701002084352
1519388655890092032
1519373249070649344
1519373247099420672
1519356952291295232
1519347584745279489
1519072271050096640
1519069277839626241
1518988083982737408
1518707173685084162
1518703900756389888
1518685024266059776
1518668761070452737
1518628404077203458
1518613909447618562
1518613907786584066
1518212186677686272
1517550053208039424
1517537026035363840
1517492041739079680
1517256837309026304
1517256834427592704
1517234287203999746
1517188437375336448
1517133551753469954
1516891960996413440
1516861762431291397
1516860276087439362
1516838364510670850
1516821427688808461
1516799751399919622
1516799232438591492
1516798972588924933
1516798262178717704
1516797963070279681
1516797772606889985
1516508685689888769
1516471684643053569
1516438465793167368
1516393676980858882
1516167184443232256
1516151329202311169
1516145792796438533
1516136986070827009
1516105464278310920
1516090484082585605
1515661359496765448
1515404661976612866
1514952933082685445
1514680965066629120
1514680963359551505
1514660142758957059
1514659428045307907
1514640557263446022
1514620744533172228
1514601540983549972
1514591856780267524
1514329603078344714
1514311071993143302
1514310762734526466
1514262536430014466
1514230119275155461
1513992858562355202
1513959281858600967
1513950333826912257
1513913169953107969
1513620705866563584
1513549115640016896
1513541334233145346
1513523881247711237
1513209743116050437
1513172647135305728
1513128036916473856
1512880676659474432
1512807557110374402
1512506355512401926
1512485440921956353
1512463950788636677
1512144166482026498
1512106696616914953
1512090323891019782
1512057101266300935
1511833630573830144
1511809980655144968
1511785310400700418
1511750594318450695
1511749927818481671
1511731741614092288
1511501440711340032
1511439345139519492
1511431376914067468
1511361770186678272
1511354869885644809
1511064028638060556
1510610571720368134
1510290425411686400
1510036788668116996
1509984696020602882
1509931837061308419
1509688242077114371
1509659303120146441
1509619843904987156
1509617086858936327
1509515861194907655
1509296914424111108
1509281299810471941
1509253553529008134
1509251275308818438
1509221418868822019
1509206105284616196
1509140188785967108
1508873518418735105
1508831832242114573
1508564599502688266
1508509329179222016
1508477410169208835
1508066308348428299
1507720688878198787
1507455297039831053
1507419932304228385
1507378045304332293
1507372672749129737
1507372553576321028
1507371519428730883
1507346387209494530
1507099124528816132
1507094068056231938
1507049634279174144
1507047654756438018
1507031485806780427
1506735046786437127
1506735045049913344
1506690027358724103
1506688568223309824
1506648278351368195
1506632253081899015
1506609205511430144
1506383507555237892
1506320668626980867
1506265690243805185
1506028314212904963
1506007863600508930
1505986879241732096
1505967465867755523
1505525025096540165
1504904703540346883
1504866868384915456
1504852207035994115
1504851498500558857
1504566810586361862
1504543870255865857
1504543686960500743
1504542025680621570
1504517567255396352
1504190394011111431
1504125294894096384
1503842279836033024
1503829447228768263
1503807558406049798
1503764580991913992
1503764579322830856
1503749100939919366
1503453411471241220
1502992881706934272
1502728634406219776
1502653138964148227
1502351148841381891
1502320950078967810
1502047056868917249
1502029585503903754
1501980606208561154
1501980552617996293
1501980462549450760
1501980366206296064
1501980185654145031
1501961833095340046
1501944451467382787
1501660344598597640
1501585666672582663
1501332023734067206
1501305506211811331
1501284115106041860
1501276817050804224
1501262997620146176
1501261953464950792
1500971314017976327
1500962555468079106
1500935568531673089
1500917275930636290
1500881121814499333
1500493908198973443
1500176819147796480
1499867282591334406
1499866597783216138
1499858641180049410
1499844629977608198
1499799333318791170
1499759315640586247
1499480767914778636
1499462864586756098
1499438059057651720
1499381594020323331
1499165154331746310
1499149896921853962
1499141772257206284
1499117706959798273
1499096668330938368
1499096619899408392
1499096500831412227
1499088900257579011
1499078331634896903
1499074558246232073
1499051020810440708
1499031023627214854
1498836377655513095
1498771892995514368
1498771891615588355
1498771889971470341
1498771888520273926
1498771887194836993
1498771885684924417
1498762496722804737
1498742260636213248
1498734942150402054
1498707687676198913
1498415842840965120
1498352550751387650
1498323530479542277
1498323529078644744
1498323526616588290
1497957193269846018
1497700502162706432
1497594805928570882
1497320755171889156
1497287398434258954
1497257205657227264
1497257203530715141
1497235993614852117
1496977399510142976
1496966184444563462
1496962394786041862
1496929924388573195
1496915330253295617
1496879388574498822
1496847390891933698
1496843354264510474
1496687327946629130
1496675799780450308
1496675794835419138
1496611828352397321
1496588432826589202
1496587916738453504
1496566665227689988
1496553957967151108
1496487514311385089
1496250604334854149
1496249572536029199
1496244659546324992
1496233470254882817
1496215002675662850
1496205651873251339
1496203679321534467
1496192181606006784
1496181378681118726
1496155808920391695
1495836875029942276
1495813577684533260
1495767768603316228
1495405380624535554
1495088289568731148
1494774035678433285
1494382564257239045
1494318217220616196
1494091723609280512
1494059379905245187
1494034599604797450
1494034597805531138
1494032619029377024
1494003202974437379
1493996360860852229
1493975849170833417
1493975848101335042
1493955827190874113
1493948277401665536
1493708445123497986
1493700418278510601
1493687884494385161
1493618597003939841
1493373324914790403
1493324399822442500
1493324398249586694
1493283558084993032
1492868664101457927
1492237029152808980
1492232760005648386
1492207057776398344
1492159511200780290
1492136349448781825
1491917395656646656
1491898980816592897
1491890397391605766
1491890395688615938
1491844052320411659
1491802093740462093
1491798456469311498
