1534672428554670080
1534616174117412864
1534577212871122945
1534292821078904835
1534235543898292225
1534183679760769024
1534170113037029377
1533840867072565250
1532824509723574273
1532707706720632832
1532421812142882816
1532391990528249856
1532371809533890560
1532362173284073475
1532082233506697217
1531999749364236288
1531740350242598912
1531724493189677060
1531276045587980291
1531007724913295361
1530257690508804096
1530231823464267777
1529893611931938833
1529238519813644289
1529138170264178689
1529117922593067008
1528799032688123910
1528730798991499264
1528106814893703174
1527804556880580608
1527653570916515847
1527651418890379265
1527460430813319179
1526968026809131009
1526954565609865217
1526634710159478784
1526601248782401537
1526244386069266440
1525157792868442113
1525104077176193027
1524839222858895371
1524818497372622848
1524779526961741826
1524762130330882049
1524736250950914048
1524512040144019461
1524493896503468032
1524491986706780161
1524459195105525760
1524398880846188544
1524382428466454530
1524097722046951424
1524065326224318481
1524036357433212929
1523743020411088896
1523380247277711361
1522671902304710656
1522231519611437056
1521928636185600009
1521905249665130496
1521544606072160258
1521517008751374336
1521348034960965632
1521312403442618370
1520114830966988800
1519721577302081537
1519703847744245761
1519694573336944644
1519328207916482560
1518974722280726528
1518675030833512450
1518670332365881345
1518613709098307584
1518605219504046085
1517963737105420288
1517594896764448782
1517513328775602178
1517190550516027392
1516797587931734025
1516767461026287622
1516513697853808640
1516501470551674884
1515716043167215623
1514947131731283975
1514703421567348743
1514638576528629770
1514364213979930632
1514331023227580420
1514238223731466245
1513941295705821184
1513916338590437376
1513645723623075848
1512446870563569669
1512167309187719186
1512147007300907020
1512123256832155648
1511746137862156295
1511724092491194381
1511415864976891911
1511350341245321216
1511115147204608001
1511093469556744198
1509969179486658571
1509927775028883461
1509624063785897984
1509601966015537156
1509580019978362891
1509233697303797761
1508939465334697996
1508864110808772617
1508849126276014082
1508571874057498628
1507484341198282760
1507074444753317898
1507036145187700741
1506618150514745346
1506381187065032708
1506309437199421440
1505965376135475204
1505952539459653635
1505935489521627145
1505184484035022849
1504845867794280453
1504544371475165191
1504118316230709249
1504103298911158274
1503795214384869378
1503772497120043008
1503476406885535747
1503444522973507597
1503427066024374283
1502418577785298944
1502399093913833473
1502068624030322688
1502037103978373126
1501970731814563841
1501639934410645511
1501607561291837447
1501571025804447746
1501317383587340296
1501304814038360065
1498443830504349696
1497240717445537807
