1534329732883431428
1534235585069596672
1533819851474718725
1533158259749707777
1532561125254078488
1531990592275750915
1531804173494272001
1531795203513794562
1531787721831849986
1531732018605826049
1531695224308785155
1531648518095527941
1531401355474063360
1529278023270223872
1529106976306630656
1527766501431947264
1527728466627547141
1527698694279249928
1527665437370204160
1527657109994754048
1527287379655917576
1527277746925162496
1526983131424870400
1526982871906394112
1526977804075671553
1526963149366239233
1526960307444277248
1526925254047805440
1526884804154777600
1526641390242897921
1526570959163035649
1526568212837588996
1526365497209630721
1526276129144848384
1526265496919805952
1526251734338781185
1526242828837322752
1526231414676635649
1526224122879041538
1526217997265805312
1526209255493214208
1524816475411861505
1524786544997023747
1524786491913822211
1524781879911714816
1524761945752187138
1524461378869858308
1524402128621649922
1524122919588220928
1524083632817774596
1524066415321526272
1523739446402637824
1522684888431874049
1522678772750815234
1522602049183043587
1522573900177190913
1522361696794390529
1522284919799566337
1522281045118394369
1522260026613719042
1521855533313138688
1521577794932776963
1521535510065389569
1521535508740022273
1521189548952272896
1521125285973970947
1520501922528169994
1520061974419316736
1519785380450639872
1519771474260897792
1519685773724946435
1519671839198437376
1519386324968656900
1519058276947742720
1519035099702046720
1518980401439682561
1518964061182078976
1517635297189797892
1517599352243597312
1517562480930996224
1517549080435736584
1517194838835404801
1517174410658160640
1517173698880491527
1516917848073027587
1516915494556737536
1516880553655603205
1516842162985517060
1516795768954245123
1516584369829421064
1516490914721669126
1516120867486453769
1515329220007936001
1515014378847883267
1514414841754234880
1514334448078176264
1514301064799002631
1514271354580836359
1514034281282260993
1514004920382414849
1513981270417719301
1513945668771102725
1513938269741932549
1513901273950609411
1513856077829443590
1513577292924170254
1512910622891118598
1512417684658524169
1512137677986050057
1512129825481371651
1511814354320166912
1511800208182718471
1511786876885213188
1511437425771368448
1511086039015866371
1511048821123555341
1511035638514126857
1509931583771451413
1509912391961788420
1509905300345737218
1509619272443695107
1509579690171842562
1509535912014884873
1509535886974898178
1509286618150092804
1509273950345469957
1509235973166665734
1509167855555817478
1508924261385265162
1508924040353927170
1508838954040279040
1508116422135713792
1507452459974766592
1506760951114076168
1506760944134737923
1506635457127346186
1506363531255418880
1506328793023057925
1506003804545699844
1506003119339044865
1505944506633388034
1505938985687810051
1505937356850806784
1505937310566666250
1505934756311179269
1505007094994542592
1505007092679258113
1504933707077066755
1504505902430359555
1504147928298008577
1504110323925716998
1504102681664757760
1503804511487463434
1503385102184763392
1502385691807858700
1502280539616821248
1502045429697060864
1502043995672821760
1502039629276631043
1501599139955712001
1501364236378951686
1501274998635335695
1501274940439285760
1501274893203263489
1501244134899830787
1501234500482834435
1501228775308423169
1501228022757613568
1501218660274298883
1501216793075105796
1501211393743364097
1501211391449047055
1500937771325796356
1500914105271701512
1500893133386747907
1500551891817746437
1500516619310845954
1500223709545738241
1499824571305930762
1499789752014364672
1499764562941427721
1499415294930001924
1499147281802698755
1499101223391268867
1499075587901644800
1499068177237565446
1499059351251791881
1498867018279567362
1498852864638214144
1498849503746666498
1498848750969704453
1498839992474419201
1498694603570139136
1498694567830425606
1498339817511391234
1497662328778727433
1497635469164793857
1496910173344043019
1496630993029156868
1496519468058615808
1496227951498731530
1496172208334549000
1495883835099201537
1495836753193746436
1494833775473094656
1494812785380835338
1494717130960420874
1494717129286995974
1494365619898171396
1494078760869670913
1494029718030540804
1493980103121977346
1493685102299201539
1493629989249503235
1493625037332623367
1493624967245840394
1493621334978486274
1493617840510877697
1493312176911749125
1493287781434638342
1492585363273138176
1492223026229878785
1492217873217077249
1491887791852109825
1491857213283094531
1491832039288582147
1491818542693507072
1491800930198556675
