1534618859688411140
1534615653566631938
1534592722710970369
1534521486643449857
1534252403926650882
1534201936827793408
1533932267390779392
1533871951026040837
1533843406639669249
1533834372838719490
1533825188403597313
1533591265459191810
1532376712507432963
1532373870736457728
1532111605965651968
1532007504191926273
1531347801761796096
1530163880856539137
1529148549363077122
1529116038700359692
1529087042180812802
1528746636645638146
1527295555096936448
1526931997700018176
1526663965035708425
1526627928972337154
1526553465421438976
1526267330518564866
1525152639146774528
1525152637087522816
1524817180860329988
1524766850659143680
1524763730185265152
1524741917346615300
1524099797610811392
1524085627804962818
1524048170363334656
1524036276491542530
1522597362136403968
1522563853195923456
1522272981581541376
1522256249903058950
1521895424503816198
1521538468991672325
1521527863547150338
1520075833649549319
1520055670204211200
1520023428216074243
1519742397105721344
1519683164599431169
1519316069286133760
1519028164017729538
1518648889020137478
1517205574982815745
1517188771506278400
1516845515819868161
1516832824581664778
1516500868950294529
1516458760277004311
1516194702948765697
1516145607538319362
1516078277307285506
1515079156211589129
1514641729877524482
1512584621568974853
1512459673265397776
1512446992433225741
1512446990730285060
1512081102093004812
1511864718054547467
1511792157992050692
1511744422354038787
1511398964612018180
1511366483112247299
1511070385797836808
1509892417872347139
1509655831796764686
1509559839457955848
1509254042907824135
1509206907856293900
1508866106198482951
1508847078801350665
1508816614103396363
1506665815411765250
1506335697866792969
1506308457237950471
1506280507398668299
1506035824013553668
1505978170713030662
