1534669392109346818
1534660863667445760
1533945774563901441
1533578965507448832
1533578953822130177
1533531579355643904
1533131788947701763
1532795277698027523
1532792810159673344
1532792807596994560
1532783953853161474
1532761467551981568
1532523348894306304
1532513071897378823
1532480222997651456
1532479995234377729
1532240197974360065
1532240182224764929
1532139212396437505
1532133479294636035
1532124202186293254
1532016620436176897
1531802717504475136
1531783578387898368
1531732383417962497
1531377220027092992
1531334626983170049
1531289327145209856
1530345609978314753
1530330996696039426
1530330994959597568
1530330992455692293
1530312749703634946
1530312747690471424
1529976943822635011
1529546525050912770
1529483719194693634
1529483128296902657
1529218511909793792
1528850761861439490
1528832756037328900
1528405328957784064
1528109171299729410
1528095784821895168
1528027837411872772
1527824202698526720
1527744061620334592
1527725857673977857
1527650354313187331
1527372349351178245
1527372347086254090
1527039494024839169
1527039492200226817
1526982251979984898
1526722683878227968
1526722541787783170
1526701605718040581
1526675397416476677
1526675394925142016
1526321666971906050
1526321665654902784
1526319470406422531
1525921457087324161
1525838409536659458
1525655861183520768
1525551519180783617
1525491126689443840
1525218880502784001
1525218656304738304
1525218654815657985
1525184884473532421
1525184882720350209
1524834183230758913
1524801899391746051
1524801897965752320
1524521343387115520
1524521342229520385
1524521341034053634
1524521339649990656
1524489973109604354
1524435694285950978
1524431306553274369
1524074553684770822
1523486498028285952
1523486480156733440
1523486426230272003
1523377026996252672
1523360528554348544
1523072636783366144
1522291549970833408
1522291548821594113
1522039276053176322
1522039272039235585
1522033374038274048
1522033371924283393
1521965541946269697
1521950353381593090
1521950350521081858
1521912312587767810
1521899978565865473
1521899976787378176
1521882351340556297
1521874793431150592
1521867252324216832
1521858446164963333
1521582153506725890
1521538567847264257
1521538563480899590
1521312359133986816
1521312357456261126
1521312355845652480
1521254279176237058
1521250679859335169
1521246905082298376
1521244388676055041
1521237316098007045
1521222771124183043
1521222769802977282
1521171590293164034
1521162573164519426
1521162524602810368
1520889099254648832
1520889072373411840
1520889062818824200
1520823279212183553
1520764990013157376
1520496963489353729
1520402591942791170
1520168760245686283
1520168654599602177
1520168613159874562
1520163469684842503
1520095577962336256
1520059534848499713
1519726221613010948
1519446214881816578
1519444063610671109
1519322981113155587
1519073836011966467
1519047411955474432
1519027510851289088
1518718596406464512
1518718595341209605
1518718593994838019
1518710649689452547
1518696857848844288
1518381704951574528
1518243366315560960
1517982090335244293
1517982071205109760
1517904085533569029
1517880985001603072
1517672635915816961
1517636761769459712
1517636746833444865
1517636726386266113
1517621987551727618
1517597860770062339
1517575229853339651
1517571248934596608
1517246804059836416
1517221894495350791
1517174026724118529
1517152454063714309
1516963106479656960
1516926828677672973
1516888176908017668
1516888175347736577
1516808752032321546
1516505625731153930
1516484342712836098
1516447242235883526
1516183412176039943
1516151500162179076
1514969881325842433
1514958233428971523
1514000411199344642
1514000004352028674
1513925546979250180
1513915762997612555
1513915761479274497
1513721030774206464
1513720927132872704
1513718598077870082
1513641793442619393
1513580846644617227
1513580844459376643
1513553786912055297
1512505851424223237
1512158816636485636
1512116035947835392
1511818529120563205
1511789645784358921
1511757405834690561
1511724157444059138
1511469029554274306
1511422167488995338
1511079006321491975
1511076494256349185
1511003571776626698
1510992475778957318
1509984836609523721
1509984835279937547
1509984833988087817
1509984832511954944
1509966109658783754
1509947231096680448
1509911075898146817
1509679854173704197
1509653549558419464
1509641823660220417
1509274875822854149
1509274610537308163
1509174970508845067
1508931629280120834
1508885192123072526
1508882249000931330
1508460592838889487
1508459739331584004
1508141699129872390
1507099943336493087
1507069739331297282
1507024935675383810
1507024931481133064
1506752656601137156
1506730001063825409
1506703714316431364
1506691663007211529
1506656701679906817
1506656700031549441
1506376955486216194
1506333638039785476
1506287105139523595
1506006509699932164
1506006508307628032
1505724286161637388
1505724277957533699
1505642835818733577
1505587969033482254
1505319799286648834
1505272019230859271
1505006475319590921
1505006474149380096
1504963727774392324
1504955535807942664
1504634022533775362
1504527181480960006
1504470267514404872
1504470265002020867
1504231037089378304
1504206527510495239
1504117353113653251
1504117184028721153
1503858217562038274
1503858214504476675
1503858212075982850
1503858209173512194
1503858206631772163
1503858204429721606
1503858202554818560
1503834671339122690
1503801794119577602
1503774654376390661
1503440013069008901
1503394549917528068
1503128416664576000
1503082495650242570
1502333902689558533
1502056708905914371
1502037831983800324
1502016933754986503
1501679220388339715
1501650862971797504
1501631983037865994
1501589271358148616
1501322025792675841
1501322023833849866
1501322021728362500
1501322018251231236
1501300679691939847
1501300678118965249
1501300674713300999
1501265186736553991
1501265182906933251
1500950668181311490
1500870387856457739
1500646287837908998
1499889928884211718
1499864533829144578
1499848691510910979
1499811203564158985
1499811202519777280
1499811201513050119
1499811200091185159
1499781808749228032
1499547898001903620
1499547897074966530
1499547896131248128
1499547894621294594
1499529302274105344
1499523765969031172
1499518732581806081
1499506709945110528
1499492588063281156
1499170533283438601
1498858375198777349
1498857192556052480
1498856443776278533
1498850469195796480
1498848836776771599
1498848055206064134
1498847859650838530
1498846806729543680
1498741221572943874
1498430888731983874
1498430885275869191
1498420273057574922
1498377594823188486
1497331867003072513
1497331864394256393
1497303627681181710
1497303623293886466
1497256924815015949
1496945102144651266
1496945100118761473
1496618140838600709
1496605952547635203
1496605947518754818
1496574746640719878
1496228738597629954
1496191357878165510
1496155397148839937
1496155395651420165
1496155393009012738
1495882218828611588
1495486624465051653
1494808955402420224
1494793426604339202
1494777472805740550
1494734277900185600
1494403668342358021
1494357507338379269
1494357504553365506
1494357501919350786
1494355948802125838
1494092064568528901
1494092062731472896
1494071205556539395
1494026012291698689
1493989797353988097
1493710705111019528
1493690210579894273
1493654763224895489
1493654760796401664
1493360618891620355
1493357954589990919
1493357950718681090
1493353768724873226
1493350745931927565
1493329572187750402
1493329570283536386
1493314578339577860
1493303513912328199
1493303512251478018
1493301168877051909
1492992733597745152
1492971876930445314
1492902875848081411
1492658143565791232
1492602381334237185
1492602379375497216
1492261562354221060
1492261560772874242
1492244756759339008
1492244753177477123
1492197304748630017
1491910636787351556
1491882878308917253
1491841168262447117
1491798223417004033
1491547463647387652
