1534656116172398593
1534598239684632580
1534536549584584704
1534283809516048385
1534240358678274048
1534186035172847621
1533911897040470020
1533876212535287808
1533822021246779401
1533241570165768193
1533126979666554881
1532816033957953537
1532500911444185088
1532450977416204291
1532378458973667328
1532054680536289280
1531744044463824896
1531698847797354498
1531640864166002688
1531266630461841410
1530600574634315776
1530285312521404416
1530195195869945857
1529934614286024716
1529895687894315018
1529858076878184449
1529611708804874240
1529529094072844288
1529470120912986112
1529214172441022470
1529171578650509312
1529107584615170048
1528879495536472064
1528822925188804608
1528769542268272640
1528131594543935488
1528034990411366402
1527776282821500928
1527724500887928832
1527665084675379200
1527443989607112733
1527356520828125184
1527298325640118276
1527037055036948481
1526991930256654337
1526949102981980161
1526926792421957637
1526670390780624897
1526626305235685377
1526600610249859072
1526564377209495552
1526313107416657920
1526274753786437635
1526241983915769859
1525522327609516032
1525242986887380992
1525185104905117697
1525118164224266241
1524882611583258624
1524843126346633238
1524836170982641664
1524765446888734725
1524502037182005253
1524466749390958592
1524415031781343232
1524136813723623424
1524091510345637889
1524031542724632576
1523804135149256704
1523727686496968704
1523669529108578308
1523376594852581376
1523056076471607296
1522968247494086656
1522725145692934145
1522672235105988608
1522637377163956227
1522342524194541569
1522287062778626050
1522217791440318466
1521985037339709441
1521922498874548224
1521858514800594946
1521554482571759617
1521506992292081665
1521252149010784256
1521191084256284672
1521132703516663810
1520505016645214208
1520395629113098240
1520156973185912833
1520106418279526400
1520043984529334274
1519784295967207424
1519740304605253640
1519680193866182659
1519420472831709186
1519377890575622150
1519318601819463684
1519053660894146560
1519015940817567758
1518960952254906369
1518689006082531329
1518656707387351046
1518615332855984128
1517957678869458948
1517873604943298560
1517599033778450433
1517544237755158529
1517266316096376832
1517149008019423238
1516910236350783488
1516875098887700485
1516817432509403141
1516530275416784900
1516496438133497860
1516443579446616069
1516179011948449793
1516121636533149711
1516064606850007041
1515683090911436802
1515460810214195201
1515352198548447239
1515054099187879938
1514952933741195269
1514714360588881920
1514668307139502094
1514619283741065216
1514334925394223114
1514291125057691657
1514248304036560898
1513980028526149642
1513943393034018817
1513881562584072195
1513583732485152778
1513524437261430786
1513157602984738818
1512877255315259392
1512538104120451072
1512499437679132673
1512431207623049223
1512167430348578825
1512147723402764300
1512121706982293517
1512093127884029954
1511799911918018562
1511768258638192641
1511707312431456257
1511465925408604161
1511409563236450310
1511376622590603277
1511334551708127235
1511191674243928066
1511139537464041480
1511044663343558666
1510986870762749963
1510460077932752897
1510355387962253321
1510336337529946113
1510010867882020864
1509958040082350080
1509900182284087326
1509649611090280453
1509649608649158658
1509591627328888834
1509534487062982656
1509271391824142338
1509232192450441233
1509196958296166408
1508905524418519049
1508864449175867393
1508809666633121795
1508550776033099777
1508509379410153474
1508508015699406857
1508451629514768385
1507787719102980096
1507451833958211587
1507421655810908169
1507359519025909767
1507095910790176775
1507058495509647362
1507000221271830529
1506736290959527939
1506699219356499970
1506638493648408579
1506367955453493258
1506334582001606666
1506277328648908800
1506012937403891712
1505982716378066954
1505920501901930497
1505306368810565635
1505216275907325958
1505193375762456577
1504928629905674243
1504891384318218240
1504829980131344400
1504594679639146533
1504555467598704647
1504518081191809034
1504462399344189442
1504204173147054088
1504176979049861122
1504095585393065985
1503840329778307080
1503812562856599556
1503740588977438732
1503476782577725441
1503436239839637507
1503376043083808771
1502790480836411392
1502709349667549192
1502414843583811589
1502368850251296772
1502318856941019140
1502039990234193927
1502007836506742786
1501974548857733125
1501933601453084686
1501692653603364872
1501602644598611968
1501318080466726913
1501289805266759684
1501222760839888903
1500944857082306563
1500910581578145801
1500860768065134593
1500153878502903813
1499865696934760453
1499825041902555138
1499770681638232064
1499527037328838676
1499491019762683907
1499450353963704323
1499404081235775491
1499129881896300544
1499098424620339202
1499056418950946819
1498860270327898113
1498820753864769540
1498769357929062403
1498722233556029448
1498677127033544711
1498440065705558023
1498377021927395339
1498345207079014400
1498326350851149826
1497646084637839372
1497332000415494145
1497294387000188928
1497232278145179660
1496969425957830659
1496935170729025542
1496882224024940546
1496621228567707652
1496570717655257101
1496534298303868929
1496240952599801856
1496186539314974725
1496145913173221382
1495787916592881667
1495520795107508226
1495198665861963782
1495055743132778499
1494757853898358790
1494690719382003713
1494679129073012740
1494430805267038211
1494398993685786625
1494352366346383365
1494325231619432458
1494066505172066304
1494033658386259982
1494007893091311622
1493709718149337093
1493668547897315328
1493610298770694155
1493364933744074757
1493320133070176260
1493289054309396480
1492519865499861001
1492255609974099971
1492217109903990788
1492165721610235909
1491894321368477698
1491855529978875905
1491803188751601664
