1534654212713357316
1534652300995731457
1534620347223396352
1534498406684581888
1533845332198670337
1532927581917483014
1532486250313273344
1532311863626719232
1532177985939423234
1532104434397872132
1532085171306078215
1532084919425544193
1531250738491531265
1531250737472327681
1531250736574648320
1531250735052120064
1529802329750482948
1529560257390952449
1529553800012476419
1529542072079982592
1529515044341522440
1529250669017841665
1529205259079454730
1527044988005122049
1527016615044423688
1526961508944601092
1526961428321673216
1526309525543956481
1526309523463585792
1526249939759681536
1525127720916631552
1524853597120483329
1524790409569964033
1524458523748446209
1524134684237643777
1521956760130629632
1521928196727398402
1521857100342833153
1521300522841649152
1521291314289074176
1519733445148266496
1519687909699424258
1519682806489702403
1519427077933514752
1519394391345016834
1519324193699082242
1519309004178087937
1519131075653648391
1519078047755952132
1517596562163183616
1517596560640589826
1516880700942786560
1516425669827252238
1516104764697763843
1514652186860531714
1514651949450334218
1514279332117630979
1514249692594507785
1512475075987005452
1512424311407140879
1512170793706340353
1512170651028705280
1511829521846218753
1511786714104279049
1511780710230724617
1511438763112779778
1511428583230738438
1511402879172624384
1511367209368666117
1511069709353078787
1509647688429678601
1509647686693273604
1509610404552523776
1509296095234605057
1509296093984612359
1508994768663154694
1508469854612955152
1506708371277324298
1506708369960275970
1506705890401001482
1506279404313395211
1504838551959187459
1504838550436839425
1504571431979565066
1504501392840474633
1504435232799346694
1504273236946829317
1502393042355036160
1501986887237570561
1501612813881593864
1501309293181681665
1501167461370056706
1501038277482188805
1500953697932689413
1500938173869871104
1499192343567781896
1499141436259942409
1499141435077107714
1499141433915281415
1498787118566580224
1498665185590005760
1497032923232579604
1496211767239790598
1496169709946949634
1496167062149943298
1494404142911168518
1494404140369432577
1494385543949467653
1494131876839186434
1493705513112113153
1493587034811867137
