1534681715213406213
1534568681174454273
1534553618703175681
1534553614580064258
1534329745084760064
1534329743721521155
1534253681306001408
1533919328655007745
1532794993785683969
1532482758479695885
1532473369785946112
1532473364106862604
1532373156782034944
1532190024866926592
1532147575134072832
1532105252123598848
1532053973347323905
1532003287872028682
1531828328063180800
1531828320580603905
1531767286389952514
1531733844122034177
1531417388352151555
1531417187470168067
1531298434963099649
1531297042923929606
1531297035143593985
1531289560063287296
1531019704869040130
1531019696459464705
1530665107709214720
1530223395018792960
1530205080640704513
1530205073913135107
1529887603432075266
1529559248123863040
1529559246806863873
1529547405720444931
1529545103882207232
1529541273702506496
1529540943812108290
1529215896723529728
1529145147425947650
1529139550018326531
1529139541390544896
1529108440055947266
1528831579069489153
1528794982886277120
1528793271069188098
1528778437749530634
1528431977862516736
1528088502063226880
1527429479496577026
1527295406710849537
1527288517851656195
1527108147923587072
1526983894444265475
1526728745243009024
1526728743523438592
1526699088548401159
1526676396268978177
1526653726194286594
1526653599014694914
1526653307187494913
1526626829167206400
1526591484836950016
1526561878687764480
1525990300681768960
1525627182868996097
1525190597673373697
1525189219886538755
1525159744813649926
1524887635709288457
1524855237680439307
1524839746471710721
1524808878466256896
1524786684122083331
1524455741654016001
1524430600983425024
1524382520820867072
1524201598007848962
1524140961298882566
1524098941125644290
1524062829036384264
1523790187314429952
1523764985763368960
1523764984370528256
1523362213292953602
1523067457396649984
1523036635960553473
1523033016465072129
1522648305112600577
1522329394089390082
1522329102283264000
1522279312807718912
1522278990358089728
1521981561289150465
1521981448185556992
1521937911070879744
1521655375174389760
1521625630122471424
1521555621446778880
1521555204772089856
1521549960029691909
1521549894254694401
1521548687628857344
1521540394575572992
1521538846713810944
1521524974795714560
1521318935987167235
1521176559503167488
1521133232208633858
1520965514104696835
1520911932789866502
1520911925428764672
1520511908549439489
1520176383422517253
1520064784573546497
1520064783134994434
1520064781960499200
1520064780630953984
1520064779313991681
1520064777929830401
1520039823213580289
1519789785761693700
1519751008808808448
1519738846283546625
1519414145807962112
1519398301447200770
1519398300650283009
1519398298553286657
1519374139043291136
1519355272640278531
1519319438167883776
1519121161526951939
1519110126552195072
1519052808749826050
1518991217962496002
1518991212589588481
1518754608939679744
1518732511886643203
1518344408709615623
1518344407535300610
1518344406235029504
1518056163966861319
1517968150637199365
1517664542842568705
1517615489941446658
1517593395061010435
1517577960424980480
1517577957778284545
1517577956570316801
1517533259692974081
1517277308251516928
1517277305630228481
1516964740475625472
1516945760604102657
1516945758410391553
1516945751624007683
1516796105459126274
1516497226469629955
1516497225509220354
1516497224485777415
1516497223156183041
1516497221759365120
1516497218773172233
1516441520811003914
1516431315045916686
1516248366509920259
1516248360776253447
1516213780065234951
1515707075959177219
1515464830546763776
1515464631141208067
1515461854490943491
1515430780238970881
1515388602414514182
1515073781517201409
1515073773686464515
1515073771593420803
1515039467022786568
1515031894068445190
1514997359679262720
1514991609670250517
1514770871532982272
1514675704247599114
1514633873426165760
1514632770978467843
1514632122207719431
1514631939734528001
1514627802523484163
1514627798979203072
1514329915021271050
1514281908414423058
1514280060596985861
1514001863389204486
1513942638071844865
1513940267371540484
1513910172862791685
1513832765002764289
1513684017144606722
1513671837783367682
1513646710584655874
1513158530513125380
1512926368903966729
1512497095122591755
1512478185987842053
1512221738272272415
1512129182939107328
1512100183512956929
1512075552840044546
1511846680097968144
1511770858892759040
1511429167035867142
1511405449169539074
1511388132289269764
1511374323319296002
1511120608834248704
1511040220065579020
1511016014376542220
1510043066186579976
1510028553231998977
1509935314072223752
1509915180016324615
1509915178841907205
1509915177654927371
1509697666724282369
1509651337415438342
1509621476646866947
1509553539097501699
1509553356284571654
1509553353336012800
1509337153230323712
1509255493797257220
1509255487367307264
1509188142951243791
1508924936177561607
1508576680486522883
1508538090511646728
1507804518431526915
1507476069594673154
1507093027482918916
1507035657461510153
1507013718969774090
1507006639437623302
1506790512136761345
1506703611526586373
1506368631071985665
1506266751314632704
1505939672605896714
1505735506499452929
1505606673247129601
1505309498168201219
1505008839946555394
1504894649114275840
1504833340414832641
1504602630802358278
1504537223651381259
1504486765314387969
1504462961313816577
1504202226688040968
1504201417141243908
1504182555658141697
1504148536543399945
1504092812610093069
1504078692384972809
1503866694573428736
1503808973295738884
1503504734673682444
1503450626226900994
1503092917111607303
1502072492822773766
1501794477043761152
1501374486951514115
1501326976359051266
1501280054063636488
1501278847182028804
1501183048741703680
1500917806111633418
1500528662227136516
1500484804751630339
1499873911357460486
1499871503243952132
1499870647601803269
1499811465397686275
1499415227246555141
1499400405838557191
1499200918507692035
1499169501312655366
1499168247932932098
1499156439889289216
1499121878836944897
1499076485608529921
1499042902193979402
1498893844968058881
1498714370498564101
1498474286239125508
1498101770530263044
1497759201996722185
1497699193846210568
1497656347508228112
1497639568446836743
1497611527783952390
1497360476556218373
1497360475226578944
1497360473490169857
1497360472017977350
1497360470038261763
1497329939024076806
1497252809196154886
1497010834865799172
1497010833129365505
1497010830663200772
1496955104666308608
1496917594389028866
1496697755871461389
1496641239550201859
1496593942074306567
1496582696998481928
1496541772520075269
1496488388597325824
1496279631539978250
1496279481446715396
1496220125195911173
1496199199532146694
1496176448532533248
1495947768082354176
1495136494708736003
1495136420180238345
1494821714458562560
1494782608647069698
1494712598008324098
1494692169696919552
1494686994429054980
1494464855541268480
1494464711030628355
1494409397212168195
1494112965666263040
1494000889979359244
1493997011690999815
1493656932506345480
1493621452150616066
1493366807968813057
1493363406677622787
1492720460873752576
1492628188324847617
1492577478891782148
1492573221916397569
1492567314704785408
1492236243136040965
1492221666847608834
1492006844105175062
1491941201754349588
1491610549658042370
1491572731304939525
