1534652539056037890
1534560667918802946
1534545326278856704
1534533770593898502
1534258929772945409
1534138044751691777
1533798706155294720
1533414580835168256
1533239698105171969
1533072281953521664
1533071720826929157
1532678011639693312
1532509557418754067
1532411719393370115
1532387006013222918
1532386986597797892
1532333241549606914
1532014103497216000
1531975320999444482
1531623421615951872
1531256535057416193
1530528254003658752
1530335758812422144
1530296137932054530
1530159754567458817
1529815396773244930
1529481604137099264
1529167850299985921
1529097357983375360
1528363553173929985
1528021452150214658
1528002750692446209
1527640285207007232
1527390222060638211
1527355910493917186
1527315513138827265
1527271763117219840
1527271741449461760
1527266721588867073
1527107332945190912
1526988602634289154
1526944403687976961
1526900272823517184
1526681910185017346
1526665107354308608
1526594103617667073
1526238553650380800
1525544494728347650
1525224397811896321
1525197799654055937
1525194059475824645
1525141329818398722
1524883637870682116
1524861451780997130
1524816069973639169
1524506737608478720
1524492168441774082
1524410778673156097
1524103801141186561
1524040803726897154
1523787843306409990
1523290999811756039
1522999087376781314
1522675512644096003
1522354433509703681
1522226957185961986
1521987255367258112
1521961497030705154
1521905891087462401
1521881434667028481
1521488589338689537
1520894322991935492
1520108589108637699
1520043039376429056
1519763882318966784
1519720211674542081
1519454485021609988
1519417319742746626
1519355321046736897
1519327000049209347
1519016058245554179
1517614154357563393
1517507398742818818
1517193473040039936
1516433075600822280
1516078503518740484
1515752867285635077
1515079526698696720
1515054671420968963
1514996042013593603
1514981869061869569
1514672163319689220
1514281802290057217
1514017448038703115
1513265983275864077
1512551677055934473
1512207026859950088
1511386688290967555
1511132638517637120
1510710392900800516
1510378086071783440
1510302218293063689
1509983077673676801
1509943715351179278
1509646562410090507
1509263692910759946
1509250273788715020
1508966072292196353
1508946384124272640
1508262951119208450
1507484548199763977
1507458159622959112
1507055778603184132
1506674868334510085
1506462814545887234
1506393258926215175
1505627212552323075
1504902457217871876
1504881452361691140
1504870004151492610
1504823145596923909
1504577742611914753
1504547116013785088
1504520186937942018
1504520144453787648
1504520105983680513
1504520065236013066
1504519959531114503
1504513031090364416
1504493449139175424
1504175920164319241
1504164005845385218
1504143129649324034
1504136913099362315
1504110906850033667
1503800949386752002
1503748857288699905
1503729578648477702
1503464694257963010
1503405006812323845
1503057814176124932
1502751786301464576
1502714289223782406
1502689497280139269
1502366308108746756
1502325260212969472
1501998321627545608
1501976656780697603
1501956832193097732
1501929031603658752
1501603263040344067
1501307241915457537
1501249889941934082
1501223530947817474
1501223525922734082
1501223521061675012
1501223517227925504
1501223513088151553
1500909648085282817
1500878418954567685
1500529987794972674
1500175308921532418
1500137218622558210
1499875584171823114
1499853728723132422
1499466737644879872
1499435759228624899
1499410228097470472
1499143007383269385
1499110039671476225
1499074807639556096
1499054942698582036
1498777057093894146
1498729345388617729
1498705026793025537
1498419479403020293
1498383275601141762
1498334460139511812
1498050857895542786
1498011306678386689
1497682276951506949
1497656643370184709
1497386284762947587
1497309425027076096
1497297794880704513
1497215489231122433
1496919240804286464
1496535722299465734
1496510272533667845
1496237094594826240
1496195873277104137
1495794694025973760
1495524413055414272
1495507334189268993
1495118991706058753
1495065892278845442
1494749305948676099
1494711305483210766
1494371818626437126
1494356887529304065
1494070944813531143
1493994582920552448
1493970675090046980
1493687286277488641
1493630554721423368
1493305714659545094
1493251702866198530
1492930823296720896
1492899882281181184
1492583283267280898
1492550698008985609
1492218041102446595
1492213345721597954
1492177610234814467
1492152907323650048
1491897011452346377
1491876660098273281
1491854984270516224
1491839682820423685
