1534675137190146048
1534650977776807937
1534639237873733632
1534639227463516160
1534616618671677440
1534584799477784579
1534554602632364034
1534523142445666305
1534312721709158405
1534295394473189377
1534262054651060224
1534229222759272459
1534212129695354881
1534201762466484224
1534187676622102530
1534168280818237442
1533931835759153153
1533868055868088320
1533861286378934272
1533813469463592964
1533539216453423106
1533448782809116674
1533176815707164673
1533086671046156290
1532845840376729602
1532794250735263744
1532726305325830146
1532565078360395779
1532534082340536333
1532425573070413824
1532361744332595201
1532129875930529793
1532059683975856128
1532028988603961345
1532000271601127426
1531762459366793222
1531715607569350659
1531676260946038784
1531640409717342208
1531423978706948096
1531380564195950593
1531319952850006019
1531283771970007041
1530972416423473153
1530944561928974338
1530912132614836225
1530621183254794246
1530549845768937473
1530308008852570113
1530266670018723840
1530259446101905411
1530190855486709760
1529954287895339024
1529890117187518464
1529828460872577024
1529594417618866177
1529564781199302658
1529467328106217476
1529207748617027587
1529173608874102785
1529170096232570881
1529163149257105408
1529102428318183425
1528860834109210627
1528831741720502276
1528808179122987009
1528743810309693441
1528470767884718080
1528375396017876994
1528092260885069825
1528013074598338565
1527792544121344000
1527777037473177600
1527774933757173760
1527740676351352832
1527712011160801283
1527654139047596032
1527412544813641728
1527387618039808000
1527355911706185728
1527350222476587008
1527328683194667009
1527306666617675776
1527281215673249794
1527276645597339648
1527067663926714369
1527032522814722048
1527008084643794948
1526992255847915520
1526964437957091330
1526943716602220545
1526937150079369216
1526914270339932160
1526704120534638592
1526687927920644098
1526649258342027273
1526624293177675780
1526586595884863489
1526573230097588229
1526556466273992713
1526322860914102273
1526264156520861700
1526259989060407298
1526203322994151424
1525838685106749441
1525571664288808962
1525476371480334340
1525222098527985664
1525197184987168768
1525161700978089988
1525133774639583233
1525102319456731138
1524888409038282753
1524868402719997974
1524862982261555222
1524830409665789953
1524788893932994560
1524780617052848130
1524768871458217990
1524738681025798150
1524529797371674625
1524520988486078466
1524494414365745153
1524480623133478912
1524418223856357378
1524389602072670210
1524377551115890689
1524168369536122880
1524160066106101760
1524089391655931904
1524027747173117956
1523788662521139202
1523728263390060548
1523664549471301642
1523392387153743872
1523302091040890883
1523030001310142464
1522939545154695168
1522698985827409921
1522659691138101254
1522649345853640704
1522638586599948288
1522614098986426369
1522614044561137665
1522581958018179074
1522340367168905216
1522296592384016393
1522219577832181762
1521977978967760898
1521917588347011074
1521855932724097025
1521617112950878209
1521615594625601536
1521584135332114436
1521573345426395139
1521560928336162821
1521494788758855680
1521487104273965057
1521250687891484673
1521199454795218947
1521132410376798211
1520841741816979457
1520775052177903623
1520520877938552832
1520463150948261889
1520407633202663424
1520147167381532674
1520138351226941440
1520137503780573185
1520120746458112000
1520088028160667649
1520079216607432704
1520059089228906501
1520046502281895936
1520028894723772416
1519821512982810625
1519788558785077249
1519759610986606594
1519739887729184768
1519695441847369733
1519686909404102658
1519665241591795713
1519457626966351872
1519394715275304960
1519367025923088388
1519335567904944129
1519304118543736834
1519302336648200199
1519301486504812545
1519094975375552519
1519063777970429952
1519037356954771458
1519000861984370690
1518990790936215553
1518973181175992320
1518946756272218113
1518715237687508994
1518703060205416449
1518685271289643010
1518652315695296515
1518591922708832258
1518408355705982977
1518336483014455300
1518233305082212353
1517959004022059008
1517867143643250691
1517626817947095041
1517602899697799175
1517567672329908224
1517504761389633536
1517266943396528128
1517242346924089349
1517214668183515136
1517213476372025344
1517204023002161156
1517146176398651392
1516905807077683200
1516875607690432512
1516857627606716418
1516844156336803840
1516835365964943378
1516812695634391045
1516781238283026433
1516542406040064000
1516511836354527236
1516495824045412353
1516495811516977161
1516477095316058120
1516450317516296194
1516431132639780886
1516428557068783618
1516428397798469647
1516417595934715917
1516177249937940482
1516145291099058185
1516120354946789378
1516119699125329926
1516119683740704768
1516119658881032198
1516118120712257540
1516087926664450051
1516057724324298754
1515787188675481607
1515691816041000966
1515421041174233091
1515332945996918793
1515091354862374913
1515057421600894978
1515032708350623756
1515005786753277954
1514969300251123721
1514731473135443975
1514701287819984901
1514692348114096128
1514666048947171328
1514637109038100485
1514610949201678347
1514606910846078985
1514368330299289601
1514336379421040648
1514304920350044176
1514275987416133639
1514247038153773057
1514235190528389132
1514005439288995841
1513998372109172736
1513979022660849677
1513976224728686599
1513959942495129601
1513943045552623622
1513941276814680067
1513912335911559173
1513896607208591368
1513880877369016335
1513857272606253057
1513611603132002312
1513606859428667393
1513606841976164352
1513578884704489481
1513556421375406080
1513522262745522176
1513269609482358787
1513159874791849992
1512870468012892162
1512802521852612623
1512555899197534210
1512538279857508352
1512524430370557953
1512499013257293824
1512436753344475138
1512192252696748040
1512162099727851535
1512140651697098755
1512122129646592017
1512115595340390400
1512087812820008963
1512060148734431238
1511850238109233158
1511831117950853121
1511813067977408526
1511782514255302658
1511766657412304900
1511737378658045959
1511711581662547972
1511692714999529472
1511482572026621956
1511457407599366147
1511421658120302598
1511393233137541120
1511382550584963086
1511363043548143617
1511356839203647499
1511356820115316736
1511349195017527304
1511330321291223041
1511105078106591239
1511064011034480643
1511055133337174027
1511006510935072777
1510983035549794306
1510629453344428032
1510342563718385670
1510260770591944713
1510019178304000000
1509986466247626757
1509962555552415752
1509937851705827329
1509933004000534537
1509915237939568642
1509882028346466304
1509670635617800207
1509645467868708872
1509626541751377924
1509585071774351360
1509549839578812425
1509536042780704779
1509535933011529730
1509535917220016129
1509518381044707336
1509306987779133444
1509294404753834004
1509278013350989830
1509256396688093185
1509230983702360078
1509208581513482245
1509207456844587022
1509193749733195787
1509172352671797259
1509153755895414786
1508951134999773188
1508918176091975690
1508904661595656198
1508884375970189320
1508856523098927105
1508826322436567041
1508813743614009357
1508793603841273857
1508584720778633217
1508559571845103623
1508525596044931083
1508507975111041047
1508494138420903941
1508481584046948355
1508462180227813388
1508449832171708421
1508429699633934336
1508418287755010051
1508126782779801605
1508081606057201669
1507800813984440327
1507704224980901892
1507459817010388992
1507447837289758726
1507438427964424192
1507421556644859909
1507379221374681094
1507361670246580230
1507349869652025347
1507319308212490257
1507125109903011845
1507095838207717377
1507060930114334720
1507047794464509959
1507044457102950413
1506998033321443329
1506758946710827009
1506731264858075145
1506723836418564102
1506704102008528898
1506700052185731074
1506677548553486338
1506635645984378887
1506631307601846272
1506393784103456771
1506333655798632457
1506271989090197507
1506249806548713472
1506243342367141890
1506033912933277698
1505988117991460872
1505973100600610823
1505908346230120448
1505590129435496448
1505544947180654598
1505276681115865088
1505230546942709766
1505175728744239107
1505167511813296136
1504995381846978566
1504930657658671110
1504911546606047233
1504895676794261505
1504872363548151842
1504805130486620167
1504598462423347208
1504567010658852870
1504537049898041345
1504527314494840835
1504511641785880584
1504491509097320451
1504477678799233031
1504466747558141958
1504466356120473600
1504446704531251202
1504233556104687616
1504224748116533257
1504204615553892355
1504172648456196098
1504141703724347399
1504129129964318720
1504118172957425668
1504112763953684480
1504103164999516162
1504102510239404033
1504084568185266179
1503890386825195525
1503858585201217539
1503829652950953986
1503797493242507270
1503736538340941832
1503497462656417800
1503464740428955655
1503433286667976704
1503401800405299208
1503374137745567749
1503123388885356546
1503122964090437635
1503108637346181122
1503093612170645506
1503008097828278275
1502758832799248386
1502741076100227073
1502707249239711752
1502673963440386052
1502645930343993345
1502421610686464002
1502396463850176513
1502377583056461825
1502358699339247617
1502331020275859461
1502304899144503303
1502303339303866373
1502083179280273408
1502075586658934788
1502059222481072130
1502034211179487244
1502032807526379521
1502010616130809863
1501983219708743689
1501982120234917890
1501982088328888324
1501958036373581825
1501939715993333775
1501714465578012681
1501677181809868800
1501634001320222722
1501620682697940996
1501591152511918080
1501590067281899522
1501563463419805705
1501353329129050114
1501338227617185792
1501319360983535622
1501287835592183812
1501262353882660864
1501260221905317891
1501255758800957445
1501238993626750983
1501238960370200585
1501230017094856706
1501205423784869896
1501202380830003209
1501199821008429058
1500997500446167045
1500990943398436865
1500973324033273856
1500959683649155078
1500939745706319872
1500896309837852674
1500865144296980482
1500853453576417286
1500595839139467270
1500561970130563072
1500544625412608001
1500487626138300419
1500231745454678018
1500219799514800134
1500217093307961348
1500109073437630473
1499888679380299776
1499861001767993346
1499845895583588360
1499842950448177155
1499824504742334465
1499814031716143105
1499813778766155784
1499796823912943618
1499762855993827334
1499531325811965952
1499499704664657932
1499464633672998943
1499441244044410891
1499434620009463820
1499413041464627201
1499389137966837760
1499152579451932675
1499136226913398788
1499118606319247365
1499100988459917317
1499100227122438144
1499090921316663303
1499080628280700928
1499080617954271245
1499059355282554882
1499046794826813446
1499022214926147585
1498883016650891267
1498829726181478413
1498790927959216129
1498770065990328325
1498754890172178432
1498745104491859970
1498725505893285893
1498710658157740033
1498695810237620244
1498678208304140293
1498661847867838465
1498444152102600707
1498420333753380865
1498373697937231876
1498313302878916609
1498040283283480576
1498001927283646466
1497965046420459525
1497688493497241603
1497684233967620104
1497683687772721155
1497662887611047940
1497632843576623104
1497573421059874821
1497375882842935297
1497351960663662596
1497320823207694338
1497287788227702786
1497270987393576963
1497257591524794368
1497228653591248898
1497200407864655879
1497195935671197702
1496987056379203584
1496960635736936448
1496926663678038018
1496895202279182336
1496867521542209541
1496831030598062081
1496654868441927687
1496640509456039939
1496628449984794624
1496596987411632130
1496564275556626433
1496561639973433352
1496530328881610754
1496502616720871426
1496255994590072840
1496229514493505539
1496186839513849866
1496138735733424140
1495778816886775815
1495419225670053888
1495035781013983235
1494846413900976131
1494812730137661443
1494756101677453313
1494689411711348744
1494682181238546432
1494450344818053124
1494430619610202120
1494392460625301519
1494357231097290754
1494330810178039826
1494091741498163203
1494070021902856192
1494064178423681026
1494063925427535872
1494000622068064257
1493969676187148296
1493850548818354177
1493758863769698308
1493695539535179779
1493666428213420032
1493657025258999808
1493606034295988238
1493385213174448128
1493365695484211207
1493347637390495747
1493347610035253251
1493241118305173513
1493126620210774017
1492970591376363520
1492877480490905600
1492609461734756360
1492499073953415169
1492272315140296708
1492220655265366020
1492148327940603914
1491855745435979784
1491850012296425485
1491794093504032775
1491620037618192387
1491551246171394051
