1534650763204517888
1534650630857543686
1534650530785595394
1534650445897121793
1534650245954641922
1534615245515378691
1534593999192875010
1534283937173880832
1534271868521394176
1534223183561244673
1534203189049937922
1534194554118742016
1533858570466480129
1533838582917517312
1533837806719717383
1532814716015464449
1532732387045556224
1532408140880351233
1532407940283518980
1532407683399266304
1532165949041917953
1532054223751467008
1532043116529733633
1531736472478437377
1531736337967104001
1531690223784103943
1531690130716647432
1531649788151734274
1531342470071599104
1531341334174482432
1530304471061889024
1530227712635305988
1529911481856401408
1529850428346839040
1529839182708867072
1529561070989414400
1529499082393264130
1529488984103059457
1529212364914102279
1529150178179047424
1529108060895072256
1528842705752686593
1528834581000032257
1528784002420711426
1528745199685484544
1528451243810689026
1527772623924600832
1527725928972967938
1527725629671673858
1527724671088615424
1527710752890449922
1527695659289165824
1527692253409443840
1527684466528948224
1527683718827098112
1527661616136871937
1527374474810535958
1527342775456628740
1527103094839967751
1526997776885751808
1526997675438120961
1526997566478598146
1526991115135639553
1526975905351864321
1526967942939914240
1526952059798441989
1526750605385023489
1526687785700184064
1526654405663428608
1526623592879861762
1526595235593207810
1526544311839559680
1526345396221530114
1526283764753645569
1526255736220790784
1525616843469340672
1525213705377615872
1525189628277538816
1525159362180042752
1525139897463578624
1524809139003826176
1524777738904674305
1524764963969060865
1524489767076904961
1524486164622815232
1524449267619823616
1524380780188913667
1524214127203430400
1524211583429353473
1524180750580727811
1524180555381760000
1524165290602508288
1524124618461691906
1524110216266141698
1524007595962380289
1523763515022008320
1522942340754771968
1522941068290904064
1522665896161992707
1522637691761930245
1522313146563809280
1522275878549532679
1522248926178549761
1521956670355685380
1521940852121161730
1521560329020489732
1521519730833735680
1521314159593414664
1521308678103654401
1521191049066168321
1521182297785044992
1521164723948953600
1520090109303050242
1520083763795054593
1520055018593914881
1519821288071733249
1519796895891267584
1519755938772705280
1519727242385010695
1519723728623525888
1519482520668155906
1519469081686073344
1519457826221039618
1519428850165456896
1519407736009773060
1519377084602150912
1519336284694749184
1519069725132742661
1518990719121305605
1518761044411400192
1518726345068580868
1518697727277912064
1518697725541466114
1518682820981538816
1518648735500230656
1518631480951558144
1518293822006042624
1517598707629309953
1517588053824577536
1517575782125785088
1517552033229942786
1517552032303005698
1517552031346696194
1517552027563397124
1517551958810320896
1517508274496716800
1517215861353992193
1517184689810849793
1517172834052845568
1516852225687101452
1516519208716222466
1516487633316335620
1516476490266861572
1516445811600728083
1516420479254511633
1516164075952254977
1516116082913910794
1516083892423471106
1515703598180667396
1515388485070434310
1515388483258535936
1515110920812441610
1515059045614374921
1514999752177422336
1514967034714537985
1514645068115812362
1514621113099296774
1514349818231013383
1514322488397864962
1514314602527576066
1514247187579944966
1514235177970634758
1514018029398601739
1513956966644736014
1513915257567293450
1513911538574368774
1513899965105733633
1513671802945474560
1513668170430750722
1513667831921090567
1513593023950696466
1513578171354042371
1513530478325862401
1512813593112289285
1512813590604095494
1512517595844562952
1512468129334579217
1512464651963052036
1512431720720740358
1512133209009631234
1512099549648719875
1512082859867074561
1511901109509578758
1511842270685065219
1511841603924733955
1511803195449823236
1511802409605021698
1511751326874873858
1511726692901044234
1511724328081293312
1511701879213940743
1511471117894144003
1511444024493756420
1511442367538151432
1511418561331347463
1511415099621269504
1511399502833496067
1511377129124118530
1511353107795652632
1511353105434165248
1511338953214996488
1511157825103351812
1511078970145615875
1511007395383754759
1510995546986721283
1510398506384695302
1510259057306779650
1510014800797085697
1509972201629523972
1509943490544820226
1509918106537246721
1509628908475457548
1509572134040911886
1509219284802752525
1509210990835027970
1509161262801956873
1508953996861616129
1508949325816205312
1508891632682291203
1508849314294083589
1508812912839860226
1508554077453623302
1508535230562549767
1508521848497131524
1508458860998234112
1508445206210883587
1507487858046783489
1507412117322088449
1507410022417973274
1507407869146185736
1507113628142645256
1507111386836570114
1507106157881610246
1507050684734185473
1507035467300093963
1507019726391758849
1507017713914318851
1507017530501525506
1507015330484215817
1506994973828423688
1506751542728310784
1506749933835202564
1506744683489333248
1506699689483292675
1506680215879274508
1506657613026676736
1506434065276321796
1506414090322911236
1506411566652084225
1506374796354932747
1506374553282428930
1506374415717740550
1506344274908098566
1506339535197814789
1506313064186093581
1506312085898252298
1506256904649068550
1506056579837317120
1506011166380019712
1505989091938258944
1505981266461667330
1505943818679562245
1505926868486262787
1505914435151532034
1505226924855078921
1504972833146998787
1504965535108325380
1504965229603610630
1504945894411669504
1504927775572041731
1504853936435572738
1504809219601563648
1504579323675791371
1504541585916280832
1504519369220632578
1504507976039780352
1504494731694329856
1504475973672050692
1504246995204071424
1504237050517676036
1504235564333244416
1504216754767204360
1504202333303066625
1504191414481076230
1504187367174856709
1504162222242770946
1504150164403019794
1504115323729072128
1504114944140263428
1504086744978923521
1503864879819669509
1503857598910668801
1503851872045699073
1503812007702708224
1503773521087971334
1503773199586271233
1503738879991504899
1503528857697144838
1503523412454649864
1503521002562670604
1503518965477302272
1503504464791097351
1503503584968818693
1503503233288912899
1503458140892938242
1503455891168841737
1503397392560832514
1502816888098799622
1502719882437222407
1502686372104216582
1502452432260980738
1502450571957182464
1502436045538971653
1502420748975149059
1502393646095781891
1502348563937910785
1502307833475477509
1502085455529103364
1502084172936007686
1502061473593536513
1502045464430063618
1502040340068507654
1502018170634211334
1501974981772726277
1501974976014041090
1501974970406215683
1501974642826829827
1501777692261236744
1501772168924958723
1501770670908313602
1501656410542772229
1501656052571463684
1501655389665964037
1501634297207345153
1501568018362642444
1501440062273335298
1501364476116971520
1501353965451161601
1501342206681964556
1501322923625226240
1501314105516437509
1501312519293399043
1501299035860348928
1501288264229015564
1501285598358913033
1501280747772162054
1501277699393863684
1501258133653671944
1501240600074596353
1501221420734504962
1501006478324518915
1500985024841240579
1500985023721263108
1500985022739890188
1500985021380845572
1500981895869480964
1500918445638103043
1500912493106974722
1500873359055327232
1500648060015321089
1500631414835982336
1500591027970842634
1500197427772547074
1500152750675529738
1499867181131182083
1499849595911913473
1499801949746696200
1499798931676532743
1499519628489498624
1499488033292406787
1499479034736091139
1499472757511307268
1499423122126168064
1499191473069252609
1499190378251141121
1499151305717297170
1499147368968691719
1499139100775002112
1499138794255233026
1499131274044350476
1499129452676141069
1499128702092955650
1499068579781746688
1499064726747336710
1498859842987040769
1498856818495348737
1498855832028696578
1498854541323816965
1498853551681982465
1498853237130244099
1498852781012172803
1498851008927223808
1498850875523088392
1498849534922924040
1498849281909968901
1498847649386143745
1498845115984527367
1498845076394586119
1498841416826564612
1498840392703352835
1498838474312531970
1498832918881439744
1498830792704806919
1498828074028355586
1498790460000813056
1498789250581598210
1498732811804680192
1498732794717085700
1498732789419888640
1498732783858069506
1498723689076039684
1498678296325902341
1498676856102473729
1498456843592642567
1498440118876704772
1498400495182000135
1498397624289927172
1498385541494198279
1498381789429174281
1498380831538122755
1498375137476886534
1498060940436295686
1497386198137913345
1497378161440477189
1497332741855195140
1497316975349047302
1497316184940756992
1497316183468613644
1497293054323175434
1497271678237245444
1497253760602624009
1497248833331503123
1497211821543022592
1496983475865411587
1496959146930974722
1496934242764443650
1496919164900061192
1496914556228145153
1496909404834353164
1496702925544038405
1496695500497731584
1496609226671726603
1496591042363146240
1496586646254465024
1496586328045203459
1496583906920964108
1496566013046964231
1496546812420931584
1496546805244481538
1496546800794324994
1496546794599243776
1496544139017605120
1496285632762630144
1496283181217202176
1496280415249780739
1496236568046194691
1496190933674700807
1496178136496619526
1496164579386310661
1495861601924227072
1495850759832981508
1495845322614050835
1495844003731890178
1495843116355665934
1495821101699670028
1495148810615599107
1494849004810780672
1494796069238099970
1494777393701138444
1494744384029483011
1494729911914876929
1494702003255234560
1494461241548578821
1494396059543646211
1494389978423603201
1494389975785345030
1494343513013686284
1494322666269859845
1494089465064738821
1494083593127317512
1494074589508423687
1494024004834934789
1494009775922847745
1494001819378462724
1494001812894015490
1493986960955879430
1493761298395549696
1493725861408919554
1493657950694658048
1493622439229722635
1493380839685738502
1493346814262595586
1493283205046226947
1493279713581838336
1493277615943258115
1493261537305415683
1493259122212577280
1492930462540615681
1492547044531183616
1492517504123650050
1492515194433585156
1492308401757507591
1492253005953085451
1492252766370209794
1492232102569517056
1492202993315454978
1492186842027937797
1491928832538034190
1491870639896072196
1491855685813997575
1491804154553147395
1491791269290405897
1491533535039180802
