1534512881840054274
1534164353058017280
1533820560467271680
1531994846054981633
1531633282697285632
1531270330328793089
1530941546601783296
1530612263513726977
1530301752741965831
1530301706524839938
1530301632046678017
1529928112733143049
1528739917886631936
1527661141756887040
1527295042527842304
1526913902461833216
1526572719655079937
1526297305405698050
1525537324033089537
1525076056482390016
1524801679065063425
1524419608161177600
1524092983519424512
1523266895268687873
1522340342917472258
1521934702076116993
1521546708521472000
1521122474842374145
1520110895816482817
1519717588334489600
1519013637159018497
1518639592144089092
1517510289939472388
1517132546009710593
1516763417272631301
1516429317965856779
1514593325860462592
1514271897839673350
1513879557291577358
1511776399719374858
1511748562425729026
1511403381054656515
1511084729071771650
1510053434111758344
1510052720371249161
1509201688032382977
1508956631064883203
1508878862096216065
1508878201862467598
1508467775865606150
1507407399736467470
1505986699175809029
1504844967851839489
1504550917814857736
1504550714797961216
1504550570211917852
1504163470069149704
1503823435847380992
1503389781224562690
1502388967353864202
1501615906560086018
1501210133585702924
1500867238374658050
1499410919960588288
1499410830743457796
1499410598970408960
1499162944902512643
1498783715081793547
1498042291004530690
1497341642914865156
1496979581676527617
1496570686902607872
1496570644187787273
1496568624789835783
1496196315339968519
1495079104277790725
1494726197082824712
1494710424100642817
1494701111357358086
1494700534749704194
1494463910476488706
1494375214314139651
1494359080038711300
1494022100650237953
1493645487366418432
1493281447112847361
1492198459771871235
1491824461632450570
