1534684196865576960
1534665573946122241
1534643931924733952
1534622540584321024
1534597375032844289
1534587308372111362
1534572442848477184
1534572440915001345
1534555261507186688
1534340683703758849
1534326842018111489
1534306709421817860
1534282801888890880
1534257384800931840
1534231212084142084
1534210830853496833
1534193303956115458
1533976533911601152
1533955647175159808
1533930481380630535
1533904056120356865
1533883923725373440
1533865052037648385
1533847434916352000
1533828382886182915
1533659173296164866
1533608821985271810
1533588176400523264
1533559136901816324
1533547399376953344
1533251002937270273
1533227850635128832
1533200671532523520
1533174247811596289
1533147823432081408
1533120265470849028
1532888615432245248
1532863449495064576
1532830735211540480
1532811525739642881
1532782882846023680
1532764180071256064
1532528744316936192
1532502320222699524
1532474637661089792
1532451379968720901
1532407225393811456
1532387095276314626
1532165098764214272
1532146223653629952
1532124832527069184
1532100925241925633
1532075759736541184
1532050593287643140
1532030461698088961
1532014943314272256
1531793901777956864
1531764961277526019
1531736020651110400
1531708338756636679
1531668073249374210
1531311976680411137
1531059059968835585
1530994887054835714
1530934490020945922
1530712526366834688
1530677797529604098
1530646340266385409
1530621426276913152
1530593492082253824
1530572103824515075
1530398459907301376
1530355675053887491
1530335542289653760
1530310376595898370
1530283952719777798
1530257528298295296
1530229846395199489
1530207197208236036
1529993790466949127
1529979445909639184
1529961830226857986
1529940439624826902
1529899167023108096
1529871233457741824
1529846067503587333
1529625362761584640
1529600700459716608
1529574276247998466
1529557542346674178
1529550368576663552
1529525202807312385
1529501295517761537
1529493030562045954
1529477480712753155
1529213751697805315
1529181689313800193
1529156970074234880
1529152749480202241
1529134817740193792
1529131358408257538
1529114726411685891
1528907381945556997
1528891024105476096
1528863341837529089
1528838175732314113
1528813077692555272
1528811500017704963
1528787844650737665
1528762678415605762
1528749497932730371
1528535934182072320
1528516304797171713
1528493404044136448
1528469496536543232
1528443575830138880
1528421359705116672
1528177993130156032
1528173798138298368
1528147373871943681
1528120949903589377
1528100817114308608
1528069360090337280
1528055914430865410
1528036964292763648
1527812669004185601
1527794046973816833
1527776178404212736
1527754787181285376
1527727105558970369
1527700933890691073
1527672578860630018
1527450282292043800
1527425115343814656
1527398692063391748
1527376042859474944
1527358425922883622
1527334518113423360
1527313531670241280
1527291748229058560
1527085376355155970
1527071535147716609
1527050144935469056
1527022461799256064
1526994780751904770
1526968355667775492
1526949481165381634
1526931511324336129
1526871451005071362
1526731796854976513
1526715440298397696
1526696565775093760
1526678948398112768
1526660325424103424
1526642458758524928
1526626101346320387
1526615530580344832
1526599927463194625
1526582740551884801
1526365633511931906
1526339209606311937
1526319297240485889
1526307752779190272
1526275037090684928
1526243579454177280
1526227289595424768
1526217715224043525
1526002147669725197
1526001484223086592
1525984874754101248
1525950397470351366
1525916423838650368
1525893010071879686
1525880982020169730
1525839056508227584
1525640857931726849
1525615692807974912
1525584234827612169
1525556552853295104
1525535585007435776
1525506441880256512
1525277211774812161
1525253304510345217
1525224363745693697
1525199197875609601
1525171515460923394
1525146349783633925
1525135221317935116
1524938681341059084
1524919857552031744
1524906016135172127
1524895949570691073
1524877075823198208
1524869525476368391
1524858201518358543
1524839326349070337
1524821710884642816
1524817224795561984
1524806611503484935
1524801470704541698
1524553694406234118
1524546144512004097
1524533562405318656
1524512170695921666
1524498329589239808
1524496721941827585
1524480713894080514
1524459323048476680
1524441203248410625
1524419069356691461
1524407764914741248
1524193823282241536
1524182498615382016
1524159849470337026
1524140975064506373
1524123358673088513
1524106246244110336
1524087371918188552
1524061702463139840
1524045005752578050
1523832693498138624
1523820110493806592
1523803752917995520
1523776070339596289
1523745871376039936
1523729514232049664
1523709392092372992
1523686945271861253
1523445139695280128
1523423749562806274
1523401099759153152
1523377695479848963
1523352026528186371
1523333437767127040
1523094076559708163
1523062619245924353
1523031162154717185
1522996181449682946
1522970630185967617
1522730430557999105
1522707781048057857
1522682620202524677
1522657449433522181
1522634800384942084
1522617939291262976
1522610271923187715
1522595776630857731
1522381883912318976
1522368042545594368
1522347909747937281
1522324757450002433
1522303869836947456
1522287511883501568
1522268637742223363
1522248505720455173
1522231851758325760
1522013204460838912
1521990555424595969
1521966647728168961
1521961583957745664
1521944000055414786
1521924117422870529
1521906249834500097
1521890646944104448
1521868648700329985
1521655346330230784
1521633201415929856
1521609292800921600
1521584127450918912
1521565756294668293
1521548933528539143
1521547636691529728
1521530020602208257
1521520081884352513
1521514174261641216
1521477742054813696
1521291196928303104
1521268295986552833
1521235580398407681
1521207898000424961
1521186507230375936
1521167633420279808
1521152436416696320
1520928557253357569
1520894583827320832
1520860297262678020
1520826083855249408
1520803482189680641
1520566169798914048
1520541758731423744
1520520870984265728
1520498725042462721
1520479197520703495
1520453927417827328
1520431167606038528
1520202523943919617
1520182138942894080
1520162258763980800
1520140867360595969
1520119476036849664
1520101860560019462
1520081728127180800
1520064338995859459
1519843407018950656
1519817737878482944
1519792320765476864
1519770929596973056
1519754572251680768
1519735697602748423
1519725190233698306
1519714621728477185
1519690521492570120
1519484039400468480
1519467681518260226
1519451329344679937
1519422383039295489
1519397217148186624
1519379097469685760
1519361985279930371
1519341878902206472
1519116618206490625
1519099505446109185
1519081889591533569
1519063770261336064
1519051189119332352
1519041120814182403
1519019729666543617
1518999597808463873
1518982447496679432
1518965422317518849
1518754230152187904
1518751731965902848
1518727051334742017
1518701382034882560
1518678733183410176
1518654827617693696
1518637209766739970
1518616763004596227
1518388067488444416
1518365418892795907
1518336729182220289
1518311815150813184
1518289042118434817
1518271932122210305
1518024422552182784
1518004288731197440
1517972831912480772
1517946407537184769
1517913691949256707
1517891222970503169
1517672099841781760
1517659013554577408
1517644417368301575
1517628059750260736
1517606165462487040
1517587794402504704
1517565145374859265
1517541873514127361
1517515065183850496
1517304678639362049
1517282029447966720
1517256864135737344
1517230439508832256
1517214081710759936
1517202289668366336
1517198911143829509
1517192519548821510
1517165855876034563
1516942290853400577
1516930424982933506
1516919138475782146
1516900767617232899
1516866793310097409
1516841627834146816
1516820638740193289
1516797314802892801
1516579902987800576
1516554737155338243
1516524538854625282
1516499374326509569
1516485925064351749
1516477478533017607
1516447783372443663
1516432219455332372
1516426894232756240
1516218773375700994
1516202415594352650
1516182031327236103
1516160892202721280
1516128176467898368
1516101752474505222
1516073169743921152
1515706648798502912
1515490222649188353
1515465062194069506
1515435864960163840
1515407176038244359
1515375718619705345
1515353718505582595
1515352844156780552
1515122801862008837
1515098894237155332
1515074986783948803
1515067597187911680
1515046046178623488
1515018363747008513
1514989002444652550
1514767460305678337
1514752864186380309
1514731473328386052
1514711340807458834
1514687684769300483
1514668559107964930
1514660584020746242
1514653322476720138
1514409351074656258
1514387959927095296
1514367827213381632
1514358166305312770
1514343919919710213
1514318754523451395
1514296104610717696
1514276567966523397
1514051026814447622
1514045201093963776
1514026830109429763
1514014247398780929
1513995372997263366
1513982790072606724
1513971465863016465
1513958882736934913
1513941267109060620
1513938171070980102
1513899144875757570
1513687839480946691
1513687836754649092
1513683316804763648
1513670733649481732
1513655634268282880
1513639025206337543
1513620402400112650
1513602785912111106
1513589203443101697
1513563025189621762
1513548806780071936
1513319670698307586
1513299538009862147
1513276888785035266
1513252477675528193
1513234106779324426
1513221128281538565
1512982488385269760
1512938354429550594
1512910453260918794
1512871334405156865
1512849751020089345
1512810033490370564
1512593133082656769
1512568470616956929
1512537013878071297
1512518139006709760
1512494231834738689
1512470323878371331
1512442641664913422
1512235023730192407
1512219924252569624
1512198533209808897
1512172108889030663
1512145685243650048
1512120522460389396
1512107935979106305
1512099748022521867
1512080864980574221
1511892439262498817
1511878928293498883
1511869615919415298
1511857536370049028
1511812913136291842
1511810224289730563
1511792860034748425
1511775747278581765
1511759389652357123
1511736740788281344
1511712193229828097
1511508485946503171
1511490115155152905
1511476274010722304
1511451108161466370
1511427200611872771
1511406796170317825
1511385441307607042
1511362799418621960
1511353811994091522
1511340442251575297
1511145343290949637
1511125211143233552
1511102094639521804
1511100548207955970
1511073620809854976
1511063855702675469
1511052985039826959
1511040655090495488
1511029903994544135
1511003834121953284
1511001209032826896
1510822100923293696
1510798806522159107
1510743948385415168
1510712307978051588
1510696567069626393
1510635538017136644
1510617890256523276
1510600852209291267
1510452822122405889
1510443988008026114
1510418439097262083
1510398835092246528
1510362932315623437
1510341381440557058
1510283684389208068
1510252751091118081
1510060696645603334
1510041821912567810
1510022947792031747
1510001556522897410
1509986457108328451
1509975441540632583
1509965066375864324
1509948708577755137
1509941689355575299
1509931093499162627
1509909275258327043
1509692017198075947
1509676917422653440
1509656785287671815
1509638820043673602
1509637910781313038
1509620294260084738
1509608969718931474
1509593694311231494
1509573737657552908
1509557505868902401
1509547315819954179
1509521896336896005
1509334158828466181
1509326569344577544
1509326519931396104
1509318304413863941
1509303205217259522
1509297886198173698
1509297301164118017
1509290389185998854
1509276780758151168
1509274429137862660
1509274426369626115
1509257906537078787
1509241425891897349
1509233495582806019
1509210092062711812
1509200032104423429
1509189958904463364
1509172018381570054
1509134104377413634
1509012101502808068
1508967241445912579
1508943333971959814
1508914393169350659
1508890485674450946
1508867836911005703
1508862518197989378
1508846832935440386
1508846830032932868
1508846445205413893
1508813362221748227
1508604853546885120
1508582204040904704
1508554521835884547
1508543027719155716
1508530614428917766
1508512998289117184
1508492865722359819
1508473654782447624
1508247502323175425
1508229882727129089
1508205723473399814
1508180809534132226
1508159921564442632
1508138997549305857
1507880077572288515
1507858435013980162
1507836037464137732
1507815149758996483
1507803321976836097
1507791997184086017
1507778174486257669
1507748102681333775
1507572661429354502
1507513914963152902
1507493782563921920
1507474404485312520
1507442192150794242
1507425079696793600
1507406960123031556
1507388275706761216
1507159076731592705
1507136427489783844
1507117886929879042
1507116798876999681
1507102506802896899
1507094903993643017
1507081063344005128
1507081000274309131
1507052122428346369
1507035616273481729
1507019964347154440
1506792914235523072
1506770264750657537
1506740065870893060
1506716409996484613
1506693509637627911
1506667084935278601
1506666180861652994
1506657981080997898
1506643471611879437
1506433042759532547
1506414168500441090
1506396552461373452
1506377677996888064
1506360066596814853
1506345481630322693
1506342446053134340
1506324830018232324
1506308472203190275
1506301901893255168
1506293372759158784
1506280564231487492
1506066125141909504
1506059988330033156
1506032906199732229
1506003965858701313
1506002804300726276
1505976283338924032
1505954892690518019
1505922550962008072
1505709525378031618
1505689392656003072
1505667498351505409
1505645352468234240
1505627738257952769
1505606721670156294
1505589203547140096
1505397640900616195
1505342426239709186
1505332037967831042
1505303100436844549
1505273401841229827
1505241440917491714
1505225083278798858
1505201591095332864
1505017943251374088
1504973425013448707
1504949517552074753
1504943943749971968
1504938192956538884
1504920577231917058
1504918162554462215
1504904219198951428
1504885344814182403
1504867728577990694
1504849981097795590
1504623116785397776
1504606308980436993
1504602229176774661
1504582692037353479
1504579580190814230
1504558692326379534
1504543089477697536
1504525976738295808
1504525725084405768
1504514148872470529
1504503550398902280
1504497274147192832
1504470858022019072
1504441835741237256
1504436091021103108
1504256199017078787
1504237324619722765
1504234437734592512
1504217192350556174
1504195800938659840
1504178688421728256
1504165601920512000
1504148489458135050
1504132888060649484
1504125768045146130
1504112824624238600
1503897586041643011
1503878711547887618
1503864367166767108
1503860646777081861
1503854840337907713
1503847254477615104
1503833413631025156
1503817055547494401
1503799439374266371
1503786856579846151
1503777903967932423
1503762423475580938
1503745773745414153
1503552814504570884
1503534038107275264
1503532681539334145
1503515065592520712
1503492416535470089
1503465727197655051
1503463475581882368
1503453347285811209
1503431663057051656
1503416979075567619
1503381701921284101
1503172810130219012
1503160494542184452
1503156452365463554
1503141353085186052
1503119962050732034
1503105366980235269
1503093537797140481
1503087386657492995
1503076592624586758
1503049504366514179
1503034937917808648
1502825521855578123
1502799097702531072
1502794075145179146
1502781808697659397
1502769402143518724
1502766847451615244
1502736686899507209
1502708501151301632
1502680673080983554
1502505401073508361
1502463134086410242
1502436709975293953
1502417070272700421
1502408020906713094
1502378828491997185
1502352404481642502
1502329755718324226
1502315973700898816
1502105779779760130
1502089421532766211
1502076838516084736
1502059725852086280
1502052427716988929
1502044123678846977
1502027010826145798
1502014930588889092
1502003857592774658
1501991274814967828
1501985747401953285
1501955723797966862
1501942188355174402
1501911529754710017
1501757653126717440
1501736596608933889
1501715709084127236
1501695218269237254
1501691801542950912
1501671662726565895
1501670158997225472
1501659086068371459
1501652171363950596
1501642882675003394
1501634423917203457
1501617814062477319
1501599947069743114
1501587249321943043
1501375970451673091
1501359613018529795
1501337970099556352
1501322619307626507
1501308777592549376
1501306753526415361
1501293426746167297
1501280088993714190
1501264486262583301
1501251396364120064
1501249962683809792
1501232402265698306
1501222914552901632
1501029757995073546
1501021738548793344
1501017105860214786
1501002258003156998
1500986655108481024
1500973065739640832
1500957462798626816
1500939847225294848
1500927254049738754
1500925502395011073
1500907886083411968
1500894883925606401
1500870214845702148
1500654717822808068
1500638612160860160
1500624267385483269
1500617220681920512
1500607658386247683
1500593564954226688
1500581485329272836
1500571922441990144
1500561621978132486
1500528630950150148
1500287548601421826
1500267667504181255
1500256091397140481
1500242250378489857
1500230422340325377
1500214819655348225
1500208276369252360
1500199719930191873
1500190303940235272
1500171786109001736
1500150149921787909
1499924405731749888
1499894961671741440
1499867782837522432
1499838339402379272
1499811411110739968
1499805623042514945
1499796815025033219
1499777924353835008
1499566547970539522
1499545408434892800
1499522759235227672
1499502374829715464
1499460851757043724
1499443235227258898
1499426877420675086
1499413583540674566
1499201643296038913
1499181510754287616
1499167669433556998
1499155086920105986
1499132437397397514
1499114821198888962
1499093430626041860
1499073297505570820
1499056647225942017
1498868569718890496
1498863706100412416
1498859283580166144
1498858825788624896
1498856097700057088
1498855908872314881
1498855283187195906
1498854187542749186
1498853593495097344
1498852759222820868
1498850264652165120
1498849105778520070
1498848613455343622
1498847422625329156
1498846329312882695
1498845884020367360
1498844730410639361
1498844286007357440
1498831705691492352
1498802261580939264
1498791329614213122
1498780737562157057
1498777083354308609
1498770552634236930
1498751175453286400
1498718459512999936
1498717008732594178
1498707206107242496
1498699333448781828
1498684717129945088
1498478629352792069
1498465542943952899
1498451450044768258
1498435343971876868
1498418986802991104
1498403635432079362
1498388032440836097
1498380472279134209
1498353967373426693
1498322747281260546
1498110201421041667
1498108669854158849
1498094346951966721
1498077737663315971
1498062386263171072
1498050055151886338
1498018849941331973
1498005404965560320
1497779683798171650
1497746303740039170
1497713084953071617
1497680621010882561
1497650170216914945
1497645488895631364
1497614984964194315
1497612421506076672
1497606964431491080
1497590293633200129
1497439369610686464
1497409374603542530
1497382909128413185
1497350697192411142
1497328418773417985
1497322007855255553
1497304060508184581
1497293822413492230
1497289231277903874
1497265636396789760
1497255066830401536
1497254122877243399
1497246762175799338
1497232703657283587
1497029329561214976
1497022861097287687
1497010958321037319
1496994097160024077
1496976229634871302
1496961341365665793
1496954586980093959
1496941293888438272
1496940997619728385
1496934334657409030
1496908763256832006
1496882581639692291
1496878499197562886
1496846771611389958
1496726432441110529
1496726431224709126
1496726430008418309
1496726428754264066
1496726427420528642
1496664928152809478
1496644040565018625
1496623404534874113
1496618227258044420
1496602768752070656
1496585656100745219
1496568543231545352
1496550927074951169
1496523969507250183
1496508366205632516
1496315678013468677
1496305057301626880
1496289454461308928
1496261017134940162
1496237109564387329
1496223469490642952
1496209427254370306
1496193069024256010
1496174782567661568
1496170923153448966
1496149963545456640
1495943329867087880
1495930407115800581
1495906681959628801
1495859621881331716
1495831526860369931
1495786038555467777
1495577764514058240
1495553856998191104
1495542532385685505
1495536800198238209
1495504532343705601
1495477101624967170
1495453770121101312
1495211601691136000
1495191469132558338
1495166303316983813
1495146170615676932
1495127548166123523
1495104647102566400
1495078854217637891
1494853240533434369
1494830339633545219
1494807690698272769
1494788815977811969
1494772458582327299
1494760378638630913
1494746034454482944
1494729424645726208
1494713597985005575
1494713318505861122
1494698276188266502
1494490852667789313
1494467951721738241
1494436494567632897
1494418878679732231
1494402520835231774
1494401393477787651
1494399474495537154
1494381291608973312
1494381129801084933
1494372133748809728
1494372131643211783
1494352883411738627
1494345303117516802
1494307901514698753
1494129974881636355
1494118147078561795
1494101789032923140
1494087696167456768
1494072848322678789
1494055987258396678
1494040133217124352
1494024278815162377
1493997073150132225
1493980796394344455
1493766580383092740
1493746196204204032
1493733864661041153
1493719268650717186
1493702910806429696
1493686552958013441
1493678100294610945
1493667678757826571
1493651069104058371
1493649322101157888
1493632573934874626
1493597866174128134
1493591058466410496
1493564229772795906
1493407212185612290
1493390099920433152
1493375755262201857
1493355622372462592
1493339264855072771
1493321914764472333
1493302370339627016
1493268301593649152
1493040294761271299
1493012612329586690
1492983168424497155
1492948942660718596
1492918125859422222
1492881847319240706
1492653495731687424
1492629588287049737
1492610713843609608
1492590581670989827
1492570448663568391
1492557865646624770
1492549948788908032
1492312498892017664
1492296141253316615
1492285823148077059
1492269716957630465
1492252100897693698
1492228193876467714
1492201769551597569
1492176377512140804
1492168949861130249
1491957660744310784
1491935011636924416
1491918402222379008
1491899779869294596
1491882163490504704
1491865806069710848
1491846931336896516
1491829315096522759
1491825813192380423
1491819242295107592
1491593008495702029
1491579670059491329
1491563816076730369
1491538649942355968
