1534681680144834560
1534649971328200704
1534633858653736963
1534589686227816451
1534562749656748033
1534549216202309636
1534526069298036739
1534355933500940288
1534286777804013569
1534219828583710721
1534178892008853504
1533937779331186694
1533869745916747776
1533869744503377922
1532794039988277250
1532754951063195648
1532457309372399631
1532432666481545231
1532106977626710019
1532057211140468736
1531746523985416192
1531718047282642951
1531677148699828225
1531677143159160841
1531346171926568961
1530334901777715209
1530202287301328902
1529950160981204993
1529877965265313792
1529844916746170368
1529828702929924097
1529656967127613440
1529656965181341697
1529565811895111680
1529299650800492544
1529207171073855488
1529192390199758848
1529173470801809408
1529146867568848898
1529117847263367171
1529109002042458112
1528855598561120256
1528798261104021505
1528745230635257856
1528384285480296448
1527688463704899586
1527406670728552449
1527355493206806544
1527354621777235982
1527354611199201301
1527345830100815885
1527306907077074944
1527091881552789505
1527014837036929025
1526998798668599303
1526978042702090242
1526972768192978944
1526969694023983107
1526925454002765824
1526737035754622976
1526736215483068416
1526661568519340038
1526656324578205701
1526575833095233538
1526347815710035969
1526280822071955458
1526267473548419073
1526238079027134466
1526215612317454336
1526012917484748800
1525988644531621897
1525272351931256832
1525177831847862272
1525114878813405185
1524858245407555604
1524821897380302848
1524800911993884675
1524751901203570691
1524717907640569857
1524550295614857217
1524539041751998464
1524525886191673344
1524496123813060610
1524443373393911809
1524425676429959169
1524425674727043078
1524425672965373953
1524425671208058882
1524425669584773122
1524425667357597696
1524379610812669953
1524169805481324547
1524083452643057665
1524070286487867400
1524035524796817411
1524025121178103811
1524022915318091777
1523742124524548097
1523704086578679809
1523689236402122753
1523677283084804096
1523447503227539457
1523367942066368512
1523366000284278784
1523133034777653248
1522665337942163456
1522640514092253185
1522624972912570369
1522270491255484418
1522219426828877827
1522214300214906888
1521986863539658754
1521915536124297217
1521859053298802688
1521536344522166274
1521519840032436224
1521500956017442821
1521310082025369600
1521174397352034304
1521174393413681153
1521159787651731457
1521145600586231808
1521119151829434375
1520397514561757187
1520239652669911040
1520117668963045378
1520095461352390656
1519834072020832257
1519807807062786050
1519730254721556483
1519669984955359233
1519406582542516227
1519377862142353410
1519303604510892032
1519066371505762304
1519034423995416577
1518956897441021953
1518948269866504193
1518945343785914369
1518726999333871619
1518617629107404803
1518583476764741633
1517648303915249664
1517564754902097920
1517519563239346178
1517502127295410178
1517501946898305024
1517152487483994112
1517131013121585159
1516914803150925824
1516904133852282882
1516877848086208512
1516871400895791111
1516830406745731072
1516768904865058817
1516765225009270794
1516547063730814976
1516479239976984576
1516458219656425487
1516421552656588811
1516161080724234245
1516082154714902531
1515835153360293894
1515682553302245376
1515141966786437122
1515011731533221888
1515001302119600131
1514671646715564033
1514595456327823364
1514421090633793542
1514341139637317659
1514297986293149700
1514279995505528844
1514002693441957888
1513895085854834695
1513894049937305608
1513879644679938055
1513867352533839873
1513529037888663557
1512810894723538947
1512514803109146626
1512453239882592256
1512433089905049600
1512227682032963584
1512114084992454656
1512094956864917506
1512062613169094657
1511814950569885709
1511796014235234308
1511741623780134912
1511707309709398023
1511707303896133635
1511701630475026442
1511698016964870144
1511462190292869126
1511425317574959108
1511421843265458177
1511401229263507462
1511368701299367939
1511165850652393480
1511121436202610693
1511088759151939590
1511037135842951170
1510999188301045770
1510986332134424583
1510973934530973705
1510671148484284416
1510410910493556738
1510400399882297346
1509987715529396224
1509956582825734151
1509942417407021059
1509917571092471810
1509651821589151746
1509628675247034373
1509621731924787203
1509558895437660171
1509520882078822403
1509230416665980935
1509180671599783939
1509179380261695491
1508875296241508357
1508866403339755535
1508824533540741132
1508815881169784837
1508807186323025924
1508564410075590660
1508519925501018122
1508455106668384258
1507426190008668166
1507150258626826250
1507054400979845137
1507025267755208704
1507004525357539332
1506708031211552778
1506658191039422476
1506291800998354948
1506291798460833802
1505971774349053965
1505929016171184128
1505248507258679353
1504891727630454784
1504881713859731459
1504476973527011333
1504145430812237829
1504136934674862089
1504101175762866178
1504084639643803659
1503839933412397059
1503792292032925698
1503747320659197954
1503737011580067840
1503490143226929169
1502756873732333571
1502752046834925570
1502380388370599938
1501926626757591041
1501699333808349185
1501684689635057667
1501576794008289281
1501401289388793863
1501299158828961799
1501299156454981633
1501267607512616960
1501258998745550858
1501235380422688769
1501225387858165767
1501213955058024457
1500905681087606791
1500897258929332229
1500879365986570246
1500840352844034057
1499425587219292167
1499113591017984002
1499081168985145351
1499076926564151303
1499002328241913859
1498857197014593540
1498856318324592650
1498851036886446086
1498845588301008899
1498748449784799237
1498722382692982785
1498709012996624391
1498675241022857219
1498447997486706691
1498314253014605829
1497315461498687491
1496880758757244930
1496870303762300929
1496710293484888068
1496707802017976326
1496704364009951232
1496552152956911620
1496543118535102466
1496215070870802432
1496182410890952711
1496135919463800841
1496131701575192588
1496117681606508549
1495831167643406337
1495783885308837892
1495117253326430210
1494693251265273857
1494484833996730371
1494406582091792386
1494373763332206593
1494360696078970882
1494346313437175808
1494133033892560899
1494045613050281991
1494018332474888194
1493999861720567812
1493700395050360836
1493685314992414723
1493683059492888580
1493644594868887556
1493602113838108682
1493271988512698376
1493270996308082689
1492956111691042823
1492580168002674690
1492201348934340614
1492200519003262976
1492177665817722880
1492135495039692802
1492129094741417987
1491933267959988252
1491932994784968729
1491913274845245444
1491905571418693632
1491891538196152322
1491874475247382535
1491838037390774279
1491837010637570050
1491815407543533573
1491809400591466496
1491793999840964613
1491782442981769217
1491776154470166532
1491592403521884164
