1534678261506138118
1534610357053964292
1534573037835673601
1534548291744153604
1534518743434395648
1534301172940546049
1534269965775273991
1534244123867226112
1534237756121038849
1534202602224762880
1533924605722869761
1533906936365719553
1533866538742185984
1533842035068882944
1533103123388108801
1532755180793503744
1532738247868223488
1532465568049242113
1532455465245982726
1532431895862157312
1532352857911046145
1532021655601487872
1531705318320775172
1531280519236923392
1530917627966550018
1530630485763756032
1530554512263585792
1530181027276247040
1530181025741012992
1530181022230495233
1530181015397875718
1530181009974693891
1530181003171463174
1530180996590620674
1529905736452546562
1529895943700721681
1529867914681229313
1529500616099348483
1529208637775806474
1529172715046850561
1529169554219360260
1529155342906511360
1529109760716546049
1528791421519527937
1528065858316165122
1527755109316313088
1527719687928291328
1527706182755942401
1527706180201611265
1527673291900698625
1527672281522216961
1527388993192529921
1527300505827155971
1527054467060879360
1527043917102858246
1527016750549807106
1527010614442438661
1526975553072467968
1526928149455556609
1526926277948604418
1526917588525232136
1526904001299636224
1526693925955706891
1526693924298969088
1526684383234740224
1526663432677863425
1526657701597659141
1526652968774385666
1526649858584629248
1526597693635690496
1526597656411262976
1526595670722981888
1526345316747853826
1526283028598767616
1526282825166737409
1526238531198373888
1526238526660124672
1526231308124528641
1526225403936923650
1525566489390088197
1525209214163070976
1525201394784997376
1525157437245882373
1525157366068613120
1525155089735892992
1525109798739628033
1524854590033862661
1524785828253212673
1524758231901511684
1524741566119751682
1524722714350698501
1524497649621213186
1524490256103391232
1524428329633431553
1524428328500969475
1524428327188152321
1524428325317447685
1524212837727576067
1524157010731802624
1524094695223304193
1523758702590787584
1523747128903938056
1523711763426193408
1523362525114372096
1523308740920840194
1523288077111861248
1523009170861182977
1522983106420088832
1522974123709902848
1522652866086948874
1522629191572897792
1522629190314508288
1522629185923076099
1522625843503185922
1522388215730122752
1522227642191302657
1522211475607142400
1522150265264218114
1522017159341387776
1521910388668997632
1521884178362548224
1521603252516761606
1521553376248532993
1521523645406920707
1521482650355212288
1521270057577455620
1521254269562802176
1521115632745566208
1520460191023738881
1520142232577265665
1520077570800328705
1520041176098906112
1519819751207280643
1519797957830316038
1519785747187908608
1519717534790004738
1519697320815861760
1519697319523926019
1519673960526458881
1519452413845024770
1519435102819917824
1519380786323111937
1519358497045073920
1519356421011382277
1519356419291729920
1519040060611563521
1518937104801320963
1518744734155649029
1518649846399483908
1517887098552000513
1517562845197656072
1517562684434264065
1517503992468701184
1517249377915609090
1517210920585506818
1517187984881336320
1517134670575673344
1517123960684662784
1517120627123105793
1516879050337361921
1516877993351733249
1516561360859148288
1516429908297269265
1516408388799893514
1516171387706220549
1515694851345600514
1515354879128125453
1515021887000260615
1515004112055808002
1514988138762014723
1514972632860573706
1514703965564375040
1514668705627652102
1514655611337719821
1514631288975732741
1514604069645553675
1514395470210158607
1514370957393211396
1514344903672836105
1514306961260617733
1514274481367310336
1514270364213424130
1513989516251516933
1513956477228171268
1513951235480731657
1513931301266591754
1513861217667923970
1513654669305864198
1513638839901900803
1513570279469027333
1512817337166143488
1512512576848023553
1512490495439781896
1512474798995263503
1512424195912777741
1512169520848326657
1512135600001982466
1512099312343392259
1512071148204281869
1512055976819634182
1511854036156305423
1511817045494714371
1511801579678142473
1511801577971109891
1511782242883887112
1511769079169884165
1511767461909118985
1511720381979185157
1511711237385691154
1511486219720482818
1511463979167752192
1511436294186061836
1511422584210010116
1511415734437560324
1511361420704813061
1511361155985739778
1511339739470876676
1511336698323607558
1511106083854721030
1511060160474722320
1511040290026573830
1511040286235009031
1511022256100712459
1510970532228968449
1510746242514575362
1510633149654605837
1510333242104172544
1510284842256187392
1509991741994196999
1509975721892003842
1509900341445287944
1509882017361575938
1509615526670123016
1509595076548169741
1509557677738938372
1509545256139829260
1509515089732382722
1509260463149928455
1509236342068326406
1509193564491763716
1508910318310895625
1508892244132208644
1508842493995098117
1508840669938339847
1508822466566803459
1508816497032015874
1508627576138387459
1508622580126822400
1508577548049043458
1508524923270144009
1508482491774087177
1508479455311933457
1508156958351708164
1507775774354554887
1507770170592448512
1507728076221857799
1507449456832172048
1507408470273789954
1507359145132929031
1507096018076192769
1507047297892245516
1507023158242652165
1506984985026347010
1506757885023461382
1506748089306071046
1506711985030844416
1506393786716467204
1506368321440079879
1506264900791848969
1506246888642732038
1506221422267584523
1506202204683784196
1506045961646317569
1505928682040352769
1505877547225133057
1505653886446624775
1505605524317945859
1505306431628754945
1505247465951444995
1505235822378815488
1505205597158916101
1504936309034524683
1504903410126102532
1504866037044547586
1504860220677402630
1504577082420047874
1504550018203766787
1504495245639262208
1504488090362159107
1504456088153960457
1504453464210001923
1504198098364547078
1504130817429499905
1504118746960519168
1504105868304003074
1504102447488421891
1504090988821860354
1503869642053459968
1503838877475385347
1503829411971452937
1503807486528270340
1503801972121825284
1503768186638028814
1503716971019448324
1503493655302189059
1503366926805917700
1503100240194412549
1502849991982862338
1502756154815959046
1502722200561934340
1502695811586666503
1502401350390456321
1502401349283160071
1502284799079243776
1502057805775351820
1501951465765625857
1501760584232144896
1501760579345784836
1501691037512871936
1501672206027440129
1501658432188960768
1501582701626802176
1501561486166179841
1501361403298467847
1501339966097530884
1501339965137031170
1501269781466558466
1501246729173319680
1501225766704627715
1501221454653841412
1501205674700726282
1500976272092110853
1500963985323139072
1500963983909605384
1500938046975451138
1500917340845793284
1500635895787106304
1500544902534418432
1500156309492146184
1499881123157090308
1499866578757816322
1499833967171751941
1499808255136120835
1499795669904760841
1499425307291492353
1499416172734861318
1499393247956721678
1499371636071538696
1499193297989996546
1499087696341438471
1499072938947010561
1499072474285162498
1498868109171638275
1498861625813647363
1498859560374788100
1498772646774853634
1498761289144930305
1498750073030819847
1498685093711392768
1498458705624551425
1498410692327653382
1498410129108180999
1498407869066223620
1498388027068108804
1498364146542391303
1498364142524239873
1498364137927286786
1498355518703915017
1498344157919731717
1498338255544143874
1498338251928743945
1498333754611355648
1498070443865133062
1497644372107706371
1497615984047403164
1497357456950898694
1497333083749634052
1497297578798555139
1497278774588719109
1497261595625500673
1497208211572604930
1496930709134577677
1496844059108909063
1496652769767342089
1496246515307790337
1496168359326633984
1494759712507797508
1494759709848571905
1494740592361943053
1494478910867886083
1494445891872337926
1494433873169874945
1494084402141351943
1494045925555200007
1494045924347236356
1494045920224333830
1494035871967977473
1494026394162114561
1494020945706733587
1493770350307393542
1493669728728064000
1493669725066387463
1493660271138717707
1493660217808244737
1493366819968671745
1493351862095032323
1493351860966764545
1493351856940240904
1493295273933688840
1492517670662594566
1492256759095906308
1492222146415898629
1492162310013607941
1491846219802767361
1491826619375394822
1491826616900665346
1491774571707572225
1491566188668895234
