1534680769666469890
1534620320572784647
1534556733695496192
1534271481605070848
1534224342753615875
1534221129870614528
1534192142058405889
1534187023216549893
1533939289758777344
1533900777126862850
1533814015637479424
1533448564717694976
1533117496772988928
1532758833227087873
1532745055257124864
1532482188427644959
1532444439725195285
1532389858605506560
1532082053340184581
1532047538076909568
1532028655022526465
1531712988847255558
1531705133780054016
1531643005421117440
1531643003496013826
1531259142383362050
1530911849679671297
1530579654943326208
1530268354224717824
1530215161860063235
1530215150153777154
1529861135259906048
1529847326214279173
1529817856627593217
1529817717284511744
1529504964808261632
1529230037374930944
1529199117389406211
1529167848714682368
1529137652422676480
1529106666532261889
1528857649072193536
1528828627562991623
1528739872437063680
1528383586784665611
1528126149133582339
1528058038292074496
1528012744921866240
1527768895054041091
1527768890130022401
1527695658164989952
1527650356641120256
1527357240285417478
1527332400790790154
1527327987590258688
1527310413372698630
1527283429213093889
1527105841140211714
1527103648169443328
1527086318366367745
1527005926372298755
1526970883201503232
1526949912365219842
1526947879042129922
1526947876672262144
1526947873094520832
1526932832563744768
1526732729294913536
1526724498853990400
1526695763794923522
1526611185176649729
1526294678672392195
1526250705404809216
1525890319191052289
1525838417400999937
1525491134314647553
1525189141297696768
1525135714454839296
1525127013081747465
1524883366893322240
1524840188001800195
1524796553713442821
1524774655416057858
1524751256312553473
1524527215056150528
1524526736326725633
1524489449723375617
1524480256043884544
1524410780023672834
1524398409377009664
1524373765114671104
1524373575888781312
1524213040488591363
1524189016752627712
1524144572116480000
1524109517402697728
1524088254718521348
1524042391493255174
1524030145425776641
1523771480357543939
1523747130535522304
1523694477365608448
1523656581740515329
1523638392650895362
1523352118131929088
1523352078172639233
1523346999566815232
1523327221246709760
1523286595142623235
1522969513045544960
1522666655033212928
1522652422669230096
1522622227811733504
1522599569514586112
1522593581248258051
1522350429157347329
1522331347582398464
1522314643993157634
1522251787763388417
1521980490554560512
1521950290466926592
1521938834958733312
1521927836621316100
1521926537305640960
1521909048051916802
1521883120164909056
1521610883889311745
1521608063349923841
1521563689157017602
1521530039929643009
1521526780607217665
1521526779218956289
1521474666128314369
1521248170159788032
1521180951035977731
1521130145754628097
1521129732263321602
1520795183385694215
1520484362650857472
1520161245919330306
1520157967965958145
1520142880546848768
1520092503797551108
1520092432548999168
1520046652345790464
1519836818698608646
1519817107780812800
1519784985913397248
1519773954818326531
1519748562040598529
1519748498069102592
1519709273911029760
1519685325056098305
1519677840987406341
1519670554328018945
1519387922428055553
1519368277469929472
1519334982761824257
1519039107690807296
1519020991191474176
1518976193306931200
1518939382664908800
1518677356755439617
1518627885388607488
1518228272714117130
1517880985416699906
1517602543722971136
1517602542083096576
1517602540363423744
1517530930767966211
1517518590043373569
1517488403826237440
1517248261157011459
1517218122029322240
1517215935341469700
1517193620733968390
1517170044043673600
1517141105707347969
1516880634572001280
1516839114364145667
1516812169983270915
1516798245908926465
1516773838297698307
1516562614976921609
1516547180537991173
1516480505746796545
1516479638058405892
1516475565921943553
1516468183707922433
1516429042488066052
1516416883427360772
1516144538225725453
1516105778691665920
1516070569552363525
1515691560406597635
1515525455775997957
1514996975413964809
1514959226828951552
1514629740463804422
1514238794874208262
1513887135828488195
1513626948722900992
1513580493421297674
1513249709552541697
1513177484228923396
1512860394150318087
1512823975642021888
1512821368471101440
1512815848762839040
1512777349082796033
1512520657694822400
1512483110985691137
1512449783935471626
1512175787146887176
1512133320930377732
1512133318485106699
1512100184137814018
1512099533630619652
1512060124709502977
1511845196950118409
1511810982191923204
1511796254635876353
1511789502058094592
1511766123510964234
1511752989509312512
1511703454359728129
1511454056958595078
1511433494114754566
1511421492717830150
1511412701276299269
1511412699657289731
1511387594742906883
1511342991843250178
1511116403067265025
1511091672121327619
1511074329194385413
1511022248567705610
1511005691682725891
1510723819283095555
1510261629916786690
1510261124826079239
1510255735518601220
1509968645082001415
1509950083361607680
1509933505454780419
1509933503529558062
1509933502409678873
1509933258557038612
1509928058555449347
1509906068582932484
1509717020971081728
1509653098511454210
1509628096076558339
1509582042752856069
1509578004644642823
1509573109854130189
1509571206491607044
1509560405974257667
1509546950626009090
1509525317634899971
1509291628728520704
1509264694183448579
1509260786396536838
1509258387715932163
1509236584566120453
1509201786833408000
1509178403940974597
1509176121191022600
1508929241106329600
1508891254876217352
1508851478387068928
1508837482095419397
1508813266381950987
1508494354159218701
1508073856220680204
1507794515343540225
1507463583629676546
1507439676411498499
1507405284905570314
1507401935355187203
1507378895150067718
1507368032309547013
1507366208626176024
1507366201328087093
1507366194420068381
1507366187528826892
1507366180243349507
1507366172580327449
1507366165634506753
1507366158349082633
1507366150610501636
1507366143383805952
1507366136446398494
1507109577111875591
1507109248806764558
1507059291685072902
1507036910337855495
1506984069170704391
1506741694749982720
1506717976904577025
1506662264035758091
1506382712357081088
1506328567558381574
1506282651719712773
1506042973598986242
1506012138556469254
1505959925217996801
1505910614249684995
1505716780005834755
1505716778349076480
1505558364058796032
1505544696679993345
1505288000845991939
1504929025529106443
1504889119549255680
1504854853335621636
1504844676385357830
1504837754051604482
1504823968963956736
1504635462585094151
1504593426976808964
1504570772026802182
1504525475196006411
1504502838407286795
1504477020348055565
1504104617222803461
1504104615805083655
1503821318332026880
1503781823867936768
1503748583224496132
1503468509896007684
1503440437809455105
1503023089281646595
1502660688317227011
1502428530654728199
1502428528830210048
1502366857717821457
1502366246620172288
1502338563232387079
1502321475361161219
1502285966672900097
1502061315275337743
1501994875188875264
1501956414020980738
1501764954671747080
1501764952503291905
1501764948766171136
1501703850750844933
1501594894305009666
1501567436218322951
1501356014582571009
1501260207653101569
1501228492591144962
1500957859089113091
1500942363216261121
1500912668206583821
1500906769484324874
1500885323756318724
1500486365540093952
1500229673313128451
1500166775786426370
1500144579768721408
1500142379738800133
1500142156018860037
1500123979780132865
1499874828936900611
1499837637368107009
1499791217772666881
1499766812736737282
1499539172767502340
1499518653963902978
1499491960234594311
1499491958833692678
1499483513158090769
1499436945541419012
1499415592520007681
1499410776569831433
1499404202379988992
1499394937493671943
1499127332254232580
1499103066397806597
1498867828669272066
1498858118402433024
1498858071585607684
1498857072401825801
1498856740439396353
1498855433553027075
1498852682999738370
1498850658409230339
1498849597871071243
1498848641422929921
1498847894073454592
1498847603185922051
1498844488772505603
1498806540081446923
1498792993058430980
1498779143214931968
1498685784232280081
1498476493768437766
1498422896628228101
1498368113364058114
1498289250609078272
1498085540846997506
1497692954890326026
1497692649217826819
1497683278450544641
1497602359169458190
1497253228035153924
1497011963259506689
1496938462288691206
1496691491577774081
1496605789280079873
1496572485164314632
1496551567977242631
1496234184318328846
1496178648059195392
1495443271128080392
1494742147756707847
1494727454270930958
1494696202608144386
1494429639309156354
1494411076972154880
1494385844991500288
1494084162881560578
1494015470290231304
1493998084120006661
1493686855350505476
1493651764683448327
1493601583157891073
1493600601686646794
1493304983307042822
1493242492455694340
1493004658813583365
1492924289506545667
1492905032093777921
1492175345524649986
1491889713103339535
1491878388587507721
