1534673375427280901
1534626572472303617
1534597743439642624
1534548676160413699
1534293371602227201
1534256881169858560
1534220402502901760
1533981566975692800
1533925450967240706
1533880573634166790
1533521364442828801
1533101965911130122
1532851795889881089
1532826939559497731
1532797259846385666
1532772657640493057
1532745195153940488
1532734306656952321
1532729593035116546
1532437164209754112
1532151508216725505
1532103693344071681
1532088912960798731
1532069597452840961
1531788869342859264
1531742955744239624
1531698020747821058
1531371934406955008
1531340170481389568
1530311132174381056
1530279757534863366
1530248972102643712
1530225082274136066
1529976979080069126
1529952266844704768
1529916028389429248
1529893631078719490
1529872130036350977
1529847973546450944
1529834477383458817
1529626866994364421
1529607670830977027
1529559950506311681
1529550615428341761
1529511367790706688
1529268622337654784
1529220228101640192
1529191504299827203
1529153252092018688
1528888507472793600
1528863844931555328
1528824335112323072
1528776016356704256
1528524053862031362
1528117265048248321
1528069667985793025
1528037762217168896
1527816750456258562
1527793883199029250
1527721478573129730
1527695863937638400
1527470002168791062
1527391874205552640
1527372714708611090
1527330098042785793
1527321501304643584
1527319033179099137
1527091079232774144
1527056031293001728
1527021912207106051
1526926955114811392
1526915527838519301
1526701093954150400
1526682471487741952
1526655041129443329
1526634649178542084
1526614775504916481
1526591456487546882
1526585529797681153
1526334176466767872
1526291403138949122
1526255156022607874
1525974193891950592
1525952914518253568
1525909688763678721
1525843516525518848
1525530143602638850
1525266642044801024
1525234433837608961
1525204236698636293
1525198587705032708
1525181510130728961
1524932441114288142
1524902247003398145
1524872049923174402
1524838068598870016
1524786273268944896
1524566509992955904
1524543628005326849
1524520979174731784
1524498979039420416
1524486319606583296
1524435299291566081
1524422181236654081
1524368805895589890
1524207844224086017
1524172033822765057
1524111730766495744
1524090310271324161
1524074808031469571
1523831363039858688
1523831294152560643
1523803753186430977
1523741246585716736
1523712904091996160
1523700231350910977
1523408867702362112
1523347353855438848
1523346245934276613
1523316796513824773
1523007256001859584
1522946859462840320
1522750563208904705
1522722635490205696
1522694930161967104
1522652866330116096
1522622311337189378
1522380632667602945
1522350432588341248
1522329035614814208
1522297830102163458
1522258571265822721
1522244607723159553
1522042924225150976
1522017985950633989
1521976206467518464
1521955071436763139
1521919184233545729
1521912916533989378
1521889405245566977
1521660882870095873
1521635717063008256
1521621875717292032
1521584127014625281
1521572158119555073
1521516082019938304
1521297205646303233
1521289687222128641
1521259488283561986
1521225515775930368
1521195316808142848
1521165989777485824
1520911290478305283
1520845761700720641
1520795276281368577
1520428941881880576
1520202366049562626
1520126811912515584
1519784114479583233
1519742129630810113
1519725640567734272
1519715029788020742
1519469694796787712
1519446989213253640
1519402492362117121
1519374210723950592
1519356959484518403
1519331539489890307
1519088602872958981
1519047858174971905
1519000407686750210
1518986523412160512
1518696563568259074
1518682004610379776
1518307536843296770
1518243364965076992
1518004288626118657
1517958674089656323
1517636072666185729
1517589844976881666
1517589843785748488
1517562914533695489
1517543160158822402
1517293038317588482
1517284666465730561
1517254349424103424
1516929708520140800
1516891959108923393
1516839118323474433
1516571094907441152
1516541053586878470
1516499374267719680
1516454073888919558
1516232990808023044
1516174740590837776
1516143634713878533
1516122216898998280
1515794223844540419
1515404663121580032
1515359367524233219
1515110218941677570
1515072471136981000
1515049820888649733
1515008297484668929
1514993197944127500
1514732731808325634
1514687434306596874
1514665446070444043
1514645477517627395
1514423195444469764
1514392993154977794
1514370345515593728
1514326303582785539
1514291071747956739
1514000406216515584
1513970214500769805
1513946105184231435
1513938863017889802
1513657415044157446
1513641793258106883
1513616478800601092
1513592943755599875
1513551196941922309
1513230333130457106
1512913246877102089
1512878010759753729
1512837745294647314
1512618803288494081
1512615027454484492
1512581059589910533
1512550859229511682
1512531947502850048
1512514039645188099
1512498006662164483
1512417966331252736
1512203567628800000
1512152242928988173
1512143168665440257
1512134874869686272
1512127688902852611
1512067210482659345
1511878929035972611
1511841182640443393
1511807813739290629
1511750591906725896
1511708368293056515
1511493889831710725
1511456287380451328
1511419344986816516
1511403295822151682
1511369347603836937
1511357050152005635
1511169251020873731
1511139053424443393
1511108853856886789
1511079479371866124
1510776664539729931
1510731366165450753
1510697546775240712
1510629310260035588
1510399176856776711
1510310682490806272
1510251574823690241
1510059443039309824
1509999043635777539
1509908453489270794
1509720706304643074
1509697063025627137
1509690003886018590
1509644664919531523
1509607208429883405
1509583640052867077
1509328733164953627
1509296476765175814
1509220941930409996
1509162337084841986
1508981585789415425
1508932764275392512
1508909276508692493
1508871838427930625
1508850358470250496
1508796329966936067
1508631026058227714
1508608667750436865
1508534328011239435
1508513479707217929
1508486128868986886
1508220966874357761
1508167219733278724
1508093595714297860
1508086074991599625
1507850653405794312
1507827105270218754
1507483212754399232
1507455530377236483
1507417035214659587
1507383054792380420
1507071897716109324
1507054648460554240
1507039542146183177
1506813048094294018
1506788552696287235
1506759470138933248
1506722459495505926
1506707355542515712
1506677158860664835
1506654635569909762
1506639699896643585
1506453871861903361
1506437509944852485
1506405366225154051
1506375544581115908
1506352513368444957
1506337414566055946
1506320630802796544
1506276788758065159
1506053612786618376
1506012773876178949
1505988210018725899
1505977177166299136
1505937279348531204
1505908356610985994
1505605094674292736
1505544695698493442
1505362309962604553
1504948259713781763
1504926240414830598
1504902960651853830
1504872764322234372
1504820513696366595
1504582096374755336
1504555917030957067
1504525475363885057
1504472636809793536
1504285287807082499
1504205453592563726
1504185740212649988
1504155538816438272
1504152733473030148
1504125348941864967
1504099148609601544
1503868454260068352
1503838449970909185
1503826107874914314
1503793902817533955
1503766062491484160
1503751886905696268
1503506267649810436
1503461162725351429
1503430761558462465
1503402468910288896
1503114557958598656
1503114526111240194
1503114503281590274
1503114472923275264
1503114447015096326
1503045725143326720
1502770899711320069
1502729929049493508
1502702307066191876
1502461426845298692
1502411545346682882
1502358697208688641
1502339930760036361
1502086906523357192
1502056714350182406
1502022452460797960
1501967551928193033
1501935558343286794
1501739619724849157
1501713192770105349
1501679956904099844
1501656571746533376
1501618828446474245
1501585718673616913
1501382205913899011
1501362136328458241
1501338388732932102
1501288466675552260
1501255246236037122
1501235976005423119
1500999741345206275
1500969544898252801
1500958893853364228
1500931408419766282
1500881643522990096
1500607162455785477
1500471259443957769
1500252316355731456
1500218866005426179
1500210241241243648
1500179988108255238
1499882382341537794
1499844631336402946
1499806884295061504
1499769410235551746
1499523246030737409
1499508437851516937
1499481869565452292
1499429404073598998
1499413969123090433
1499150053553815552
1499128875657355264
1499097205768167429
1499059456260280320
1499046484653842434
1498878262650548224
1498861530225463298
1498855408894623746
1498849898904576001
1498811070655389699
1498795216370872321
1498765351395508230
1498735997705760775
1498719724229693442
1498674426208006147
1498653559402942469
1498653558337585152
1498417734312357889
1498379980522364932
1498330089012006915
1498085543393083399
1498025140831068160
1498003014732427273
1497934878490472450
1497730701982109708
1497670302746038272
1497330573169340416
1497290015545692168
1497247580119519233
1497247576059490305
1497234482843340800
1496943288921690117
1496714531917152259
1496628437854965770
1496575589951717379
1496541616542138369
1496522742681808904
1496288701000953859
1496258500107718657
1496213202060808192
1496171690904150025
1495896115459334159
1495835720748965888
1495797967088984068
1495180144713084932
1495104157598072838
1494808954249097223
1494778751502241799
1494748552815382539
1494716371242037260
1494454613856059392
1494417420106317826
1494390945890156549
1494342976495095812
1494317672841969667
1494025470899331082
1494008686397644801
1493978485018271745
1493744434231402501
1493714236454977544
1493677941166948353
1493661428477267970
1493607364645343240
1493346275143655427
1493310352251142149
1493268806617251844
1493247880022347777
1493059798765654018
1492988327766732802
1492906422618796041
1492498740686606337
1492302434127040513
1492273161223741445
1492257135513767941
1492226939347619841
1491970246571397123
1491940044604649472
1491925810655248401
1491879069285339139
1491819258397052930
1491805730042781696
1491577659880443904
