1534672620700024837
1534601653306789890
1534589825545670656
1534305451260661760
1534275061905084418
1534245053232648193
1534224380133363713
1533948348809592832
1533895248908271623
1533795852929470466
1533524556186533888
1533176765312548871
1533120141843501056
1533071079144493056
1532864204729819136
1532837781814145024
1532789210700255233
1532517419452772352
1532473379516735503
1532425511707856896
1532124329135050753
1532109733296910336
1532097150846324737
1532085825663643655
1532078837856608262
1531766974560206848
1531757417331011584
1531750341112471557
1531749446106611716
1531651730571595777
1531373690180587521
1531260638416150528
1530987840732950528
1530911847095734272
1530671506489069570
1530588459123019777
1530315661594992641
1530302827087527937
1530293483491180544
1529945474870001703
1529932998212198400
1529921886536224771
1529876276093276162
1529593150796451843
1529573269694709761
1529560938419871746
1529549110650363904
1529203497895350272
1529183702651064320
1529173384797601792
1528884732901171200
1528861580296761344
1528850760318042113
1528473271921954822
1528197706086338563
1528096539092127746
1527756047053598720
1527731574430646273
1527717290187161601
1527706974489481216
1527411525748674590
1527398691157467136
1527382543867162625
1527365975250698240
1527351709273509904
1527054171618177026
1527036048236224515
1527036046415994882
1527033786298355713
1527027442065494017
1527023721852059652
1526678445085835270
1526656047301005312
1526644974778953728
1526638273703165953
1526334679783047168
1526323355544178696
1526312282262839302
1526298441353150466
1525923024230404096
1525820137823248386
1525640029887991809
1525584738429313031
1525565820738347008
1525126702808150016
1524879594200760321
1524861472735739911
1524850147951226880
1524837657427202053
1524831139386511368
1524826232285810691
1524513680792207363
1524513429536485376
1524508396057251840
1524505879592288262
1524499588014649344
1524493296373960704
1524489434057658371
1524447507325063169
1524410249364393984
1524401951496093696
1524165439194079232
1523807528559206400
1523774812321054721
1523740838530060292
1523690203939934210
1523670373992218632
1523426265381801985
1523348251629469696
1523301696155254784
1523045005497053184
1522958181391081472
1522698973470859264
1522663740952530945
1522649648040529920
1522639937148964866
1522639935035092992
1522624734038573056
1522351685099696128
1522335329948082179
1522300094975922176
1522290783826726914
1522288736926584833
1522020409532727296
1522003141939449856
1521974527231676419
1521956053256179714
1521944501685682176
1521941763992260608
1521933931917979648
1521931415952269318
1521927512787505156
1521911723535523843
1521625658576846850
1521611054807089152
1521597465043996672
1521328245672718337
1521275594247479298
1521226277134422019
1521202012855185409
1521194056793182217
1521162173258608640
1520903391387430912
1520821602992238594
1520525652499259393
1520464248341737474
1520407625179045890
1520191300317982720
1520172324745580544
1520149675361329152
1520129223498907648
1519836864030679042
1519802386767745024
1519779485784059904
1519760419358916611
1519748428137385984
1519482529379725315
1519456924772835330
1519445535597289472
1519429297903128579
1519419866209476609
1519394701085868033
1519372051458363392
1519363208297037825
1519064021500112898
1519035836242837505
1519018886879977477
1518745037517037568
1518693077313114114
1518651805692923906
1518561208697163777
1518297218972798978
1518230026134728707
1517928036208824321
1517861095121178624
1517602390693847045
1517541741066436608
1517489396794023936
1517191684420997128
1517120716520386562
1516859747156127745
1516777958198837249
1516492829761097740
1516409530652893185
1516119620050055168
1516033049598709769
1515681482982916096
1515413970416414720
1515324380032614400
1515032708187009024
1514989926449831937
1514959979391995905
1514719393678196736
1514685420033953794
1514663273999781905
1514645066492567557
1514352979268161537
1514326052071432197
1514309688476811269
1514293084602966018
1514275243342409734
1513992246634455047
1513541509710323721
1513242411337588737
1513145522965684228
1512855864528437249
1512787665074143234
1512499410181267468
1512210807152644097
1512133996049747969
1512126778386567169
1512095824582426635
1512023379548721159
1511846714767859714
1511826331062849537
1511807959638106112
1511790846861008902
1511774740645515267
1511773371658289154
1511752091483750405
1511734515705733124
1511477028784001025
1511466664059183109
1511449857805926401
1511418107348328454
1511318232610717696
1511115376918253573
1511098528755601411
1511017500854607872
1510973209310638096
1510940493584207873
1510717020987342850
1510643536839917574
1510606291701403653
1510324434158116868
1510281652341293058
1510230817175490563
1509949999500730378
1509919012800634881
1509887069451132928
1509666347701006354
1509650744911097857
1509633516442689537
1509611660432089089
1509568956289355776
1509553152995078146
1509242006303875077
1508928015560028167
1508907712532611072
1508894512004829188
1508869260449357826
1508564840100507648
1508546720497557504
1508528349311746052
1508510183571480579
1508176782616260610
1508117139605102603
1508089709452431363
1507799798648299525
1507748208633556995
1507714738289094657
1507482961473519618
1507457612563972098
1507383401866838017
1507352437929259015
1507118308381925387
1506994870849839107
1506957247292792836
1506763470108184580
1506747867251163136
1506731509381689344
1506714648350887938
1506698290531819526
1506697487725350913
1506372066496421902
1506338167879733254
1506318035115667461
1506301402615894026
1506036178092392448
1506013528947191808
1505997918943297550
1505867315019063296
1505624213318733831
1505572119874355205
1505521285220106242
1505230619701248001
1505175507058544649
1504961093810196480
1504939954580951045
1504916046993575942
1504892390988939268
1504874422494187523
1504589142944104449
1504571023739351043
1504558304093163520
1504528735873208322
1504447823726755848
1504255444038029312
1504172145122840577
1504154456719568907
1504123555650363396
1504040459051618304
1503870532999168009
1503863360517029894
1503850022684676097
1503826552018116612
1503803615592472578
1503699782677798921
1503502734334562310
1503484614979076096
1503450389437243392
1503434761875951618
1503032133475991556
1502998159533826051
1502748514497007618
1502714289064497152
1502680063552200706
1502655904260386818
1502425636974985218
1502391663263690752
1502376001342480384
1502352992527396869
1502344015487905798
1502232865693741056
1502049659728146437
1502033301703331854
1502013672511746059
1501995406212968466
1501977685249171468
1501960953419771907
1501696583146131457
1501670335426539521
1501647509986295808
1501631151932207105
1501615456842653697
1501566532551331843
1501364897526870019
1501345520492503049
1500977343883579397
1500944880062763012
1500924747647008773
1500812507824287750
1500545932282183683
1500481073842638852
1500223879050002432
1500172289177964553
1500134662869602307
1500112142867087361
1499858974572752900
1499832298815983616
1499785430622945291
1499549183308705807
1499532322143621133
1499515209358004244
1499503884829487142
1499484255520374796
1499473685849116672
1499464941861945369
1499193935880724480
1498853406202605570
1498835067816321026
1498795970439507971
1498777599258021889
1498762321765847041
1498680877987028996
1498442983313743877
1498426787688112134
1498408164747714560
1498384760665624576
1498373142829576196
1498353247001759747
1498324273164914689
1498292653670080514
1498049300462546944
1498000478432645135
1497953418601582593
1497332829247655943
1497297597014462466
1497276729244540930
1497235732347432960
1496924891937112064
1496619378036690946
1496603775183638530
1496585907683667975
1496570954394316803
1496490556716949506
1496490554766630916
1496259003764166664
1496238115752718338
1496219997479313409
1495908191951011840
1495871449890009100
1495833952728195074
1495799475679514626
1495783789338968069
1495570466517442571
1495537247646625794
1495515605277061121
1495480165178167301
1494822789810896900
1494802657281810432
1494783347758977032
1494448322622341123
1494429699858120714
1494398419368087558
1494372937620676609
1494267631880183809
1494081908258529281
1494064218034814987
1494037112806539266
1494020503505354762
1494002384149880832
1493981999916363783
1493958595494486018
1493742169491968000
1493723547092488199
1493705459127230467
1493683644145315850
1493622631748284424
1493598221217808388
1493392867863187456
1493376258335383557
1493358893925289984
1493339012987191297
1493320641881141248
1493297740985643009
1493278171482972167
1492994241072484352
1492930823183482881
1492894332860481541
1492637641375838209
1492611217252179968
1492586303283769350
1492537229977145348
1492274454835212295
1492256628661387265
1492242418959372288
1492221121458024465
1492204392094867466
1491939776009748480
1491914471169835014
1491896106674003980
1491876547061587968
1491856658447884290
1491837610389557255
1491818751817396225
1491793173386973203
1491581652853739521
1491563558450180096
