1534658222497624064
1534650474204364803
1534553066741055488
1534533209115045889
1534319476505817088
1534278478958321664
1534206298278928388
1534175061069922305
1534160438920986624
1533930183341875201
1533908174520078338
1533868824562311168
1533855415183757318
1533855370791223296
1533828909762064384
1533502563127119872
1533490666625449984
1533083883855663107
1533083880206508032
1532878981761990658
1532823870851407874
1532781660579799043
1532738471126700035
1532532357080694793
1532464822779904000
1532447993085018121
1532388916615172096
1532356264411688965
1532353566735745024
1532138044974841856
1532065586313764864
1532060203599810560
1532024593258618883
1531968448221388800
1531732763509915655
1531732762067193857
1531732760657813506
1531732759059869696
1531665443051778052
1531625291348582403
1531368449712209920
1531368362986590215
1531368235433701384
1531309445548056585
1531271174688219138
1531259631825084416
1530987589137616896
1530911842528202752
1530907640309731329
1530660292228694016
1530624953606873090
1530550458900549633
1530356468599463937
1530356438387793920
1530232368618909696
1530223641178275841
1530169447943528449
1530155901189079042
1529945724011659307
1529898369405136917
1529853179491495937
1529809583908081664
1529802639764078592
1529609508590436359
1529581188809211905
1529581186674221057
1529561055919280131
1529561053973078018
1529551381408927748
1529491697666867201
1529491693229285378
1529468913238560769
1529449185073893378
1529449066165325825
1529347368340135936
1529343793136381952
1529221899318067200
1529216528863870976
1529209871987621889
1529180802659000320
1529180656328114177
1529180560630898689
1529180502057435138
1529153936820776962
1529140359221194759
1529132985278242816
1529106782483894273
1528802367570853888
1528769307836022784
1528565915700404224
1528461593050238977
1528400072681086980
1528385290833993728
1528015253463715843
1528012097040285699
1527766674254057474
1527756164955504642
1527755524967628801
1527603101837959168
1527382189519667200
1527365111475646465
1527156596849229824
1527090009727242240
1527057191269634048
1527043216301858819
1527025733574356992
1527008621808214017
1526992607326392320
1526992576326340615
1526992556520882179
1526991808542167040
1526932254576021507
1526915255401521152
1526907005893492737
1526718261760561152
1526697493710381062
1526637124937818114
1526608696314322945
1526605757634031617
1526276300767473665
1526244008892178438
1526036116838748160
1525968606135209996
1525930234549309442
1525892988177612801
1525842989674897409
1525143581375221763
1525124979750277126
1525105052972683266
1524838845983903747
1524791419214475269
1524791417704525826
1524762707676778496
1524583669687595008
1524513429071044617
1524493944213721089
1524461312260124679
1524416003853144074
1524367199120642048
1524182498640470016
1524087120255766528
1524059185901719552
1524030144934993921
1523771687317438465
1523733330994229248
1523710174573199360
1523492845688000512
1523411315724750849
1523385284603576320
1523362098956226560
1523359738641100801
1523294967384657921
1523130736928489472
1523033952348348416
1522697012776427520
1522673582526115841
1522673578973569026
1522654271262670848
1522654238203121665
1522654204858449920
1522654174739054593
1522626661790924800
1522618694102257664
1522593277295448075
1522578786981748743
1522578177863954432
1522563775861301248
1522332087096946690
1522264134938763266
1522229844117004289
1522225791878283267
1521965391051780096
1521916472548904961
1521879708631285762
1521712118235545601
1521648301598203904
1521531125398708226
1521513782505353216
1521483957057077253
1521470057053884417
1521351788561055744
1521316378346758146
1521316376689971205
1521296985403371521
1521284277899509762
1521198595340386304
1521151589255458816
1521114665484435457
1520913756695543808
1520913497844072448
1520906475908050946
1520825964686716930
1520755054898200578
1520547603590656000
1520469604807675907
1520411398064513025
1520146400432033801
1520084199314759684
1520045088776372227
1519812453118496768
1519780493541134336
1519751594073538560
1519693343097241603
1519682033898897410
1519674332045316096
1519467122187022343
1519438488885551104
1519411227017060358
1519365423271190533
1519361400447119361
1519361149547986946
1519052445569228801
1519019491027525635
1519019486455779330
1519004775723204609
1518954930844975104
1518770577191936002
1518758121883193345
1518670371859439616
1518631822481108992
1518352835242569740
1518284559711936514
1518249340019650560
1517902126156025856
1517899093644873735
1517868474638516226
1517868086564687874
1517579741548597248
1517552123373707264
1517552121230594048
1517534161715744780
1517515229206351875
1517495529516769282
1517493199325040640
1517493167972569089
1517340017361928193
1517339946981507074
1517298720693526529
1517249172310745089
1517147162697625600
1516933231051911168
1516868173978431489
1516838859249758211
1516791983322320900
1516516988771872768
1516490953359601666
1516469092236079104
1516163408604934157
1516138869749518336
1516138866708819984
1516138865123368964
1516138863508529162
1515676458282278921
1515463765814398977
1515410609176817678
1515409796366798848
1515409648391794698
1515087570962554882
1514966521998577668
1514696106210471936
1514689623510945808
1514233535229579269
1514015253947994112
1513972337447780360
1513919842885193734
1513883384984092678
1513858722627407879
1513649342917218307
1513631060541722645
1513602716920160261
1513577472033529856
1513527282069131273
1513245328664899590
1513223062241562628
1513221466636042251
1513197224217436163
1513193814659371014
1513141245119500290
1512950489876414466
1512950297240514560
1512860483073843205
1512585306578599936
1512533277575454721
1512527492808126469
1512459915314532358
1512454179171749914
1512395011903655940
1512164094996103177
1512160606949888004
1512141584388788225
1512125199189266436
1512122437168766978
1512120110353428491
1512106811574390792
1512063113759055872
1512043720371326991
1511830340058423303
1511735973004169216
1511705878910623745
1511524035338854402
1511510051768393729
1511462451568648197
1511440338082271236
1511383612238745615
1511183210595721217
1511142784245374979
1511117146851524613
1511101806671147015
1511084936320663554
1511039707622297612
1510977741201489922
1510964917997875200
1510830581155782656
1510829732396417025
1510825954708447236
1510796532551139333
1510435764257136640
1510430264169840646
1510411740147855366
1510338161645395971
1509989819962822668
1509966740335341570
1509897751470956546
1509896326330396674
1509713800064339971
1509713595889762313
1509713573697703941
1509655030877589507
1509589555070050312
1509540337169092609
1509540336162557954
1509540335168503814
1509540333020979203
1509525770217132032
1509350469457559557
1509342992691310596
1509337538011541509
1509309051829633033
1509279180164370439
1509245996076879877
1509222259680026629
1509200686155771906
1509195480684654596
1509175895109554179
1509171894326632459
1508947647436144644
1508947331634315274
1508926324898992130
1508898444257157123
1508879983560830980
1508866326172876800
1508848094468845571
1508799033606914067
1508589404306223116
1508565639908282374
1508560485200932864
1508256339075686402
1508244160456888324
1508163800779870214
1507807029439737864
1507760627196088331
1507475822105530368
1507475678400335872
1507414174527520768
1507354258282323968
1507114137595387914
1507055517952319491
1507025436110434307
1506993166783811592
1506963330338074625
1506833088994856961
1506818868605505542
1506801766590988290
1506783887707492361
1506730459295854593
1506691191089291268
1506679624230711301
1506667241441574915
1506666445400379392
1506626167826227215
1506464432641220610
1506456019433578511
1506455878559490055
1506444907904442373
1506438760631832582
1506404666812375049
1506325555657904130
1506312120761212928
1506304858290372615
1506109061351231495
1506099403400097795
1506015984532213761
1506011012016705541
1506004870096203780
1505989432423419916
1505964582090780673
1505960637024854016
1505924452244197377
1505878839947403269
1505699728536883201
1505635426291310605
1505299743248982019
1505163493221318656
1504931377984294919
1504927217981313029
1504902192842612737
1504860391163285505
1504846993776156673
1504832549515935749
1504828061031751683
1504818337548804121
1504805097263575043
1504649522722615301
1504648300322078723
1504609454360252424
1504553947356409857
1504550894322565126
1504540187510116356
1504508488558559239
1504442357411979268
1504227631004323840
1504201208797483014
1504199231975870471
1504195910472978441
1504175634142175237
1504145816881344516
1504136206732472322
1504120555267579907
1504089752160591882
1503884669594578950
1503860267607863296
1503754551207370754
1503716971933806594
1503549150880800771
1503527473715322883
1503464900592648195
1503464688327217159
1503424593524051974
1503392472847818764
1503085627281190921
1502793164255547404
1502706170582216707
1502649353927905287
1502377620394201093
1502352404406145024
1502332580909170694
1502322524419469320
1502262416620539908
1502012155780022275
1501959923529363459
1501797982756352000
1501770729767026688
1501701867872702465
1501687645969211398
1501618815272206340
1501599342800609280
1501599337197060102
1501599330804944898
1501599325071228941
1501594333849559053
1501594329554554881
1501594326102589444
1501588715466117124
1501588712953683971
1501371489920204804
1501371313604202503
1501367414092713984
1501290199145455621
1501290197757091849
1501279620347445250
1501251400038182912
1501209757507596302
1501032404181471234
1500995966521933829
1500965515770040327
1500949913001205763
1500931741200134153
1500861182793732101
1500581914855546881
1500576042284724230
1500522707187867652
1500284156202344449
1500280852395220993
1499906617348923397
1499894503708282881
1499855954732453893
1499839596770705410
1499823239618605057
1499803674557784066
1499513416792346628
1499456573017665542
1499441601810210818
1499397676567195652
1499259021722849280
1499173023743684613
1499156385191374848
1499113082576117767
1499113080768376834
1499113078528655367
1499068738259275782
1499039803035246594
1498864169575063553
1498858633316093954
1498857375427698693
1498853348472082432
1498851794214166538
1498849321885839362
1498847152369504257
1498843758292570117
1498822230557573131
1498814887870570501
1498765643805601795
1498755048800727045
1498706817446301697
1498669598106869772
1498665548204462086
1498492160307572737
1498480642421518337
1498469832844582914
1498469829593821184
1498469824313364491
1498469821473865731
1498453124402536449
1498327300131237890
1498295193770078210
1498295191991693315
1498295190490124288
1498295187877081093
1498197213197090818
1498028088344469505
1497948174043992075
1497644458526924802
1497482619008729090
1497327286495834113
1497243533929074689
1497243532381376517
1497233606707580928
1497060801596649477
1497060800674078722
1497060799864619008
1497009699899772928
1496993201458229251
1496920109704785920
1496903857653301248
1496613340390506496
1496591192837951488
1496576655393017862
1496576653346103310
1496567049690177545
1496562985514512384
1496562982725300226
1496538942610579457
1496515021597298688
1496503592315981828
1496501258554949639
1496266123985231878
1496266122399825921
1496265779003678721
1496265546568019969
1496252712106835981
1496245900481642498
1496238367675019264
1496227042949484544
1496210685172269064
1496207991309312006
1496173144251551751
1496166589577715722
1495880623608803328
1495829473694035976
1495803860602040325
1495782758991515651
1495770587410665473
1495462925066280963
1495461817128259593
1495427819068866562
1495321658147676160
1495201073769947137
1495152944886566917
1495099299092443139
1495018003288797192
1494814359691968514
1494808697054318603
1494803007690747913
1494795753776197656
1494784789601259522
1494769770482352130
1494721225435893761
1494455535004966922
1494455409817567236
1494455278963724289
1494454110736711680
1494431713237381121
1494408575594205184
1494340612618866694
1494323986083172356
1494113113582411776
1494034450870681607
1494021763721793540
1494001155801763848
1493972630885515265
1493718011030622208
1493704506625961989
1493684021552984065
1493684019329912834
1493684017119567877
1493684014095679489
1493665162330615809
1493651457819688961
1493606632047190019
1493423430699528194
1493423409384022019
1493340522727059456
1493328402903879683
1493293966153818112
1493276394033491972
1493243364665438212
1493019125349855233
1492928106914582534
1492515291913404416
1492515091748724738
1492212773706735625
1492141371402166273
1491846674649595916
1491813578424397825
1491787010150834177
1491540836043173892
