1534642356577878020
1534634405083357189
1534616159886114816
1534615507403522050
1534574605175865345
1534571656311713800
1534571562229178368
1534566660576890880
1534555085858131970
1534548471579025410
1534521634845077505
1534253409246797831
1534246016257470464
1534211718234230785
1534196802282524672
1534175513681567746
1534165018584961025
1533954928896618497
1533875483384979463
1532787432307015680
1532735122348417025
1532435829838204933
1532423944212467718
1532423863119794182
1532403849515909122
1532019809730306050
1531783669958037504
1531735971825430530
1531719759460327424
1531702052187000835
1531372450197520384
1529828905942753283
1529203273017839623
1529202905781256196
1529196268135796738
1529191717961965568
1529137171197747200
1529104157893967877
1528801520539549699
1527714731166941185
1527676293973540864
1527439721328173057
1527343702397505547
1527306447586856960
1527029545622245376
1526974451753132032
1526954664863883272
1526953551502663681
1526679421888909314
1526675775470059521
1526608095224512515
1526603995703304192
1526550343701745664
1526299124517183494
1526284076294053888
1526277101388763141
1526273144469835776
1526247077730258944
1526236922800132096
1525184477772886017
1525137896138752002
1524896747398615048
1524861351709097995
1524847510841442331
1524771053272281089
1524511070563573761
1524482313551233027
1524481764051324928
1524430727219187713
1524401734977826816
1524124319030587393
1524093363645030400
1524082793415946246
1524027092668760065
1523767064988508160
1523759706371624960
1523748996183130112
1523747057550258177
1523681274963329024
1522699029393649665
1522665002544640005
1522283405643288577
1522250366733242371
1521998050834665474
1521944178502086666
1521902375115632641
1521871834819530752
1521590829130956804
1521517874950684673
1521511570479751169
1521320185461940225
1521194260724424705
1520467262725103618
1520122812756901888
1520091988145713159
1520069284856307712
1520068439569797120
1520064197287194624
1519772427210928131
1519749794331348993
1519748771416100871
1519732514264342531
1519728056335753216
1519703635831271425
1519703512485187584
1519700465172332546
1519687904385245189
1519446661877190656
1519434797797543938
1519412417872252929
1519348902046150657
1519316340758257664
1518999151878590465
1518985847370092544
1518984925248212993
1518701539942088705
1518672944771313664
1518626505328320512
1517572581292978176
1517249255131557889
1517229690154586116
1517160630180003840
1516856512303575054
1516855259716587525
1516795001316982788
1516782239283130375
1516779922743828488
1516764070208315395
1516516327703339024
1516466824573067271
1516444191978672131
1515726825061859329
1514967540841295872
1514678403869327369
1514269236407021577
1513986886175498245
1513962912183984132
1513894640860213253
1513861438540070915
1513623713169690634
1513609805608493068
1513609751900438537
1513547310998958087
1513509876873547776
1513210647043096579
1512463640980508677
1512168575347343365
1512154179464318983
1512083411736834062
1512077090002067466
1511804664060252169
1511785164917161990
1511764693148446720
1511732707478450191
1511457143307788289
1511440145769279490
1511390450762100747
1511376375718060035
1511362223758848001
1511362136370565121
1511348737494470660
1511331037963427841
1511097886917988358
1511024492235169796
1510997876415115271
1510022767265132548
1509981199892156417
1509952224453087240
1509920053285769221
1509911090817339401
1509634598770200583
1509604692187303941
1509583513141587976
1509578172010016782
1509576405159497736
1509575030979629066
1509572255860379658
1509556165797195790
1509550702716239885
1509550342169579523
1509544380864028679
1509540821158305819
1509281796231467009
1509250220495937553
1509248017152491537
1509179369821978627
1509178815666348035
1508893454327291907
1508858932680347649
1508836485289623552
1508806698911383556
1508804934606675975
1508607624148922374
1508527014730473487
1507415217650941952
1507372063572561928
1507107058566447113
1507072188968574982
1507016508718792712
1507005896538292230
1506350639550447618
1506312905767198729
1506312789664620547
1506275940019675143
1506014310018990086
1505916056346537985
1505167096254193669
1504896804529262593
1504866031780696088
1504865929951420421
1504865781653377033
1504840095903399952
1504837279734448133
1504818675173543938
1504458966323142659
1504168800010264577
1504167779175444483
1503845542446743556
1503821997322686474
1503805911353249792
1503802059832938500
1503797909556453378
1503736701688111108
1503720242882646017
1503470737054646284
1503453329682223112
1502396927664701446
1502392401331204099
1502303779735101445
1502027299104903172
1501934150017712138
1501618914052255747
1501600273130733568
1501598188918161409
1501563510270144516
1501336904003952650
1501297367881961478
1501291297608327168
1501263601402851333
1501207853964660742
1500941439781548038
1500915795555143684
1500892094390579210
1500863746163494916
1499861270635417600
1499845841032564740
1499804813948862471
1499804752129011726
1499502935688069121
1499466032796381189
1499407275848605701
1499405578061365251
1499147459855060992
1499120009876066305
1499111629346287626
1499105995250974720
1499090142342135814
1499087302886412290
1499045969207476233
1498816737734762496
1498806945490391048
1498783841489727490
1498779155541991435
1498738057692000262
1498711000106868737
1498710870364504064
1498394582001897473
1498337875867357185
1498336262079631370
1497340326171668484
1497325758003490818
1497323405963677703
1497228425928458242
1496936487480266768
1496923854568148993
1496898641533022215
1496610124546387969
1496541651916963842
1496502937408974848
1496267552749670409
1496238372305657863
1496191481190752266
1496191216773390339
1495816455190982667
1494769882659016707
1494763291297693696
1494746276516270082
1494738798512685061
1494714087565058049
1494475090767065088
1494474875632771073
1494472006246539265
1494348703523655690
1494348212060233731
1494124966891118593
1494007985311567874
1493983857674182664
1493982522757292035
1493707137972846602
1493706502162599943
1493692608471834624
1493645298366877698
1493634452072931333
1493632145289588740
1493401543395233794
1493377185826095108
1493347769016360966
1493333924625498118
1493332031824142338
1493309497598791684
1493256643194331138
1492932999297605632
1492512623526649866
1492255651753566218
1492161209512218631
1491790676102504453
1491775106691084288
