1532400731852087298
1531302897895587841
1528846510049353728
1527772681227096065
1526604900116967425
1525529691335139331
1524844357278388233
1524420600814522369
1524140121234235392
1522321109529636864
1522309659624984577
1521615959974461440
1520504125242458115
1519757456267694080
1517653021936734208
1516920446712795137
1516793307338317827
1516139163539619847
1514736586491150338
1514357710149533710
1514259181733302272
1514259095498502144
1514258969249910787
1513957861596045325
1513913140840439809
1512548680452083715
1512535706207457280
1511814468980056064
1511050941960757254
1509917648427094016
1509553935157182469
1501968383281180673
1501592451873710082
1501249592318468102
1500984093701459971
1500556358319583234
1500543527733932046
1499048941542907919
1498836542978146306
1496532694460768256
1494414058212188166
1494147719476170754
1494072750511644675
1492635565174444036
