1534613398222249986
1534603477565034496
1534594481252605953
1534594478132051969
1534581688084447234
1534580419152252930
1534580343285637123
1534580313044750341
1534580273895116800
1534573533979938818
1534573461602967552
1534572926887919616
1534572847842172928
1534572806024871936
1534520682662404096
1533917638195388416
1533904976598159360
1533818723898900484
1533575079656935426
1533574682796036097
1533521708736401409
1533455557818044422
1533455389047537664
1533292215014871040
1532858587453825029
1532854956688134145
1532850918961586178
1532824261378945024
1532824259827011584
1532458243150299150
1532458156042993682
1532447936793165824
1532439142029742090
1532377045694554112
1532377009749475329
1532376849002680321
1532369401260953601
1532097306790711307
1531644555459801088
1531630868799934464
1531291062618279936
1531289179526774786
1531289177748295680
1530164191683919873
1530164190370996224
1530164189360279553
1530164188374519808
1530164186512334848
1530164185195241473
1530164183412748288
1530164182221561858
1530164181055545344
1530164178698346496
1529922988283412480
1529916699994075136
1529869432239136771
1529869418934767618
1529869376077414400
1529800242140282883
1529715298680549376
1529715174831116289
1529556090148601857
1529555634714050560
1529555546516312064
1529555432758464513
1529551106543497216
1529538050413690880
1529527380712099840
1529526706696241152
1529524929384697857
1529524789886394368
1529524722211250176
1529524486642728960
1529462750908280832
1529462749536866304
1529462748299526144
1529462746961563651
1529462745728417793
1529462744327589890
1529462743073529857
1529462741785792519
1529462740322029575
1529462739021795328
1529462737809678338
1529462736438149120
1529462734957453313
1529462733686587393
1529462732226891777
1529172054594945026
1528839904179929089
1527782722495606784
1527774166195220480
1527771461292785667
1527488175068815360
1527378811590823944
1527358393035345921
1527358328447311872
1527358184456802311
1527327723475111936
1527320717460529154
1527320715204042752
1527317090989768704
1527068766902923264
1527064598112833539
1527051596022136832
1527025229817520129
1527014045424943104
1525826857685360640
1525816521490038784
1525596197293006848
1525595549629546496
1525245086417555456
1525245082198228992
1525127694652002306
1524871249280872448
1524467280133955584
1524144018896171011
1524072618122530818
1524066366260658183
1524066364624887808
1524066363190480896
1523723014118207489
1523723012213600256
1523270842032959488
1522662616400896003
1522357918892503040
1522357917063778304
1522346258949619717
1522342393567133697
1522342392690524160
1522342391709159426
1522342390538944512
1521963020993318919
1521536482070216704
1521448854952062976
1521343825804988417
1520175625935462401
1520159912545955841
1520159121646960640
1520051879430004736
1519843991671484417
1519445336275750919
1519439608077033475
1519375111656251392
1519066652796719105
1518936314690813952
1518598751237070849
1517587988112416778
1516912333351759872
1516771509481656331
1516090256684163086
1515700492243984389
1515071489313280000
1515033619840081926
1515029749697069057
1513878873716531207
1513645320097386504
1513645318830792706
1513633527388160004
1513533319819976710
1512563976634351624
1512563851069468674
1512563849584648197
1512262323322376215
1512212586825138183
1512164676070780928
1512148978384650242
1511786035180621830
1511748566074728455
1511721174664978432
1511495389312126978
1511495260580593667
1511488855920230405
1511488753134706694
1511351706310819861
1510723789553762304
1510685374011559941
1510067854678372365
1510051865932677124
1509905540801048615
1509903342457298948
1509671275542765573
1509632886286209025
1509627642030473217
1509625124026204166
1509367959139016707
1509168250772504583
1509168248889221130
1508884764274696205
1508884763116982283
1508880774245797888
1508862551366397953
1508854750363611137
1508846447214710798
1508846444190609409
1508841370307416076
1508836237813166084
1508647286833876997
1508534565639446540
1508501693373288450
1508455270275559430
1507445640745390085
1506769996155916291
1506763747557318666
1506619842689970180
1506434890644049923
1506434889243148290
1506004457926148097
1506002442764357635
1505970809030033415
1505970614451982343
1505957912719630341
1505942428527828994
1505403529644724227
1505333041799090187
1504524494785888260
1504521956397400066
1504463565431877635
1504458154364608521
1504451929887457280
1504203905441349635
1504199444295782403
1503861599064387587
1503843745543905284
1503843705001754634
1503841313053155336
1503841311379574800
1503832955826933763
1503832914064248837
1503832806325170183
1503832803523371008
1503832800151146499
1503793478978920449
1503793478094008336
1503793476407894025
1503528116978962432
1502425372624830475
1502418217343631362
1502418216525733888
1502418215686782977
1502418214772477956
1502418213556170756
1502366945802342400
1502366944699338758
1502350948429094918
1502287109671030784
1502287108077146118
1502287106248527872
1502287104583348224
1502287102972731392
1502287099583774726
1502051924434055169
1502041771290906632
1502041769084698632
1502031244724428801
1502010783743553544
1501938426706284544
1501933729928802306
1501933633120051206
1501933596507996161
1501931669737000972
1501667730713460744
1501667727764770816
1501320828473991175
1500912192002179079
1498861396402057217
1498789000332693510
1498788998432632840
1498741243291090948
1498731059395112969
1498731057578979340
1498362440777711624
1497885685461573637
1497885145356898308
1497885067703635968
1497846671673331718
1497845172306128899
1497320037224370180
1497310440044457985
1497310408138313729
1497310376907661323
1496903946312556549
1496855581205934088
1496759491513233410
1496754910418722820
1496750707759792129
1496748041931571201
1494709040508653569
1494703755991793666
1494698400440279046
1494024435174719498
1493723509385691145
1493645421956186112
1493645401462906881
1493597064860688392
1493304324667191296
1493282893145067525
1493274000683847682
1493273999115272195
1493237169082753033
1492944280310239234
1492642423033540615
1492317425190244357
1492309856744882178
1491536188867551238
1491536155992641545
