1534678202454626305
1534649748392656897
1534629895053135874
1534272942770880512
1534241904606552073
1534213809312776192
1533923103000211456
1533906477563404288
1533596259403038720
1533242016670285824
1533082291383242754
1532856908129910789
1532716822927183878
1532461453164306446
1532107730139373568
1532036813447221253
1531997352273268742
1531747516550680584
1531712779731841030
1531680759202959369
1531248922668187648
1530270215950450689
1530232949127401472
1530199273832386560
1529934348413288469
1529915318239383555
1529893967353065483
1529620608228663296
1529569151680913408
1529496674586054659
1529230775647752192
1529206172040953870
1529151648106438659
1528892250414907392
1528830556330409984
1527732546825601024
1527711325861957632
1527331426001354752
1527027500731203586
1527014927843598344
1526983368440791042
1526649141060898822
1526594122546552832
1526553466570776576
1526368665540632576
1526333639994363904
1526304636533186562
1526276208463384577
1526222210213494786
1525281206954344451
1525172662858928128
1525134701811359745
1524858397455171584
1524813673549774848
1524778372706054144
1524433917520101378
1524406155535167491
1524082288199360512
1524051970964828162
1523750031093690368
1523382902293090304
1523071073281089537
1522711060201054209
1522673436270735370
1522628601778159618
1522606772330110976
1522376993651712012
1522279054447198210
1522263028254838785
1521871640044396545
1521634597301276672
1521610906605608966
1521582489298513924
1521544074267877376
1521187635099799552
1520133122993569792
1520113138317901824
1520091203127197703
1519776443105959937
1519745529286213637
1519721370493636609
1519412984350744576
1519384979746312192
1519361212559024128
1519029729701122058
1519026562984726528
1519010482811777025
1518686711051603969
1518656044599230465
1518622685428957185
1517563632737001473
1517530949780742145
1517230717218041859
1517196933709840384
1517163269299093504
1516887448571232259
1516860292021563395
1516497695199965189
1516478671921442820
1516447897394585605
1516172841472999430
1516146806505287681
1516112961898692615
1515681063888211969
1514663452836573193
1514595385410564096
1514314618973397009
1514275366831022091
1513978411613667335
1513964107048890378
1513930531569868800
1513670409987792896
1513609555929878535
1513525756785213447
1512930941261557762
1512827185421336581
1512526062403661830
1512501217242529793
1512466331102330888
1512216218610110469
1512191034922520580
1512164359723794435
1511815771537747972
1511782971778510849
1511769212578058252
1511475473985032195
1511413187362570248
1511358098514055169
1511094254172528645
1511071426920566791
1511049560335994882
1511026801497288710
1510037274775461889
1509960099472846848
1509917552843104258
1509608595062591503
1509577393744318475
1509265197067812872
1509247570236870663
1509240974077218824
1509232531874406400
1509228949599096837
1509228920255754256
1509228644463480846
1509158312595570697
1508942100364210182
1508935023667331082
1508845265003986944
1508829681042272261
1508553180161978369
1508493327351562260
1507505231256502274
1507432754220257287
1507416208089387010
1507398148364378135
1507136412377923587
1507071829596377095
1507028560317497344
1506752486278897665
1506712554172727304
1506691651686838276
1506452765639426052
1506378897058897925
1506329183814889477
1506312978987106305
1506269075466604557
1506012272409419784
1505985127146569736
1505960331708964865
1505944915083247616
1504914655034195972
1504883987008921600
1504867247168368641
1504568963988180995
1504552316753657857
1504532711901437962
1504492531719024644
1504237904117252104
1504178399635554314
1504156140871028736
1504130620905115650
1503852948086001669
1503805450017546240
1503759130053550091
1503499038771105796
1503446371155783683
1503404416401039368
1502370705983348751
1502357603535499264
1502299103597895684
1502095466456137728
1502042836535062531
1502002578414092288
1501706348672737283
1501685305342050316
1501339385819803650
1501320460679757830
1501300670846042112
1500955182791811072
1500920923393769472
1500887684130168841
1500864570625253385
1499840518456582145
1499824818367213571
1499559483319758855
1499484131079696389
1499470440066076683
1499186010164535300
1499129982215458820
1499105117664071686
1498869992519094275
1498794232307503109
1498692763822563330
1498448093037146112
1498412872434597894
1498376153807085572
1497304595214778369
1496964066501345281
1496935870242254852
1496843669600542723
1496594762400505861
1496578572084994049
1496236336386396168
1495885461587476483
1495858187639087107
1494705650089267204
1494410856490283008
1494372629603819521
1494341753914028039
1494075088085393414
1494058563479773188
1494035419222138889
1493736628283592704
1493700446304751618
1493667904197480448
1493645648431927301
1493353899603935236
1493335586303840260
1492258066800291840
1492224256637292546
1491901083211477003
1491862124125208577
1491812203296694282
