1534682452798611456
1534657747865653249
1534613461803577344
1534613246698631168
1534607178945941508
1534587896174325762
1534587815933030400
1534587738673905664
1534587659418406915
1534587583681789953
1534587485287612416
1534587380652396545
1534587278571368449
1534587181422915585
1534587083049684992
1534587011796856837
1534586913977274368
1534586822856040450
1534586678974640128
1534586582887321600
1534586461613215744
1534571470910803968
1534547061105758208
1534399440533979139
1534398176693833729
1534268468731662337
1534227505791389697
1534175312073748485
1533905803723395074
1533898570708963328
1533870092303454209
1533837764269047808
1533809240422350849
1533679972014968838
1533679542706900992
1533584459261526017
1533486305392345094
1533462459582803968
1533294339455000576
1533232672692002816
1533229613106839553
1533225911906144256
1532851694077456387
1532851692533956608
1532851687236460545
1532837638746554369
1532832688071057408
1532744701786345474
1532599885869920257
1532445911879716864
1532410464751104000
1532402549516558336
1532391597622452224
1532371709394882561
1532011280458194946
1531742312224591872
1531727508273496064
1531682339398598656
1531345137686794240
1531345134796918787
1531300370382831616
1530959515692171266
1530959513020506112
1530662699000020996
1530578852900134913
1530296483165007872
1530296479335690240
1530208623175016448
1530175690850574336
1529925231510536198
1529917901544620032
1529917898633842688
1529841775996719105
1529695952797192192
1529679421895979009
1529655643694542849
1529655640754270208
1529654378075869184
1529559167907745792
1529558830702415872
1529544489823780864
1529467890029711360
1529236049276260352
1529203530229133312
1529161164688703489
1529148641079959553
1529128585403023361
1528873417365147648
1528835659825299458
1528767724620505088
1528746367107088386
1528524509661249536
1528482835916636160
1528468259011452929
1528443953955094528
1528369925051629570
1528161574476824577
1528161537617166336
1528088237008334849
1528058043363209223
1528021844602781698
1527761022454534145
1527761018536992769
1527753415392124928
1527727391803691009
1527709481601273857
1527660840777928705
1527644023606886400
1527386145624969233
1527386111898570761
1527386060690378752
1527350838053974022
1527350672622231552
1527305545937723392
1527249493909032960
1527062300225482752
1527062106884820992
1527050963802013696
1526995955655970816
1526995920809644032
1526940059076902912
1526901187949338624
1526697395618058242
1526697359064694785
1526588396319059969
1526343806102085633
1526329120702881793
1526233779471126528
1526233744826175489
1525894721930858496
1525720538944983040
1525720476319772673
1525592473950490625
1525513943887667200
1525290397295161345
1525201374241099776
1525160477256323073
1525150208870338560
1524945958911492097
1524920753539325952
1524909510434861056
1524896697733685248
1524890055860318209
1524889812926226433
1524886565721366539
1524884847101108228
1524874187604647950
1524834644679532544
1524782099168866304
1524758041861648385
1524582884832653312
1524529954364428288
1524491900761219072
1524477985654337542
1524477947310006272
1524468934883233792
1524443378313666561
1524212698074042369
1524191080127746048
1524064004452220930
1523847789523918848
1523837240241233920
1523814859690848256
1523774944231919616
1523742911774347264
1523554710858346496
1523553920127488000
1523553217883213824
1523553175818539008
1523553143585644544
1523327277622128640
1523122814379003905
1523088121637736449
1523085141320511488
1523085100006526978
1523081950629535744
1523015212789555203
1522976627596029952
1522941001244954624
1522788545861079041
1522741762611023872
1522714575421919233
1522714503326044161
1522678013422456833
1522677930282799104
1522603053223841792
1522577835415810049
1522419142313218048
1522407106640433152
1522344207901286400
1522334120147226625
1522239847192137728
1522205475886059520
1522049058545668097
1522049049456615425
1522020262723653635
1522020211171414017
1522020193593139202
1521991527702093824
1521987780531744768
1521987712714117121
1521966983419416577
1521960121861033987
1521945172812214273
1521932624377176064
1521932593339387905
1521889397075062786
1521870220666806275
1521868620095053827
1521864160367181824
1521863642240585735
1521748958871138304
1521703915611328512
1521613843033583617
1521603353423228928
1521583393825120257
1521555610487050240
1521555583073013761
1521508460558385152
1521311038402138112
1521311036627898376
1521279256428367873
1521279130859278336
1521259114340528130
1521246924266823680
1521240763035701250
1521233386525896705
1521178448093450242
1521148224777510912
1520934805176651776
1520932504571547648
1520932491506622469
1520900958842023936
1520889775552704515
1520889433704308736
1520844029705007104
1520789580361871362
1520640805999947777
1520628169849532416
1520546980027527168
1520440208268746752
1520181378960162816
1520137724187004933
1520131593012224001
1520131527782379521
1520130004465684482
1520085627550638082
1520085597309734913
1519865260009684993
1519815126420885505
1519799589414391810
1519796249720987648
1519760575156338689
1519732928875401216
1519702396372353027
1519458541899173888
1519332146980155392
1519107194414718978
1519092663047589888
1519081491115905024
1519067247087525888
1518975365053489152
1518797495177863169
1518725995980722177
1518700839690334208
1518650336948330497
1518627419992772608
1518627418373865473
1518627416406642689
1518599759350538241
1518322079870849025
1518322035352432640
1518320950659321857
1518079642061529091
1518039433609728004
1518008722110377984
1517910753101053953
1517910665129652225
1517646921329823744
1517646843487817728
1517646522782945280
1517636957307871232
1517629889276391424
1517625969716121600
1517622352032325632
1517621908925128704
1517578182303440896
1517578142902149120
1517578054247145472
1517540555412094976
1517538020731281409
1517537860869632000
1517492820042342400
1517291662413901824
1517278996639019008
1517224346531491841
1516987113907974144
1516930743871565824
1516895491463688192
1516860530555641856
1516800475781238784
1516551814857912323
1516537840527577091
1516522144104124416
1516489040689696768
1516468925156012035
1516408149959491586
1516190176485130241
1516125929495400449
1516083614856847362
1515834902268178432
1515792454967988225
1515735955180646405
1515384607037816832
1515342145737007110
1515342076270944267
1515114854473818112
1515061854178983938
1514980090064433153
1514851806009954304
1514851150033416192
1514798575154200578
1514724419909812240
1514623878521257991
1514623808774103044
1514619777821466634
1514412245706416132
1514375858680524802
1514375829819592704
1514375621903732737
1514314868030988298
1514254677671522306
1514171463770664961
1514013918380888073
1514011329572442115
1513968287318749198
1513954135627890690
1513910439394033674
1513910438106476547
1513910436743241736
1513894837371609091
1513646826447986688
1513617258249076737
1513592230459711492
1513589246233305092
1513579329120264196
1513560972803424259
1513541523459219459
1513261370543726595
1513223777538117632
1513222520094158855
1513222359435526152
1512927298353176576
1512806604634161163
1512608613189120007
1512555759720013824
1512552599056125955
1512552552126066691
1512513855980666880
1512446836476289024
1512435580952629256
1512229595000365057
1512195483715874831
1512173382770458630
1512139147435134981
1512094658364514306
1512088208879890432
1511837188442718212
1511766146726637570
1511719181212815361
1511719136967073794
1511553624660496388
1511477760505561096
1511461538929946626
1511441285332144129
1511414588746522626
1511351085654552585
1511149632071548933
1511002979008081924
1510754019584618497
1510707604342902793
1510619481336209410
1510300587413319688
1510059442397593600
1510020538692878337
1510020465976258563
1509999919691538432
1509999811067465728
1509988216526544900
1509963639154827264
1509935240189411335
1509927058620755968
1509907406427340801
1509678917052895240
1509654288225644546
1509629336609071120
1509628881719869449
1509584504712675329
1509567084291932169
1509545994702123010
1509245001649188865
1509228790467100675
1509210930181193733
1509191245498707968
1508963660017725446
1508946373521014786
1508929636545142785
1508905047760977934
1508904930870018052
1508897119788097536
1508824227230715911
1508821021465358341
1508820958127144963
1508820913940164613
1508820765101068289
1508820735820591106
1508820614982901770
1508531106290798592
1508481743292039180
1508481701889994756
1508481579982606337
1508481490677473285
1508481313807892484
1508481276830834692
1508448688598925315
1508224647883493379
1508142197182394371
1508142162394845185
1507810758876229633
1507734126081703939
1507476508067000321
1507476475972227077
1507476431504216067
1507439663870472192
1507439552163504128
1507401680647716870
1507381961785962501
1507155553243463683
1507155458410250248
1507155332723736591
1507133722159509506
1507133608942661633
1507133472015413290
1507122235881910272
1507122084752683014
1507121872021778442
1507120693879656452
1507120426719367168
1507099254883434496
1507062436838330382
1507038512209534976
1506833969819521026
1506812997318045697
1506765388847071233
1506740385225142272
1506734050853093376
1506693612624437248
1506438010669342722
1506416298451996677
1506361138308542465
1506361097334321153
1506338575092269061
1506329482604560397
1506328419428012035
1506300766625042433
1506127391009095680
1506034631488913409
1505990124198260738
1505933384287195139
1505622460254748672
1505574891365408780
1505251608334012417
1505200420947304450
1505189803112861697
1504996569707278337
1504956474228936707
1504956471544631300
1504952977278353412
1504893920693698565
1504865206777786371
1504838570166476803
1504789742323441668
1504667204591230978
1504665303657107479
1504597805263998978
1504587526425690115
1504579020721172484
1504567824244686852
1504562514243248129
1504520160010399756
1504503128598622209
1504498191579811840
1504483455500840971
1504483264156733443
1504286497075310595
1504222510975311872
1504215971183034368
1504185401979785218
1504160022460190726
1504127792560041984
1504092909670383623
1504010266983477255
1503972038200995842
1503928955174326281
1503892498317561858
1503892119819333633
1503891645691015169
1503889036062117891
1503863174881320964
1503859925113577472
1503859154808676357
1503858940513337352
1503793807166373890
1503753524374642704
1503742272243830785
1503496845770645505
1503431497784516609
1503431404192821250
1503414945530134539
1503362812147499008
1502871739637841920
1502853935517913093
1502850466580992001
1502719106923048962
1502698436587569152
1502392928425054210
1502371341999222786
1502369927709085697
1502354089740546051
1502344897818361857
1502327673640546309
1502301034676428801
1502066195163406337
1502066058122903553
1502065945069731840
1502065738043076656
1502065641527947299
1502065545856057344
1502065472166146090
1502065391773835265
1502014911404142596
1502014827522256913
1501991135840899077
1501991053204680704
1501968057442324492
1501956745375019008
1501766787565826050
1501766786055868423
1501740172282576901
1501637718371028999
1501598703521394688
1501561972420411394
1501545587690418177
1501375335039836162
1501365185445044225
1501362393233989635
1501304617098960897
1501287345902948356
1501269911808659461
1501262698343976966
1501223018491744261
1501002340215705603
1500970240393584643
1500914622060187651
1500906805387538432
1500879668077080576
1500844938984001536
1500622257403490306
1500501459028176898
1500366747857141761
1500229671866273793
1500151483962036226
1500151412273123328
1499989948094578688
1499969166526275585
1499895669951275012
1499895667623407616
1499895660136615940
1499895340950081537
1499888606982418432
1499886120976457729
1499846885338669056
1499806891886579714
1499803047500910595
1499796143919845376
1499779466075193344
1499777620426338311
1499597435236147204
1499563296437026817
1499555385161748480
1499477420868616194
1499454744418529287
1499449457498275844
1499440493008146440
1499420248017145856
1499414029714042890
1499401404728766464
1499263301573828611
1499235636473126918
1499231112928899072
1499185155906449410
1499181394215542789
1499161910528335872
1499156221751869441
1499138146872840198
1499112407024685056
1499112401224015873
1499102423767470086
1499102347938705415
1499082114578350081
1499062824399740939
1499029029655035911
1498906036920586246
1498870418853269506
1498865544963006469
1498857335560753156
1498855559289876486
1498853862555500544
1498853667340001280
1498852114784788481
1498852059923337217
1498852000980770816
1498851687636811782
1498850414166429698
1498849305813303302
1498847173227823111
1498845993000964098
1498845519321387011
1498841907111284739
1498837127630671873
1498833893784494081
1498821252114534404
1498821124133687300
1498794067899162626
1498788849455144966
1498687938288308231
1498497212678086664
1498489958495137795
1498489747580366852
1498478401136603137
1498460052360937477
1498450692616323074
1498450590275231746
1498425378943078401
1498358922444374016
1498334229104574469
1498113283248771077
1498107733270163457
1498107703511552003
1498040461797171207
1497987864746815489
1497814006915993605
1497687194202349574
1497617457191657473
1497418882050494465
1497380934781267968
1497370284135010306
1497337885116100609
1497299621315584004
1497231760433848321
1497219454685507587
1497036913877737472
1496991670415421462
1496983100995170306
1496910453267582981
1496696100027351046
1496684856922759171
1496597973073113090
1496538068056215553
1496536100445298688
1496316783799767041
1496316614014390272
1496315811946188800
1496313427823845376
1496243301887799297
1496231775584014336
1496206607851855872
1496096939028348934
1495994766924066816
1495905975446163459
1495881013825728515
1495850816409718784
1495764086612766734
1495502657808572416
1495441395007451136
1495415893232263169
1495265969760989187
1495142494408884226
1495081143812517892
1495081042230726658
1494824178398072836
1494824151739101186
1494823960566923264
1494765581131673605
1494755378709422085
1494703258291646465
1494461662937632773
1494427992851836928
1494393897123909634
1494385405973581839
1494352958867357698
1494349951345692674
1494171474042576900
1494109370040258560
1494109278939979776
1494067539395194889
1494067534923972611
1494051510828761089
1494011667423715335
1493974041459265539
1493965850608644109
1493799321485070342
1493737141418921984
1493727836955295747
1493726526742933506
1493710025696624650
1493682706193940480
1493654054576156675
1493653876871815171
1493637502858678277
1493621107068321793
1493621018392510468
1493444787218751488
1493444508469530627
1493412456869228544
1493382324632764418
1493371528729219079
1493364270914056194
1493335374122389505
1493323926444777472
1493300323401691136
1493295150445043722
1493277800198905857
1493036761232015366
1492999683542695938
1492922380154548227
1492911916544663552
1492649724431646720
1492619522599182340
1492604422618337282
1492545348241399812
1492286350548111362
1492286179315785728
1492280497354907649
1492261054407053313
1492260312732483585
1492251397428973571
1492213341212848133
1491993172070780929
1491925215793741824
1491925006397460481
1491924945948999682
1491902297995194370
1491886039920791552
1491877165108903940
1491842764933251072
1491562372535762947
1491562131468083209
1491553366140506113
1491552819152883718
1491548595396304896
