1534670872878931969
1534654681972150272
1534644337006493698
1534610513518280705
1534608180327723008
1534608179052544002
1534597393785683976
1534595813179105280
1534551253749059584
1534551239303774208
1534551216402874370
1534242288003690496
1534229302228697091
1534229300458799104
1534210677165940738
1534210674657841155
1534203106887622657
1534193060782931970
1534193057872109568
1533210395003039746
1533210385863565313
1533210371141533696
1533121018650304514
1533121009578135553
1532791731506257922
1532791730164088832
1532791728771633157
1532791727362392067
1532737683256184832
1532737639287345154
1532482103681732623
1532482101597163522
1532427248598503425
1532160412074098689
1532160410262163458
1532135233742577675
1532101340075278338
1532101336921255939
1532101327521734656
1532086380955836417
1532062190152327169
1532041067574575104
1532015739581915137
1531997975765041153
1531754835678306306
1531754829994938368
1531754820574629888
1531751053301100545
1531715011068014592
1531673650126012417
1531254465550065664
1530294803627393024
1530294618256031749
1530278737547350016
1530278734426783744
1530260326352146434
1529897022211469327
1529888089237233665
1529888078386671627
1529884575253639170
1529884409976999938
1529555502581047297
1529555501310173193
1529466001770827782
1529229321193259009
1529162487232339968
1529162468479713280
1529162436443512833
1529153364394647553
1528841354650042368
1528841342847262722
1528841332688560131
1528833516158476290
1528827846365437961
1528391063181967360
1528161752428445697
1528117651997966336
1528112573547220995
1527753775980679168
1527729918175502338
1527729907949871105
1527699040523145216
1527420675522281476
1527418465799262208
1527377520139456544
1527346429580447747
1527339062235136001
1527283122143993856
1527283120973701121
1527265060447522816
1527082966622605312
1527031737125154818
1527031735011057664
1527013743607037953
1526981686122139648
1526926475039059978
1526892948180320256
1526704051190214656
1526663824400580609
1526663822727073792
1526633519035863040
1526598763040620544
1526598759672586240
1526581853813100545
1526548405241225217
1526361460322013184
1526344394487513090
1526263477706309633
1526263473251950594
1526196965586903042
1526196880002142208
1525855327056543746
1525597947324518406
1525597826079674373
1525568924661727233
1525232482374848513
1524902531192836117
1524874500164173826
1524836080935129088
1524821743243874305
1524821664323850241
1524821660339212289
1524811589936988163
1524760545085296642
1524757146113560576
1524529829521022978
1524523976193622017
1524523974754914305
1524486355790802944
1524481501890547715
1524390028947951617
1524225937218359296
1524166870634479618
1524166869388861442
1524103722049155073
1524012673062641667
1523313880990195715
1523033673737510912
1522677464283197440
1522677448718102536
1522257268766658562
1522257252404678656
1521979582211047435
1521979580311126021
1521892267480563712
1521630418654670851
1521630391488200705
1521585116648255488
1521322037502955521
1521200804446806016
1521200792853782534
1521200764143775744
1520132174489530369
1519790846039793665
1519774988491968516
1519774986847801344
1519738353469607939
1519729613466963975
1519678845049356288
1519672952106762241
1519422522214789126
1519416091201708033
1518981990330023938
1518981987356262401
1518642382069248001
1518627094011551747
1517570786684461061
1517569558567165952
1517493988068106245
1516828949493563405
1516517949531729921
1516503933337968640
1515683121785712652
1514687372163788824
1514687339896967168
1514681510594494468
1514334459654455306
1514334414435758084
1513979988638326791
1513979979729719311
1513587131561750533
1513587095847198727
1513517273843216388
1512836142378496001
1512568672342233091
1512568655590170625
1512144970140073984
1512092296040300547
1511802285545897987
1511712815266078731
1511373606873407490
1511155572468600832
1511155559533318146
1511129514910302208
1511085106840190991
1511046014014218245
1511045987535577093
1510812230337667077
1510380029833797639
1510273875615043584
1509968727671988231
1509594907966509060
1509536872820789254
1509536853543866373
1509243857942327302
1509181114673512448
1509180228702195720
1509173906824904704
1509144991116967938
1509144980669050881
1508951610017423363
1508553249435144203
1508553233102524421
1508234006726381570
1507792591844216838
1507506314548764678
1507445714128969730
1507445700010856457
1506791643227250689
1506744713818394631
1506698457322602497
1506698270382383104
1506403521234718729
1506403519502426115
1506360906942676994
1506360896213463044
1506286210754482182
1506286209638834194
1505967564417081348
1505967555088994312
1504901651567677444
1504864624121991168
1504570351589773320
1504468600043712524
1504209221713281029
1504209220354334725
1504106182520479761
1503877559246807044
1503877557703385090
1503863652419522565
1503863003648774152
1503774962175336459
1503416643178971143
1502721529188163589
1502721527753715733
1502424347918704652
1502424345653792771
1502398961310740481
1502301230886014977
1501993958167171072
1501993947857571844
1501993936268800001
1501993927284609025
1501929032438501378
1501762071603683328
1501557665645965312
1501533032943075328
1501447270365114371
1501446940638261249
1501356127057068032
1501292009520173057
1501243511793934337
1500967649630724099
1500146881917329418
1500146880570966022
1500146879274917888
1499798424509722633
1499798317324189703
1499759064653385730
1499759058194157572
1499520556739276804
1499490590731513862
1499470104949575688
1499469686798491649
1499452398649106446
1499179167019155459
1499152801817006080
1499103479264169989
1499074880876302340
1498879478570889219
1498879477178372099
1498853791646498817
1498851844042465281
1498847807431716868
1498843065225723906
1498823281440395267
1498786599374630915
1498716847528722441
1498451102592811012
1498443428031569926
1498396269680771081
1498369921067147268
1498047372877869061
1498047356872368131
1497662114881839110
1497328742343090179
1497328738660491266
1496893880670691341
1496579455275388939
1496557170388832259
1496552645691072516
1496552641358409729
1496259478521626624
1496259475099029505
1496248420360720392
1496205158547660804
1496205156471476233
1495815569689485312
1494461505575825408
1494461504279748609
1494461503038177281
1494461500861431810
1494416110216744966
1494416101731672066
1494020381002371078
1494020379328798720
1494002638341427201
1493688509470760967
1493688498368483337
1493645367853948931
1493645305002266625
1493645303370686475
1493371494319149056
1493369544198524932
1493355749166174209
1493296513635729413
1493296503519076356
1492919122241507330
1492919107670675456
1492267590626033672
1492237253334253568
1492211630595260425
1492211453071446019
1491860372906729479
1491857639713738755
