1534670860656705539
1534601163504762881
1534571709512175620
1534281044416991235
1534239016803000322
1533896006827397125
1533837635613085697
1532847601334333453
1532447466473259009
1532377760387239936
1532098420713869312
1532061938695294976
1531744834372915201
1531299407357943813
1530306604138221568
1530288990045229056
1530284460566007809
1529944468081807361
1529915530408251405
1529887605575364608
1529226899238551557
1529226898001346563
1529226896512524289
1529171630395629568
1529166092068962305
1529112235859222529
1528817542453772288
1528763696125812737
1527755295262400512
1527408258578776064
1527381084400500737
1527374549452369922
1527288972631842816
1527013405563011075
1526975163882946562
1526627876765937664
1526602449439670272
1526277956552777731
1526277955391000578
1526277954304720897
1526277953050615809
1526277951985156098
1526277950777303042
1526276408879812612
1526227734220967937
1524877078360883205
1524856700553117706
1524841094650941440
1524534572892966913
1524472003603972096
1524399431684177925
1524186160456683520
1524114806143299584
1524099203147968516
1524087007194095618
1523759965948813312
1523694413943394304
1523311767845507074
1522604469166518272
1522330043564896264
1522306894882299909
1521950311098822663
1521944509894086656
1521914820630663177
1521901481783345152
1521552695341027329
1521509387600371713
1521218470259666947
1521160595738968064
1521144234622996481
1521129237104705536
1520119490297667585
1520094602690281472
1519769429822816257
1519726912251351041
1519404568592924673
1519378676764528641
1519366520475951104
1519350579159568385
1519033073018576896
1519020741731274753
1518992554188062724
1518722271468269571
1518676974058803203
1518620358491918339
1517598872746569730
1517570182528606209
1517508274664390658
1516842146992513024
1516476836124966919
1516452075873439747
1516075758011265032
1515058634555854858
1515047317333811204
1514694235194335241
1514309710203269120
1514309444741603329
1513946064969162761
1513873482974650369
1513643557168594946
1513595995451494404
1512504807357132811
1512489460000296968
1512187759330476048
1512153502461702148
1512141289554337794
1511792114740469766
1511773737770704897
1511773456752332811
1511729523536109574
1511450611077853195
1511408330492817412
1511402541682147328
1511060547604824070
1511026082660724741
1509969854845050880
1509957526678347784
1509617084430700546
1509602177278517250
1509581042876887045
1509550591223214086
1509260932438016003
1509254145374662656
1508906155409612800
1508866693841539087
1508517534315819011
1507447734260928519
1507406922403700736
1507092642949120002
1507055908978839560
1506717432110632968
1506712135396728832
1506011014873366532
1505979055803404299
1505928723450761216
1504939705103790087
1504895668963393540
1504876433973432322
1504543094968139785
1504470134097805327
1504190772630933509
1504145724589682701
1503800200065949701
1503737727296155651
1503522618330202120
1503452657020723208
1503434038811500554
1502303592673390592
1502023999315972097
1501998834771234820
1501621547991281665
1501621546741284865
1501621545487192072
1501290419849674756
1501245729016360963
1501203956747456512
1500854789382496257
1500159205948497921
1499862752277508096
1499833057183940610
1499507665113911301
1499468450212818949
1499461687711260678
1499399344088178695
1499039336083468292
1498720531390078980
1498689272433586181
1498395097385377794
1498370670044057605
1498332597407072261
1497256906393460736
1496906779724328960
1496540817661509633
1496534325151551498
1496185284135989254
1496175543179522058
1496159065516519430
1494788819756929030
1494753837567127556
1494714347008020480
1494363772294774794
1494340365632999428
1494024282799853570
1493993833029328897
1493649824880775171
1493348577833275401
1493291956558041093
1493278877841608705
1493265136047599622
1492213349223915523
1492208319930511360
1491862046429884416
