1534648184923987969
1534607434895052800
1534574207408947200
1534526776461885444
1534193515240239104
1533893749838864392
1533859303601410048
1533835044044914688
1533815762300948480
1532740489807642627
1532439166021160967
1532437369357488133
1532409997044350976
1532408051206176768
1532405840447213569
1532405775666237441
1532089300665368576
1532078737696735233
1532078596449517568
1532078542191611904
1531724681253986304
1531689633490288640
1531670446869028870
1531643659833290753
1531396896375377921
1531371699979141130
1531342378380009473
1530288163565993985
1530206241930321920
1530187052733632513
1530187028800983041
1529914123433168908
1529914002742169600
1529881043452542977
1529849120118165505
1529586716776009730
1529520848461250560
1529168096560308226
1529150765767577600
1528824372651343878
1528806014199398400
1528785468556460032
1528763337550581761
1528753248114450434
1528736906875486208
1527709688908980224
1527692877249363968
1527681563995013120
1527391396046544898
1527340585077846016
1527305791576756228
1527268876857352194
1527045336459530592
1527031536096317440
1527000203970203650
1526935091653525504
1526683902726791172
1526661403624472576
1526644218042765312
1526626689924714498
1526608292176338945
1526592518867099649
1526319852415332358
1526280257933672448
1526261300170481676
1526253515693342721
1526232963511361536
1526190801000321027
1526190553532096513
1525188836003037185
1525163827121336321
1525118127993929730
1524837214106046481
1524751097344270336
1524727406434689024
1524487523619196929
1524417126710267904
1524398727313641472
1524156332999380994
1524134990384189441
1524059223293939713
1523781669513154560
1523673235422060544
1522667956127379462
1522628853197377538
1522613864067653641
1522612490680610817
1522611798637170690
1522596600295604225
1522317350682439681
1522227089621061634
1521969947999707142
1521930104133365761
1521909565167603713
1521892078644568064
1521855090147082241
1521831352093618176
1521570625969606656
1521472690992959489
1521472599401844737
1521306603928047618
1521243654337306630
1521206405470081030
1521182257641402368
1521164802462294019
1521146428504121344
1520153118243184641
1520144931762978820
1520054433379463168
1520012184587280386
1519799653839290369
1519772773463248897
1519764723700584449
1519698896133447680
1519673590517575680
1519439890559209472
1519322078498983944
1519051783720554499
1519011032353681410
1518989775478444032
1518969696577634304
1518924002366001152
1518701844079513600
1518677300891590657
1518251858816557056
1517992076402737153
1517992002218086401
1517602637864226817
1517537299155894275
1517513243945844736
1517482052832186370
1517191840897843205
1517181755006111744
1517158576606916609
1517132965381300224
1516886285696315393
1516844290416201738
1516817891424882690
1516804160049623046
1516762210294509571
1516526588204048387
1516488322645995521
1516139617166454784
1516083487429771274
1516083060139298823
1515769138882486289
1515364125001629702
1515046065896050690
1514605946978201611
1514597287493783555
1514359827354562562
1514314876063301643
1514291710410600448
1514240486009196544
1513989725530595334
1513867439854997519
1513593512541016068
1513565740934250498
1513537036501893124
1513473669170876422
1512480400848920577
1512465967695155211
1512459124776353806
1512420317939044356
1512201533353598979
1511818370060062720
1511797672511946759
1511722457069203462
1511448973000818691
1511050740952965125
1511033824788025346
1510961713679642625
1510039475061239814
1509990772900253699
1509924620211793922
1509893644505002012
1509865570711257090
1509640812736524290
1509618365802950664
1509546593070034945
1509522193771868160
1509310289690431493
1508873376064053260
1508849379985268737
1508546770401382411
1508535383692300303
1508518376376872970
1508503936415768590
1508479974721916935
1508460630633816066
1507415538179444745
1507402945037574149
1507380944235384836
1507370477630676996
1507345174418104322
1507105564236869636
1506672195518488576
1506638874981847040
1506613555608629248
1506375123728752640
1506366174824697859
1506280910030835719
1506008990710382600
1505991707468386306
1505930221056266241
1505890038927790082
1504860627508072459
1504837443043962886
1504837432759435278
1504837405785866258
1504837385590349825
1504837261216657408
1504835662473740300
1504822467017256965
1504555669722120197
1504502182065885186
1504489524273061889
1504444299290808321
1504249896609722370
1504209765886484487
1504192023682764802
1504191702290026497
1504191637026656258
1504191602461454338
1504191538695450636
1504106019399557127
1503824979405770757
1503815092286197762
1503815043690942469
1503806145466621958
1503800162916831234
1503747470123278339
1503742145232003080
1503483105134497795
1503475175878180871
1503475131787714569
1503471415214981132
1503453933053825028
1503453901542105089
1503453572591235074
1503453524453175301
1503387496444567553
1503370135431794694
1502405571730944006
1502403803013959685
1502370535841402890
1502335891779502085
1502334385944735752
1502309664989536262
1502309621456904198
1502309561067356161
1502308555214528524
1502009457882152971
1501931023373770766
1501926759939334152
1501767876373536769
1501668675081981955
1501667236506918918
1501589545154146304
1501589381911650305
1501589351175761926
1501349863392489484
1501318064314408966
1501307930632757253
1501307847644176391
1501307782225702914
1501307738042765315
1501211544637554693
1501211490879262723
1501211014234349577
1501210989991284736
1501210867538571285
1500837624268865546
1500636790478278659
1499820043017895947
1499812088742612997
1499775445394415626
1499775430081093634
1499489342892527621
1499419245519724554
1499416014420852739
1499398930500444163
1499146685490110467
1499142385087004686
1499136953803022345
1499104431266316290
1499103926767038471
1498866258644811777
1498862513328476163
1498855833597353998
1498854213434101766
1498854155997298688
1498851636118265856
1498851258349801474
1498851182210695168
1498848403094188037
1498847703316549633
1498847157641781248
1498846216704172033
1498846149381435394
1498844527204966407
1498844035707977733
1498806436897468417
1498729326438756353
1498705271715160076
1498686939368759304
1498683677643100165
1498683189258342407
1498367880785707011
1498366659706474498
1498366644019728389
1498366573895208962
1497297709434392583
1497283357926998023
1497243126821445633
1497242606887215135
1497242360278929411
1497242324212097056
1496909399755051019
1496878883236466695
1496878462434377732
1496878086452920326
1496561746361913351
1496558729331986441
1496558578764849152
1496230905135964163
1496230837238611979
1496185892163268610
1496184608160985096
1496184582315692032
1496184445812027397
1496184414187008000
1495836605130682373
1495836436498636803
1494765090888900621
1494764606669176842
1494764588453220354
1494742913569406979
1494708329909731331
1494708307633786881
1494422791604559874
1494408111205064707
1494377137083666432
1494376879175917571
1494376335384457219
1494006593033318409
1494005383828066306
1494005089857589252
1494004978121326592
1494004908852400134
1494004870126481415
1494004783514017809
1493701462890893319
1493701336076070921
1493682016054919170
1493681790149697538
1493681751176192003
1493681695710658566
1493681650093465601
1493614039494189059
1493612985931251714
1493612569914970123
1493332648969834503
1493330442858156039
1493329985427410947
1493260721785819136
1493260647773184005
1493260631830638596
1493260497558384643
1492197455466831881
1492170649401544708
1492167507171553287
1492151445839298565
1492151359986089989
1491794674046013446
1491794641376538629
1491794003519442952
