1534677429058519040
1534654935442378752
1534654005699391496
1534651908002029568
1534638144712237057
1534626052374466561
1534604008400343040
1534589944349577217
1534543767339941889
1534528967973249024
1534301612570816514
1534232080024059910
1534195596260786177
1533907752459853827
1533901511985713152
1533900694738161665
1533849242623782912
1532839484928274438
1532788728392998912
1532788333327392770
1532718784263376897
1532446141576581121
1532101303152820224
1532091432210685954
1532046930817208320
1532025869652336648
1532006858420015105
1531997427590385664
1531719496850984961
1531711729821949953
1531655410230370304
1531265106071412736
1530646204803055618
1530282684869758976
1530235552443863041
1529862329856294915
1529851157220405249
1529592858956730374
1529540033975394304
1529495731656183813
1529481915002236931
1529481913932685314
1529464855404724230
1529448201836711936
1529446119457140736
1529443770688741376
1529442406428557313
1529218231277391878
1529088206288871428
1528836389781098497
1527664337329995777
1527386453998698496
1527375126454747136
1527353517714788371
1527297500927119362
1527266530014158848
1527016973648936960
1527011888080596994
1526980430158774272
1526974804250730497
1526947642441342981
1526703113545166848
1526695592352796675
1526608801167704066
1526590867548553218
1526588579354386432
1526574003623759872
1526551551556345856
1526319158920634369
1526217463905542150
1526215826604441600
1525849012443676672
1525201681360756736
1525165837681819650
1525121873301884928
1525112285831757824
1524866038856400912
1524864243211943951
1524863478934257681
1524805956361760768
1524749500228669441
1524749496307130368
1524502342246322177
1524495758149533704
1524491578500431873
1524477305057431553
1524413985361117186
1524413984128049158
1524374905625710598
1524195403482210304
1524168370819670016
1524167651785912320
1524115485033472001
1524099151067295746
1523786059808591872
1523742027690942464
1523726331254501377
1523682825051860992
1523282851781038080
1522598274779295746
1522571925687517185
1522335245487456259
1522329463731765248
1522327498855534600
1522288125845901313
1522280755879157762
1522279931316772865
1522148696812666880
1521503811722006529
1521485628638175233
1521317093144207362
1521164212319539204
1521114174146985986
1520901633957568512
1520810578108985344
1520808091784302593
1520013325530247175
1519785120395370498
1519777270117842945
1519747191195189249
1519714595891556353
1519714293339627521
1519703144757927936
1519677729943298056
1519677728936669185
1519677728097808386
1519677727258861569
1519454430835486726
1519300885771431938
1519287197312196610
1519100005226790924
1519087421559816195
1519084178658242560
1518951314708967427
1518950831458037768
1518943370600755200
1518636448433512448
1517571552384102400
1517542178066685958
1517501143387152384
1517191564010967041
1517155922484756481
1516575028384575500
1516526450194612225
1516451396064796678
1516389776311697411
1516169386813538307
1516088312385228800
1516087452137578496
1516062918059638786
1516053015899291652
1515665499316789252
1515070489173102600
1515066272362414081
1514983309599727626
1514965623259938829
1514673642856058884
1514654023042969606
1514635307693527041
1514620233671053325
1514228312608067585
1513884086057771029
1513881713654616077
1513612756049670149
1513606659326754829
1513585760829591557
1513557878795350022
1513539310263406602
1513516344888766468
1512519232529084424
1512492896586448896
1512423021285363724
1512176552863277066
1512168015005208587
1512132723342721029
1512099163961532417
1512082573312204821
1512073463804006406
1512073382254108680
1511808896549105667
1511783161876955136
1511716474490081286
1511694651870392321
1511492196188491779
1511412663020134406
1511403503155126272
1511397811778170886
1511339783368462341
1511336375836106763
1511336360065515521
1511043427991011334
1511032227567652875
1511010521033674752
1510972168716398599
1510969126382190592
1510063169376604162
1509936969371037703
1509933389540962315
1509900113686192128
1509889583320027139
1509658724926902276
1509596772833845254
1509590442022682634
1509575187511095302
1509573834264961035
1509573833367470088
1509573832432136193
1509573831429664772
1509573830427258889
1509573829445799938
1509545654456143874
1509537390968377344
1509528397101387780
1509246991288737798
1509161679975763973
1509155464122191890
1509154434978390018
1508939595081207808
1508937460998356994
1508914931957121026
1508870248384315392
1508862565731999748
1508858903710347267
1508830045984415747
1508556580744314892
1508474820572368898
1507452942018035713
1507432754715283457
1507403586455719937
1507355520000274449
1507072332464111623
1507057690849288194
1507036358212304904
1506999988613754880
1506992102860861450
1506773281432551426
1506734948132208655
1506711883809800200
1506652092060127238
1506621535141957637
1506391414602702860
1506353913037045772
1506307840419536902
1506257606301597701
1506255959135555588
1506000384426401800
1505955989903880196
1505921146797137921
1505912442496368643
1505908886540374022
1505227609029984258
1505008641170096130
1504870454623883269
1504863251766837252
1504834829497602051
1504562206616207366
1504546926997483521
1504530757108260872
1504488431891595265
1504480193745854466
1504172582257442823
1504145116579377152
1504115957383507971
1504112750724800517
1504094871610605573
1503882563210911744
1503808625571241985
1503808524043882506
1503760143191879684
1503744590179975179
1503717314159693827
1503473441466372101
1503419956838416391
1502393424594489351
1502364105633636363
1502351879887589380
1502323174813442051
1502294778368638980
1502293172382175236
1502009285760409604
1501930167798796288
1501775504705216512
1501647540508405764
1501608893201674241
1501590649115934723
1501585221078159364
1501579045972193283
1501368537994170372
1501357200542994437
1501319510275600385
1501316244770803715
1501232212192395264
1501195027883732997
1500990565957181440
1500958199574413314
1500871355360755716
1500857143217508353
1500199937115668483
1500148235540873219
1499895103070081028
1499895095725854721
1499867333548027907
1499772570765299712
1499547213055373323
1499425312496619529
1499105568035905539
1499088846415351813
1498863423358181379
1498858888455770121
1498856927123619842
1498854957331755023
1498854420204998663
1498852284817682437
1498851291317129219
1498848369753694208
1498847934007459845
1498811630343397379
1498798554181165058
1498767119344975872
1498761142977585161
1498456189792927747
1498436423451566086
1498431155842039810
1497274542355582979
1497249579879878659
1497235377643560978
1496922234333585408
1496920259642679300
1496854461897228293
1496597643241345030
1496558119576608780
1496542370665537542
1496534829084590081
1496242313940639752
1496213353584377862
1496181773331480584
1496157761549357066
1495827453884997634
1494767721912967175
1494730062448316418
1494712463518015501
1494687706445713408
1494465092079042563
1494435418808459264
1494395102969667587
1494381741519351809
1494339385826840577
1494326976219213827
1494315992171925506
1494053286420357121
1494025322949394448
1493630657125396482
1493598798005821447
1493320156055023617
1493273639134846978
1492577470465331201
1492576364943265795
1492576363613675525
1492576362187694081
1492576361218727936
1492576360178585602
1492576358861578242
1492570060933812226
1492570059679617029
1492570058538823680
1492568183659761670
1492568182565048336
1492568180891529216
1492568179826167810
1492568178811154437
1492526843324469249
1491878583773675526
1491870435260223492
1491822403697135616
1491778497055973378
1491778495856496648
