1534631337449201664
1534556838137671692
1534536755734626304
1534536706493390851
1534222778446102528
1534189387101130753
1534174441231597568
1534147104435843073
1533935941605367808
1533876726295576577
1533874217116127234
1533819572620603399
1533815798531227653
1533786689239453698
1533089086717689856
1532791502497370112
1532743276935225346
1532709824655507457
1532504090336428054
1532399810170454018
1532399510911078403
1532159481370517505
1532095905901563912
1532065176144728065
1532045748304592897
1532029606785597440
1532021513125257216
1532012142727143424
1531998922981490694
1531990381004562433
1531982458320715778
1531798482310373376
1531761862555189250
1531662756868407300
1531642337763393536
1531349071553765379
1531235904039403521
1530257186173108226
1530207871819972610
1529880533500628992
1529880475409457153
1529868300301352961
1529850227724779522
1529826845134204928
1529449087694667777
1529396297089929216
1529174097799876615
1529167655923601409
1529145583663038466
1529121184192811009
1529120770995146754
1529076241197834240
1528903333326557184
1528880910975877120
1528873515079852032
1528813214116597770
1528766808634925056
1528755527467114499
1528723943028363264
1527819056677638145
1527699808831537152
1527699723901095936
1527684678630756355
1527395258996334593
1527351053527961601
1527307545785737222
1527009621382250499
1527003091182157827
1526959502939107330
1526901231716794369
1526667540813996033
1526657999892258822
1526651232814829569
1526613863680167937
1526596999247691777
1526567121337163777
1526342812631023616
1526320936508596224
1526283246861950977
1526212339212726274
1526179794920120320
1525912775335235585
1525831393607024640
1525831378830491651
1525151696602730496
1525117863752769536
1525087149787340801
1524840707323744259
1524797991944699905
1524780335581609985
1524774156369281024
1524769760378073090
1524712338695372802
1524492295806017536
1524454711314767872
1524431344654241793
1524397517076582401
1524375304973819906
1524369757281132544
1524066350322397184
1524059647031795714
1524007683145314304
1523815629232427009
1523684846752911367
1523646944794783744
1523286620673249280
1522629862892130305
1522623165679218692
1522561510081445898
1522550285276753920
1522359581980119043
1522232419096662016
1522223713042710530
1522202269453803522
1522198569859657728
1522192588408827904
1521569302394122240
1521509296340717571
1521449225862713345
1521177283482030081
1521141100232290305
1520061029744627712
1519813622360383497
1519718322568314888
1519709552383508482
1519692145493520386
1519682724797329409
1519678561006850049
1519381049104547843
1519361261120724993
1519355347567316994
1519287025211486208
1519284549645225985
1518952860624510978
1518652559140995072
1518599406064390146
1518568038618087425
1518338262573715456
1517565735639339008
1517563671467204615
1517504722705559557
1517485928150978567
1517484983421702144
1517147803046146049
1517128288627572737
1516810856826290183
1516766136733421570
1516764315449274370
1516510201586798606
1516439714429030400
1516403456361312258
1516126699435483143
1516082970859298818
1516078173162811395
1515652287682781187
1515369553404039170
1515109093563899908
1515057858659950592
1514940162945470465
1514688693952466956
1514657860894011419
1514636044741877771
1514389424376795136
1514294903223820292
1514293571632910343
1514240765366620163
1514222543053508608
1514196293417119749
1513997240347643911
1513944074637697029
1513923811095334912
1513884021364862983
1513884003249672199
1513862192139055111
1513620510751526912
1513574674302746637
1513543393967755271
1513153542105747461
1513131957638553610
1513131931906494464
1512771524637376515
1512519737166680069
1512516133324312583
1512515584113754119
1512486173490487297
1512437534625832962
1512408055840976904
1512098501194395656
1512095669443600388
1512077173099663368
1512038953167294466
1511822266576871437
1511803362656010240
1511749032087064582
1511735395821707267
1511692248391503877
1511675798712950793
1511462427224854533
1511439571531317262
1511413627319951363
1511397037207703555
1511395446211727363
1511380224897859587
1511354588368191491
1511320553000517633
1511125858492329985
1511080942240210950
1511005208444387331
1510986527731593216
1510754582103793680
1510605961580490758
1510387963112394754
1510244515126329352
1510022887570350081
1509991458052489222
1509956645329293312
1509909418636460032
1509897517751803909
1509890826092097536
1509879722154549258
1509676258463993865
1509664433378840588
1509605086309371913
1509536272079110147
1509534555753095168
1509504976745385997
1509299414405455879
1509255117060595717
1509224019161235460
1509186818490736640
1509170916412080137
1509145074751451143
1508948377513385992
1508923259731034120
1508895114000744461
1508894742112841735
1508873645707382792
1508863166385696772
1508808179173494798
1508782094381731851
1508561131417346052
1508522063136497666
1508460108027731975
1508457155871051780
1508070454271127552
1507709872103641094
1507506563392716806
1507378161679585282
1507369072861851654
1507367184267423755
1507115218102632454
1507083304155193348
1507003019514195968
1507001536894881793
1506754676125011977
1506645944317710350
1506629794653425666
1506628678201053188
1506602849215602693
1506343257718112259
1506269701340647424
1506254390725947392
1506238059754446849
1505996317851537417
1505964269556408323
1505922277807992841
1505873833336659968
1505211162228572160
1504835252816068622
1504831493893406746
1504589068209897476
1504555801012326404
1504555101867978759
1504506815333212163
1504480474177056771
1504467475164897297
1504445214093680640
1504125255337533442
1504110046204108802
1504096148184780801
1504091127695171586
1504078570938937348
1504075080246177798
1503888575364014080
1503793997797601284
1503769474557784065
1503763991432253441
1503760530238062604
1503502322319638529
1503437587243048960
1503363921259941890
1503339052891836417
1503127147694731268
1502774081363582980
1502395256456757251
1502389631899348998
1502371162147495940
1502366758681726978
1502318130550476801
1502318094324322306
1502282517084319747
1501996040739864576
1501978895364460548
1501975148752211969
1501974115485458433
1501933386058764295
1501915556831801354
1501903242128760841
1501750254722560000
1501651706131755010
1501597777519861761
1501584669296537603
1501295771022364678
1501275350462087171
1501213474348802054
1501204361556467716
1500975238179266560
1500975222631149582
1500941980221812741
1500896251772129282
1500875045937242113
1500828015453954052
1500827306230751235
1500548740981088257
1500445924199383043
1500108356660432899
1499842153362644993
1499791925267812353
1499735138992852993
1499517197454090241
1499500560181047298
1499480739980746764
1499467044911255561
1499438438420029441
1499399721739190277
1499109336576057349
1499104142194790404
1499077943708033025
1499077269029072902
1499067929719197698
1499067324640464898
1499064607234826251
1499063567890407434
1499022461614104581
1498993385306218498
1498872863041929222
1498842964046622721
1498809843729276929
1498787174896054278
1498777921070239755
1498773623234088964
1498745262705201158
1498736365307056130
1498688935295434763
1498673542614892551
1498670807610011651
1498654447135870980
1498654161415680008
1498433893086736385
1498410685088382983
1498331395663577092
1498033626725900293
1497615987969081346
1497556445990166531
1497318084956200965
1496942572027232259
1496941500508295178
1496904329135022081
1496840026696699905
1496837582470189057
1496617941873438721
1496553927050936330
1496514356766556160
1496497831477186560
1496496898483576832
1496475122932371459
1496253358209966080
1496232322089291776
1496227284281348108
1496206553145352199
1496206462091243521
1496193628422737924
1496185559395573770
1496152344068820994
1495831551334047746
1495829831300354051
1495733705008201734
1495572047577157637
1495507353579536390
1495384545394405377
1494806500052713482
1494799341592137729
1494797564767571970
1494745232570781698
1494721926249562112
1494704958591143940
1494677531659845635
1494487889090162706
1494430240407441410
1494427346333483013
1494404747268341760
1494392601595764738
1494340368376033280
1494330377543897092
1494071139018190849
1494056122671632385
1494006804124246020
1493993693191286792
1493992482882916356
1493978334669193216
1493959781723349002
1493951418994208774
1493949018925379585
1493919975916122116
1493919481235714052
1493744236189081600
1493721472082358275
1493653725965078531
1493635926546862097
1493600316830502923
1493593038299570188
1493576141403299840
1493572786136227848
1493333530725818368
1493245127057448961
1493235019766276098
1493196258890194947
1492979511499055112
1492920615887638530
1492894844418764803
1492863269480157188
1492862968232660992
1492232729001447432
1492153848928026625
1491863768011358212
1491837630962622470
1491828632611966981
1491788991909089288
1491784822322343937
1491562791446188038
