1534604931453399040
1534226188398481410
1534218715901960192
1534157123441020930
1533991547431227394
1532829816008884224
1532789358629212160
1532204704960217088
1531976397845151744
1531668086843133954
1531606536056979456
1531249071297536001
1529555407680720896
1529554151134355456
1529213326030700544
1529211536513843207
1528714906874306561
1527635592045113345
1526916168082198531
1526556616052690949
1526554983986089989
1526323653675257858
1525204803667873793
1524465936052498433
1524407401914703872
1524407014822137856
1524097251446071299
1523272764630523904
1522608387728498690
1522605944210956288
1522214785118457863
1521978084924264448
1521977917038895105
1521641049919209472
1521641048686084099
1521641047461404673
1521518504943538178
1521474880918728707
1521218020655476736
1521191533696925696
1521112444617297920
1520387630172676096
1520093068648751106
1520025322384723969
1519678144646721538
1519315612354367494
1519308465432322049
1519285364745244674
1519078081377488899
1517505798032740352
1517147410073456642
1516846328537653252
1516453190379741189
1515646338129616898
1515315332877012992
1515094482705858560
1515042329102630915
1514975059181506563
1514397708257304583
1514377920881606660
1514377617453068288
1514343521909620748
1514306868780408844
1513289134982451203
1513124783025795076
1512920127393697794
1512422176707780616
1512162306167296003
1512162303784984576
1512052701638664193
1511738631362433025
1511691138771701761
1511448721585750022
1511410676551594000
1511329068037419008
1511056969116917762
1510587958931431428
1510011958627553283
1510011956148772870
1510011951593791497
1509932933473312777
1509932032549396481
1509869462455046178
1509587836118441984
1509147254417936387
1508962697089589249
1508933405672673288
1508933404154384389
1508893728404090895
1508819749681172486
1508773166172286982
1508496241147133952
1508432024184541185
1508152919044075525
1507809176914993156
1507738551668125696
1507381596281835523
1507095166707982338
1507094973010919432
1507094970074812425
1507012088639594500
1506676930095071241
1506645298239754252
1506616582281256960
1506331601294274566
1506267184342970371
1506052411907002368
1506052409252065281
1506052403119939602
1505238723193188353
1505184953990004736
1504917364378378243
1504869789071822848
1504869720935251971
1504846834002444321
1504633736327049217
1504633674930733062
1504533661269598211
1504532326721720321
1504475543386787842
1504182088567869454
1504181581161930754
1504181443982987273
1504171437736747013
1504121206009737224
1504070322991079424
1503860083792527367
1503831101420224512
1503811257945755649
1503759957954633735
1503731384711626752
1503480856048021505
1502689345567920129
1502411551927644161
1502408483358060546
1502406488660320270
1502404267277180936
1502106143660855296
1501916053898674183
1501684535720824842
1501600004980490247
1501564190896627715
1501328550904926209
1501183221278646277
1501174220721688577
1500987505314779138
1500630070175670273
1500629951422373889
1500629712451874823
1500629369055756290
1500093509105242114
1499759897382109192
1499421659912192001
1499378716014792707
1499063508310409223
1498855521675358221
1498855423960621058
1498828160972042240
1498818814687031301
1498744477497839624
1498712692772810755
1498669184158425099
1498398038510952465
1497336890013495301
1497296135110774791
1497224034727116826
1496923143994327040
1496840036238729223
1496579265294446592
1496576551307157505
1496551337546457092
1496497743363203074
1496170645134188548
1495802026567114754
1494795270558785542
1494793680498171919
1494727887894765580
1494062988000649219
1493973727452839940
1493947840967675908
1493584174330134531
1493390531656826885
1493258344378814476
1493193330515193857
1492526246139473927
1492164083227017220
1491878887583887372
1491860960092594177
1491795338599940102
1491782169278042113
1491537503119187974
1491532666478469120
