1534550826051584000
1534536890640125952
1534532446468833281
1534256380458045441
1534180411164745728
1534172742186061824
1533905417381761025
1533788295632588801
1532776915215458304
1532759132981415936
1532733730682544129
1532526511550504960
1532526026055622674
1532490080962715649
1532432552320978960
1531976358204649473
1531676313052131328
1531676199151452167
1531656038889431041
1531636095540154369
1531626584721047553
1531621733672927234
1531256361094356993
1529904409068584960
1529842134496555008
1529557704376729600
1529442446509322241
1529204521452331009
1529185714323193858
1529145207131734027
1528766012748963846
1527698739992969217
1527389731583143941
1527357564786135045
1527104923061698560
1527003050094866432
1526991804108791809
1526911170581610504
1526909631934648321
1526909306062397442
1526606608331153408
1526536761693941760
1526256561982779393
1526252134169288708
1526220622476484609
1525505344839073793
1525203043096076290
1525149962106982401
1525142917114908672
1525098128587751424
1524841845456523279
1524834193238282265
1524500269798760448
1524498202635948033
1524424182787883015
1524368108105916417
1524367791729561606
1524367396613545984
1524363304780587008
1524362014096826376
1524361285273595904
1524360401361715201
1524210067607900162
1524092566353948677
1524091732882767873
1524078138250178561
1524026583329218566
1524021236359172098
1523760360389431296
1523742304288186368
1523682565944930304
1523279047224176640
1523104139420479492
1522934190911766530
1522679211265306628
1522617089978253312
1522308542568538113
1522296848861609985
1522273647783817216
1522243331580903424
1522234723908599811
1522229718023553027
1521643444921319428
1521610241221222401
1521527792139132935
1521527440882950144
1521297424941301760
1521224007940513792
1521148680757465088
1521104721154482176
1520937200837398528
1519776240596664320
1519757011814080514
1517596270696747009
1517579198805778432
1517554347026046976
1517538633171017730
1517509552064843777
1517501141889818625
1517480839453589509
1516792490527019013
1516792192098045955
1516408865251893248
1515668902226792449
1515312432130015236
1515106444227629065
1515017994656784390
1514641811867848705
1514312713719230470
1514226675759919107
1514226671360036864
1514226666545233928
1514226662220644354
1514226657808330756
1514226652196261889
1513945774064910340
1513910417436856334
1513624992772235264
1512791509342507013
1512791507799097344
1512791506112950274
1512791504426840065
1512791502514274306
1512791500752625667
1512791498705805315
1512791495274807299
1512791487511154696
1512791485594353666
1512791484017352704
1512791482457014275
1512395596480618503
1512167032690810891
1512132555453173760
1512132450188677124
1512132290616467460
1512131787056627719
1512131410022354954
1512129938887004162
1512110028433539077
1512087196601184260
1511810069540835328
1511773924832464899
1511735983351422979
1511445228309340166
1511345938031390734
1511121639144103936
1511086674436141058
1511047535980331014
1510954748152799239
1510643382250524678
1510030802821726217
1510011771737759747
1509935625323139081
1509581609934204930
1509579438211674120
1509577676914409479
1509575028249145346
1509555197181366272
1509531788749668370
1509516192679137281
1509248473723453444
1509226292830515207
1508877703658811401
1508874574322192388
1508874404335431689
1508874222608826371
1508834554542542853
1508807287061757956
1508545542414114824
1508523484305047560
1508513295413784590
1508414779857293315
1508138058666942471
1507732728803901444
1507452655924350992
1507430403589685253
1507380112051822597
1507059966431178761
1507057814388236293
1506978837246234629
1506788501957795845
1506732806814248975
1506731373054332938
1506730765530374150
1506730561754353665
1506730452807204865
1506730344757792784
1506660420483960835
1506649188561522689
1506640444012347402
1506632741747671040
1506606643907383299
1506605922684182534
1506358261704007692
1506357395185885192
1506357211592802308
1506356842238296073
1506356557314932737
1506356440503574528
1506281924502994945
1506269463083114501
1506017552329285637
1505936356387823618
1505936322275561480
1505920307646902278
1505902714961764352
1505691221062266887
1505679078157950979
1505619756140924932
1505582529612558341
1505562043302227979
1505550263322558464
1505498102941294593
1505314902277251082
1505251226384056326
1505176519504760833
1505176511942385670
1505176508339564547
1505176506615713796
1505176504367525893
1505176498835238913
1505176490157170691
1505161978280648708
1504862833531576323
1504563149722247172
1504517928426737664
1504477001549168651
1504476087711002631
1504463780075483140
1504214566317993984
1504213006091231232
1504213003754946563
1504204014392647681
1504139821685612545
1504138225300000771
1504130346144706575
1504112898402045954
1504107527860101135
1504104033421832198
1504091388996112388
1504086968208171012
1504074506549317635
1503856708048859136
1503794618504253447
1503794297744801805
1503738149243084801
1503701664926248964
1503433012360458242
1503427498629025792
1503427494854242304
1503427484993437709
1503427472964079629
1503427462276997120
1503427454622474249
1502639960318488584
1502438923653599233
1502435675823562752
1502435609436213259
1501952100657508353
1501929291726016516
1501776447161126918
1501769766360469505
1501759698063736834
1501758121164824576
1501743849496055808
1501294477771776003
1500974061798711310
1500945922347483136
1500945244141015040
1499851430613729281
1499802122312982536
1499782315957968906
1499781154962034697
1499463440833916939
1499461205219549185
1499425081038196739
1499177052766883840
1499076896914558982
1499076796817489925
1499045635143647237
1499014301864304641
1499013814146277376
1498863777818808320
1498855225486106629
1498854225614450689
1498844555407499270
1498843919978803201
1498838361452294152
1498837442048241665
1498833519757377540
1498795859097620482
1498744320882622466
1498704200150233088
1498464013562306563
1498452826560868357
1498443303683035148
1498373377169448964
1498368537806745601
1498318515773710336
1498279394573529089
1497214457168252932
1497213925007544330
1496982638342594567
1496953699196940290
1496934622818709515
1496934324544942080
1496874526172454922
1496846772538380293
1496560861082759179
1496517819936260100
1496503388326047756
1496213940505825286
1496213849262985218
1495757490625073154
1494730887145086979
1494687394850816005
1494428970670034946
1494342107561082881
1494012418783170566
1493981397723328512
1493957686022582276
1493632977762459654
1493397702280990723
1493327791395414019
1493305102886711301
1493255516675526669
1493206320929030149
1492995189299986434
1492840850338029568
1492611223493427202
1492242367193231363
1492235510634491906
1492190487855476739
1492188085408473090
1492122096876539907
1491934811161870362
1491762625943797763
