1534654942522224645
1534610595634466821
1534555125091643393
1534360154723991554
1534276578397589507
1534208567900835842
1534184282922565634
1534172687144214529
1534170130732699649
1534015403445338113
1534006691666268168
1533925000432033793
1533901876017745925
1533899413772460033
1533858405156171776
1533828809174265858
1533610553553432576
1533541673648676868
1533481700445065216
1533477058214600707
1533439533768970240
1533439485035302917
1533431162470793216
1533264855360208896
1533136283211550726
1533075735430168576
1532842804312952832
1532734516816756745
1532687389055160326
1532566887544066054
1532512408274599957
1532478939276402695
1532476786604482560
1532475720001282048
1532450637518184448
1532450148596563969
1532416269261099013
1532391198119407618
1532386667226619904
1532381920855826438
1532327433608765440
1532326921471762433
1532194758218682370
1532193818375856129
1532131941130063875
1532128919209533446
1532126293705244673
1532119595250851842
1532055572564086790
1532011222534696960
1531823813071192066
1531778781911851008
1531778780645281793
1531778779302993921
1531778777881116673
1531778776593584132
1531761955987410946
1531761924756713473
1531744211523063808
1531734160045375489
1531734098053672960
1531706161858240514
1531365168806080512
1531363813227888641
1531359607012134925
1531353940738162688
1531344677143724032
1531282220144541696
1531280244530872320
1531278046153654275
1530944310782349312
1530943649449639937
1530919226789208065
1530894876581036032
1530757669547646977
1530745227115479041
1530647226065866752
1530618807877877760
1530618757277548545
1530618376678252549
1530564258857201664
1530564110005444608
1530550957247016960
1530550955527249922
1530550074488590337
1530393733853757440
1530376221531508736
1530328011744100352
1530319981245870080
1530307931534725128
1530230391709351936
1530176782560804864
1530174296785620992
1530028243251773443
1530017852224315398
1530016679144701952
1529987929191370752
1529958969900425219
1529945263837790219
1529943953449140231
1529900080614060036
1529898117306392576
1529678114808373249
1529651013724127232
1529561699103264769
1529305278604361728
1529302094485803012
1529292993697660929
1529290955739828227
1529261581363822594
1529210354051719169
1529100966842204160
1528848210353061889
1528847808488431617
1528527312655982598
1528485735619248128
1528156419626778624
1528155144822697985
1528144572903305219
1528086272245391361
1528053055333322753
1528052425462095872
1527795362811064321
1527786463013883906
1527770378671644672
1527761211798044769
1527673448109117442
1527670189751472133
1527654073624842240
1527651302045634560
1527650806891175936
1527647362063155200
1527633783704395777
1527399656933703681
1527390935159652353
1527385277827776512
1527384665157410818
1527383728129196032
1527383230508191749
1527383031823994880
1527316393573502976
1527316158952550401
1527298386977820672
1527292396064718848
1527270955432787971
1527108365071044609
1527107681453998080
1527107529473413120
1527107119799062528
1527093157564928000
1527042195198464003
1526939441851518979
1526931453338173440
1526676458793467905
1526662905927766018
1526635596025942018
1526635519332999174
1526627366285594625
1526625422263336961
1526594980613173248
1526559815652323331
1526558594547830787
1526273321666596865
1526271359646580742
1526270197262430209
1526252622981783556
1526246861169901569
1526246693855019017
1526243632264749057
1526008914399092736
1525995815856222211
1525995700697325568
1525973476443660289
1525972972586119169
1525972858178002945
1525960239069134849
1525959306272710657
1525954238710521857
1525940949548924928
1525919153827225600
1525917909268283395
1525917743136100354
1525917612890374144
1525917522557644802
1525917448687521792
1525917316013342722
1525916513277992965
1525904162604589056
1525904112709210113
1525904018853220353
1525903925878132737
1525896887353675777
1525875726070779904
1525855115470684160
1525851065991806977
1525837261522231296
1525832364810805248
1525640670857285638
1525628135798198279
1525626336441782272
1525561547833151489
1525501379892195328
1525499777806311425
1525497440299892736
1525496772222754817
1525495614267596800
1525494916436185088
1525479004639318016
1525330413673140225
1525284848235122692
1525258509176164352
1525247453745881088
1525243622148423680
1525190699846709250
1525190142281007105
1525189315676053504
1525111427379470336
1525105782903259137
1525105443105820677
1525081896899706880
1524925104941039627
1524913796371841032
1524904626172178432
1524886197813796880
1524883147346804736
1524846151857491983
1524844129716424733
1524812925696987141
1524807451698151424
1524806192014442497
1524804617208573954
1524774725418946561
1524772547417550854
1524761824335384576
1524760993078861824
1524753021229355008
1524747903503269888
1524747162114039809
1524735318087409665
1524734348557271040
1524578676490313728
1524565325152464896
1524520502492020737
1524485806265614336
1524425760748019712
1524399518392926215
1524390285052198915
1524387737536811010
1524386604890140679
1524386603606622209
1524386602243530754
1524386600985280512
1524386599710117890
1524386597696942081
1524381781398540290
1524381204794986497
1524173781123674112
1524029326416560129
1524022959106625541
1524022135483772928
1524020623579783175
1523849793289834498
1523849153670963200
1523795926183444480
1523709273687027712
1523668787849216000
1523638136378892293
1523440335640489984
1523439774933012480
1523438007390699520
1523371345072979969
1523282584872308737
1523278071360790528
1523105089187348480
1523017485720510464
1522950379931156483
1522948572429365249
1522945132105981957
1522933539481997317
1522933255489654790
1522715262499311620
1522668947111395329
1522667880042614786
1522551240848195585
1522337596260630529
1522284340184592384
1522255064278130693
1522249227535106052
1521991018366877696
1521988086720348162
1521987810936475651
1521980232722534405
1521700576551223301
1521495501371228160
1521337278735527936
1521329743966228482
1521307728412610561
1521277163118415873
1521152971320569856
1521136503426109442
1520949597455233024
1520893756777631746
1520794845882863616
1520793737194049537
1520160402558095361
1520158168843800578
1520142380338450433
1520118968073211908
1520100764965871625
1520032480195141632
1519855252903759877
1519830949130874880
1519815815561895936
1519797051462139904
1519433541666361345
1519429548529668099
1519359366645878784
1519359118158536706
1519325937799733249
1519317870349631488
1519317043337699330
1519302030438903811
1519142182703312896
1518981877209706499
1518728780361220096
1518724045801500673
1518692199839543296
1518686750754881543
1518681414421876736
1518648721516412928
1518338938565496832
1518312447370829825
1518232312433025026
1517784187876483073
1517645432473591808
1517645145662918656
1517638854223622145
1517382610384785412
1517268470802653184
1517265812993806337
1517265751182348289
1517265685726089216
1517252445428195328
1517250878675292160
1517183732922388480
1517168725023199239
1516837755724120064
1516834525430657036
1516834424733765633
1516671396964884480
1516502061365575684
1516304522561347587
1515853884773711876
1515803230944612357
1515732919263936530
1515726065423249408
1515695177062662145
1515476625424408578
1515462341109854211
1515358109287555080
1515016697824129025
1514784652090765321
1514734896266289162
1514730836507205635
1514730715744813066
1514290154499883009
1514289427232792591
1514237987659341825
1514233488970752001
1514223870844227588
1514223845728739335
1514221830118203393
1514063230246658054
1514063086595895296
1514049484027740162
1513922986633539595
1513368357936021506
1513362369187127303
1513362260667817987
1512927680819175425
1512927611353194499
1512788161029709825
1512787676780535810
1512536010646765574
1512532213765652487
1512406548173271045
1512271661407612936
1512164167834390531
1512146394848575498
1512133757607763973
1512125362586759176
1511864057829085187
1511747026148593674
1511746913380585484
1511481084411797504
1511449884792078339
1511419120897728514
1511415322674348047
1511387284800782339
1511359133366300676
1511346163970150407
1511345505577672707
1511148126480089099
1511001577385046017
1510838259101880321
1510707961580204040
1510609860802531330
1510440759652237312
1509705816479309825
1509701397356421125
1509637213776138244
1509636787303497732
1509633789504462856
1509627829536886790
1509593892433416198
1509585239391223819
1509553008987758595
1509526359776845825
1509291544049762304
1509283622389436421
1509220043795668995
1509202963788558338
1509184628120498179
1509184127244943368
1508972583013830670
1508932547207733256
1508922967081771016
1508919633625206786
1508832920236089354
1508827162303942667
1508826391541911552
1508662549461491712
1508620722612097031
1508617923874668544
1508617367802286089
1508611287277879300
1508609000325230597
1508595620105396227
1508539598137397252
1508539305010114560
1508523749322153995
1508523299994800132
1508511206163763203
1508211415080968198
1508210548722348040
1508079561895989254
1508075961128042498
1507765330722144261
1507765176896004110
1507745114705256452
1507745002398568448
1507744591331667973
1507742972955312139
1507742622944837632
1507741030745001996
1507737037893419019
1507715681483169792
1507415462765895684
1507370366330720262
1507369780935860226
1507357483051986944
1507113707612037124
1507111311833980934
1507083234819072006
1507083141256781836
1506976971162542086
1506976785292013571
1506770086933188615
1506714946561843203
1506643779096387587
1506431675391168514
1506431674418188293
1506428135402835972
1506361991883116551
1506320489710563333
1506276160363274253
1506275702492078083
1506274444393725960
1506020163254071296
1505938552491851778
1505705926833156104
1505603160173428742
1505551175382355969
1505538390124646405
1505538221022789633
1505526096116297733
1505522663036497927
1505268478944718852
1505162738011623426
1504985524972527619
1504884570918985741
1504881984119656448
1504878802094198788
1504838269384916995
1504838206843412481
1504837656559169538
1504790745336717317
1504639787411681301
1504609260625440771
1504584924669657093
1504584899503738886
1504557986093711363
1504499523858665478
1504499375661322251
1504484470837039112
1504477262829154309
1504475751340412929
1504442458570117124
1504440300684644354
1504315257744936965
1504253259346759690
1504239074542071813
1504169815543582724
1504134654860922885
1504125051800629251
1504124972322770953
1504124929872125958
1504122328921292802
1504095351501901830
1504095325656657921
1504091910465626112
1503933638282563588
1503750969410084864
1503723679666126850
1503491619999391745
1503489890075480068
1503476801326227468
1503438406323425283
1503097000442699777
1502630683897962499
1502626568035831808
1502499437410721797
1502484364239806466
1502435223170174977
1502435155373436937
1502409993349476353
1502406774317584388
1502377392702119943
1502373700380807173
1502371988291084296
1502370958920802311
1502345792983650305
1502325840926973952
1502324951600222208
1502303658733674496
1502287529046941697
1502126196175298575
1502106046978048005
1502104515964813342
1502098786570620932
1502063264095776805
1502025389354455041
1501974965301792771
1501960219349307392
1501958794938658818
1501958793298690050
1501958791625064451
1501958789871939587
1501958788110327819
1501781610647199746
1501770262450159621
1501767257415995396
1501735208365793284
1501680405614891009
1501680280838496261
1501678812651790338
1501632407597989891
1501620612338712577
1501607947729780742
1501607070923165704
1501589436794028037
1501575069780385794
1501405043634937858
1501405042011611139
1501405040241786880
1501405038601723905
1501405036965998595
1501405035409903619
1501405033790902280
1501405031328739329
1501405026543153153
1501332585628143620
1501306528351010825
1501060337747083268
1500968712412798977
1500968623283834885
1500918786312097792
1500913737007607816
1500904310414225412
1500890186917498884
1500885987240685572
1500885503511515140
1500602863516532742
1500601324244713472
1500557252675186693
1500515664523632640
1500515553928261634
1500509837079232516
1500495316637917187
1500494009126596610
1500489434243944453
1500487816488308736
1500288259435503617
1500287923517861889
1500259002457989122
1500251095179870216
1500247361762828294
1499893484471341064
1499852735188975622
1499851402633486338
1499828097327239172
1499813705067937806
1499813015813857280
1499812489516757001
1499809099051155462
1499776381978398732
1499751253290758155
1499435245736796161
1499427870652907523
1499418746531758082
1499418436870578187
1499393987844653057
1499393939417280515
1499393835486486531
1499393540106952704
1499392943328829441
1499390031848513537
1499247259615125507
1499015956256931846
1499014832766529541
1498861437569183754
1498827348971556867
1498824268305551360
1498805664147288064
1498790635930886144
1498775563712016392
1498760437420236805
1498722810356768768
1498684888270188549
1498520490733887491
1498477869936398340
1498477869022035972
1498477867382018049
1498477863804313600
1498394419904536576
1498393539008421889
1497749990214676485
1497747503113981954
1497743847430008835
1497729586511200259
1497728163241205761
1497680932366602243
1497622038747492352
1497588739689885696
1497577114975023110
1497337405904412676
1497329727517990913
1497315824675299335
1497314439825182724
1497220655934226454
1497215154236309524
1497181409873739778
1497005636730736644
1496975278819753991
1496916624972079110
1496892392775069698
1496889526584754187
1496883562494283781
1496883295908507648
1496861959052046340
1496859600917774336
1496689591142735873
1496689590161362946
1496689589293137924
1496689588341030922
1496689587091120130
1496600644966359041
1496580567638462474
1496491924403929095
1496491117369516032
1496491035379347459
1496490838947418113
1496490210212864013
1496483616917962755
1496482585974878222
1496481890915831812
1495743342398693381
1495445709671260165
1495445621490208770
1495110781658095620
1495110635826388996
1495109522075095041
1495108320226648068
1495106429711224833
1495051013719527431
1495050940134539267
1495046057536983045
1495045396225265674
1495029031657476097
1495017872766210051
1494747260126523400
1494728918267731968
1494715623187763203
1494691167820128269
1494687008052039680
1494448366830469121
1494428782823890944
1494325164514832395
1494324758371979273
1494299584637591555
1494299261240020995
1494070034620207105
1494025708519276548
1494025256750788615
1494005400697511945
1493969612224008198
1493969413913169926
1493797825880244228
1493793608473976839
1493761360521576448
1493692281475457028
1493679674769219587
1493642852483710986
1493595310056259595
1493586139357270025
1493444381692645377
1493444380421726210
1493444378580373505
1493444377213026305
1493444375925465091
1493444374700695554
1493444373195161600
1493444371257171968
1493444369868853250
1493444368593821699
1493394769535549444
1493394712933191680
1493394405620916226
1493391425819529216
1493328921760309248
1493263987139559426
1492917654939746309
1492714216448483328
1492538688508768259
1492319464070725635
1492317755852349444
1492282771913383939
1492281772717002757
1492177513912676355
1492134185645096961
1492133464161853444
1492129102081531908
1491992819652780032
1491901482546958346
1491845599725031426
1491844647580311561
1491826597854384130
1491826060526338049
1491825094309683208
1491603511238447106
1491602998530875393
1491602586587250694
1491573123069714439
1491572638615052290
1491559788882370563
1491559631520514055
1491546513763414017
