1534638908289449984
1534634875583614976
1534584581378166796
1534543299142467590
1534268722159943680
1534245486873481218
1534210584379523076
1533908406528090114
1533908352048275458
1533908296654102528
1533908233974423553
1533820511171579905
1533799170276003841
1533537394502340609
1533194637682384896
1532857663297568769
1532754128132251652
1532723943513145345
1532718745843650565
1532467345435811840
1532412741637611522
1532398687627911168
1532386039137984514
1532035708097011713
1532035284312936454
1531678903890231296
1531279519226683392
1530993884477759488
1530656415349710849
1530289721678647296
1530289711109005313
1530289701164396546
1530289691026542592
1530289681832853506
1530289673330892801
1530202311691214851
1529877312988143619
1529558827238055940
1529555270279602178
1529508423972409345
1529498020995383299
1529498019627925505
1529463242786893825
1529242992862810114
1529193332404015107
1529100044070178817
1528868723280400384
1528803158197248000
1528741161279664129
1527686599215140864
1527686093671481347
1527686092249518083
1527686090882162691
1527686089179287557
1527660467975512065
1527656436976734208
1527656094004281344
1527390318290673664
1527329856828379138
1526662671126626304
1526584747207565314
1526575963206729728
1526548402477072385
1526289029821566979
1526289028064194562
1526202058835169286
1526201602889195523
1526200799918964738
1525876019399467009
1524829839986937881
1524474308935962626
1524133502190563330
1524104274120257536
1523746379750948864
1523293901410291712
1523054316998709248
1522714079890190342
1522315733933469702
1522315451489046529
1522314050889256961
1522305921812156418
1521892830096273408
1521882310215442432
1521558946842091521
1521497442952302595
1521198957497626624
1520045532659519489
1520042235370385413
1520032701524463618
1519720363164418049
1519695490316750851
1519671893531504648
1519396133491154945
1519374550252859392
1519305884412923905
1518960720536387585
1518947988307124226
1518579132824707074
1518578849084317696
1517508536854618113
1517149623135080448
1516476230400618496
1516437992335974406
1516437991199330315
1516437990075154436
1516437988905037830
1516437987558662151
1516437986359054343
1516437985125928965
1516123092095049739
1516073618945495045
1515833737954709509
1515661475477692416
1515072505890971667
1514966912521936908
1514631195216207878
1514342666644959240
1514260755289419782
1513903382855094282
1513546028812746761
1513545126785732609
1513292996338495490
1512498285197635589
1512464739246477312
1512433025824473099
1512245059177132037
1512144143698612230
1512137744453152771
1512098589933293571
1512087406329040896
1511797296878563335
1511777105318662157
1511776856965632006
1511774175437938693
1511745557366296576
1511742779541573635
1511694041527767043
1511437063295582209
1511435424874520583
1511381359738208262
1511370456665886728
1511172016333799424
1511014753807880202
1510993515777507329
1510754268357304323
1510640779592712205
1510376548322447365
1510370238776451073
1510357407792250888
1509927855660146700
1509923425082613762
1509903892854808580
1509901538461990916
1509571243388940299
1509556434463305728
1509542225717440513
1509540218457755649
1509521572553498635
1509520378359599113
1509245015255658499
1509189941821120512
1509157119349735426
1508905850529882115
1508900555497873413
1508851901315620866
1508844344253554692
1508843500753891339
1508808143232552960
1508523095677706240
1508523094583005197
1508523093391810565
1508523092091490308
1508523090703228934
1508433532359782405
1507484472844898305
1507124810114953246
1507089665626710023
1507003274427342851
1506999052776443905
1506989779619041282
1506718053156986882
1506714445841670153
1506653137142226957
1506302909851574275
1506283237693440015
1506258973242101763
1505959079491117058
1505933132419289092
1505912619668058114
1505912334992252931
1505685870623526924
1505321980106797057
1505284728391442438
1504947506861461513
1504849083567063046
1504849058401333257
1504836659514335235
1504672191442526208
1504555523781414916
1504533041187860491
1504499955477721091
1504465005953040390
1504460766514237441
1504199752140926986
1504149864950738956
1503837263993655300
1503837262420885509
1503768853679067141
1503725607502426113
1503519874496319491
1503389454106509315
1503385236905861123
1503384746331619329
1503093544407425025
1502780728303628291
1502743070491693065
1502406009708556298
1502387411799756800
1502381999419535367
1501775496413159424
1501773378021208069
1501773377253650436
1501773376204984325
1501773375345242114
1501773374527262722
1501773373646458881
1501773371528388609
1501773370697916417
1501773369875836932
1501773368848232451
1501773366964928517
1501642653280133132
1501564392747458560
1501290702097072130
1501264003464675334
1501257475244318724
1501255416554139649
1501255413538430983
1501224321531801609
1501223232195952645
1501217539149418498
1501216822879793166
1500929647026094084
1500837116217114630
1500837060810264579
1500629808321110019
1500556329294958597
1500249047806144513
1499520087551844357
1499453824385355785
1499453823114526725
1499453821784895496
1499453819880710144
1499400480664944646
1499395979212201985
1499126654404280325
1499121562900996101
1499107903512489986
1499107901813800963
1499102638608039941
1499077837441179653
1499040278107283456
1499030498953289734
1498864591744425988
1498827805039251456
1498774876517240835
1498766218450374659
1498748750982008833
1498700051270488066
1498693829393801222
1498411281770233857
1498402667135176713
1498372437704015876
1498323319510249476
1497294483133587460
1497234085743366146
1497234084501807105
1497234082866073606
1497215447242006531
1496961877913579521
1496961876743401478
1496938125444231178
1496859464699453442
1496859455736082439
1496859447628472320
1496532052702867463
1496513750593155073
1496234818887159809
1496177326865977347
1496146082363027467
1495753678640324608
1495481386936975361
1495122772837683202
1494712729910796291
1494314027413118977
1494053221677125633
1494033284510142468
1494030869530648580
1494030072050823169
1493989827615801347
1493975724872683524
1493973537547329536
1493957643312017417
1493676796566556672
1493303025854730240
1493281395753598986
1493247283995066368
1493247017937776647
1492950207163731975
1492886090834919425
1492590080187412487
1492224261959954438
1491810014067056645
