1534666656131293184
1534645804815769602
1534645227637682178
1534612900463235072
1534266718754852866
1534244941966323712
1534217618592243712
1534217510215630848
1533943137709826050
1532826865408299008
1532790519272812544
1532756187028115456
1532429422707482624
1532408970710761473
1532118965148844032
1532118787650211842
1532031698313019394
1531674153073377284
1529925301869985805
1529891084519845896
1529836331488116736
1529590851218944001
1529590611510190081
1529590350897106947
1529590067525828608
1529564939089756160
1529552691210469379
1529517442837495808
1529502247809388545
1529501181831266304
1529499771429429250
1529499543489990656
1529498531312021505
1529495956231794688
1529229004280045568
1529155768804466690
1529102737954295812
1528825844734599168
1528816686400524293
1528816421408579589
1528754476705800192
1528753743075885056
1528750599512236033
1528748522694221824
1528743130941767681
1528742843703074821
1528726758744367105
1528046939689865216
1527724812294135808
1527687615708811265
1527673076250460161
1527672964723970048
1527672889352265731
1527672803163615234
1527672710872154112
1527372277737631749
1527339317873344512
1527338723309867010
1527024223625043968
1527012679222689795
1526946824640249856
1526647420028870656
1526614289376755712
1526578290038910976
1526567732333903872
1526293631623110657
1526293546252353548
1526293240135270405
1526293048703033344
1526209171246424064
1526191565349306374
1525686927982268421
1525226108978880512
1524845196785111070
1524527616207826944
1524487847264325634
1524487768667303939
1524487687566155778
1524467554076528641
1524451100379725829
1524447274939650049
1524424006962761728
1524204430622658563
1524170186915463168
1524129296046034955
1524098228479746051
1524085833522888706
1524058374861729793
1523741879321653250
1523343929076510720
1522992527355260928
1522992366512406528
1522642025778139136
1522629693635186689
1522365591478280195
1522351854004359168
1522200964798853122
1522006432295624704
1521913779927367684
1521912289535930368
1521849250245656576
1521842835124805632
1521582917755023360
1521491186984402947
1521490905999548420
1521490818326056963
1521490632988110850
1521490517598646273
1521263462755696647
1521220309717819393
1521192564761714691
1520843780391374849
1520124769416499200
1519787775725342720
1519766721720111112
1519766637758586887
1519766527960133634
1519765781764091908
1519733181305470983
1519729820208357377
1519715128140353536
1519663975222370304
1519409697345966081
1519324007732027392
1519119668627259392
1519115975051956232
1519088945849683972
1519016755850526721
1518966639533907969
1518665613887127554
1518588928063938562
1518322548538281984
1518224895385260038
1517984976968556545
1517865887939764225
1517605205826809858
1517517263422767108
1517494866988650496
1517252486419128320
1516582259087876099
1516528308632104962
1516159635379523590
1516134216248999939
1516129014716547072
1516128898978926602
1516111755017134083
1515820594570399748
1515773126948257792
1515747624120377353
1515660628500787200
1515096286755762191
1515057840024662023
1515035334156955649
1515013615547555843
1514623128265179138
1513908426245656592
1513902648940015620
1513629357566222336
1512545925130080266
1512475790922899461
1512224529757745176
1512224442553970711
1512188520626102278
1512188518717603840
1512188513479020548
1512188512161910796
1512153653922181120
1512131165557301252
1512092284027908102
1512076834002784272
1511829130081456141
1511414151826059267
1511095755494281225
1511089003671470088
1511088873622933506
1511088728680415238
1510377110757589002
1510370543576535056
1509995013605789700
1509943712465539074
1509640427292573699
1509588350759575555
1509290671177453575
1508887914062782473
1508887912829669379
1508887911277776902
1508806483521196037
1508499905374998528
1508499815885332484
1508207947008167951
1507032982816800777
1506804741984034818
1506725462269177864
1506725460859887619
1506712759538438154
1506710802467901448
1506697621359972355
1506655599580352514
1506655597726425095
1506400323216228352
1506370903332069384
1506355796682104835
1506355504783798273
1506350937652273170
1506348969491845142
1506098252743122946
1506098179506376706
1506098042231009283
1506050032201576452
1505951058199298054
1505950730733203462
1505949468356710401
1505927795653849094
1505520884517330948
1505335204264742923
1505199258861027328
1504920576707612672
1504874147817656351
1504827785633837056
1504506514840633351
1504284231115149318
1504284074315292673
1504218193354702849
1504194752882880514
1504174935652114432
1504174934267998208
1504174930484776962
1503852372484923396
1503822584000954385
1503804603879542784
1503791791048466434
1503491979740647432
1503084961854857219
1502334154435874823
1502334152099651587
1502302528414920707
1502008247150350337
1501992806558142467
1501950879120850946
1501672172246474752
1501656193764372481
1501656192535470084
1501620981420408839
1501620980250198019
1501398012723187715
1501344648773709827
1501290488430796805
1501220126577901572
1500998807684886529
1500926776553390087
1500826349006737412
1500654848190128133
1500141611933745160
1500141187390451717
1500141059636146178
1499877849016193024
1499796318415372292
1499775984047955975
1499765880212832258
1499765878677770241
1499539777028337674
1499497246991265792
1499455763735281664
1499436203527000066
1499405579172777993
1499143421763764224
1499142000305586176
1499120712954654723
1499074843962138624
1499057647982682112
1499057336194899975
1498859995512774656
1498858380479324162
1498844156273250309
1498841348568403970
1498838286101532675
1498836879113871360
1498816709742010372
1498816707971928066
1498816705694425089
1498816704113164288
1498816702615851008
1498816700606783501
1498786590377787394
1498711258790514692
1498449185598840842
1498390973814128641
1498381208404832262
1498337606089777158
1498337503060930567
1498337326044434441
1498309351450238976
1498111226404081665
1497959387993890826
1497228195887779843
1497227753803980803
1497227684090417162
1497227572110929928
1496877990852104195
1496735651936743425
1496734380873912321
1496186869503397888
1496152089009000451
1495928621906726913
1495928466604236800
1495928276178640897
1495927865048801283
1495791380987273223
1494779736446447626
1494750732553179140
1494489653814210564
1494461850611822595
1494418095611461636
1494126725399199749
1494079391420276739
1494042612076101637
1493978105685368832
1493978104372551685
1493706976177659908
1493591857284235266
1493365931560558592
1493234813553184774
1493072027539881989
1492124103763013633
1491936549960835091
1491936548002189312
1491807482620092421
1491569603754872833
1491564607693103106
