1534650275604070401
1528764518356209664
1526674120410337280
1526627677544800266
1525490120517877760
1524830364660908032
1524461915518476291
1524461913727459329
1524418182630592518
1524418179484766211
1524097060928118785
1524054483143168001
1524029203573788672
1523733566190153729
1522611264605855744
1521589834321649666
1521575939351613440
1520109151849955329
1520041217584640002
1520041105739423747
1518661466865520640
1517612153947271169
1517546666311704576
1516908177857646592
1516897624254820352
1516893885133434881
1516830843226005514
1516830841846050828
1516830840369647621
1516819705733996544
1516519463251763210
1516162217216983041
1516144260030025739
1515692979138314242
1515019192994570246
1514986747381305352
1514625048275005442
1513975730429964294
1513925587974463497
1513925585696919553
1513910269864558594
1511746298952798213
1511444650904670208
1511366983253639168
1511366981743751175
1511365075289976834
1511100315923329024
1511028796459204609
1509601513286651913
1509213317574893568
1508900770204327945
1508468946248343561
1508432259921190913
1507426895675146281
1507426894018347009
1507410053699371008
1506675572105256967
1506320222474715147
1506297907829514240
1506287053901869061
1505234431862353920
1504941997685153793
1504940565900795911
1504557626784469001
1504513943867469825
1504462680563888133
1504194927026216964
1504121589281046531
1504121587397808139
1504121586059730954
1503838362389647362
1503809659551064072
1503809657936261125
1503476953973772292
1503370234832564225
1502036021369872397
1502036019683770368
1501611435931090949
1501332481756340226
1501322994106339328
1501322992197926914
1501322990419591174
1501296487396958211
1501259008392540169
1500928852067078145
1500928850527723522
1500928848732508175
1499854291321995264
1499792502194569223
1499792498759245827
1499792497354104836
1499425681284943879
1499415990177869837
1499415988827267076
1499415986805653507
1498861152918511617
1498861048669081601
1498860771744362505
1498856982891139076
1498855643557605383
1498769590108762115
1498676790046384131
1497715202741129217
1497715201264791555
1496843188702752775
1496625509819686922
1496614273014972422
1496163719742689283
1495803285135142912
1494006669902286851
1493699898427990019
1493317783970619409
1491816204935311362
