1534520629176803334
1534241280590495744
1534217500233289728
1534178327937835008
1534167039379742720
1533853655270666241
1532784178273476609
1532723787057225729
1532421790873620480
1532391801973268482
1532361391436341251
1532077021219921922
1532043574283476999
1531629428274565128
1531256969557856260
1531256761545629696
1530214211061784577
1529937162602438656
1529469843455348739
1529181270344867840
1529107451466817536
1528748837690437632
1528056382813085696
1527970917028077568
1527680558913888256
1527673863521304594
1527673861088727042
1527650355013623810
1527318159916683264
1527295514340823044
1527284972242907136
1527284907638153216
1527084160065716224
1526987545862717440
1526978424295698434
1526963325371924480
1526929348774838275
1526661333634035712
1526634101293428742
1526623587804884992
1526600936138735616
1526566960544239616
1526558903965720581
1526268747698147328
1526231005454954497
1525926760956715009
1525923087123881985
1524892236609114112
1524857440008798208
1524831523026915335
1524804744660799490
1524804743347978240
1524800844369219586
1524766346202001411
1524758662056714240
1524446830423121921
1524417127901548554
1524417126580297728
1524346380369727488
1524079188772335616
1524039470034694147
1524026983499374595
1523723332973043712
1523723331614408706
1523664082473205760
1523275498465284096
1523106758172057603
1522675067456561153
1522656191301754886
1522643996014747648
1522195657079111684
1521946931056066560
1521852159477698560
1521558757846704128
1521557702916419584
1521514320366026752
1521514318617006082
1521510068553924610
1521505826598535170
1521220714904403968
1521195317374427136
1521159174251597826
1521159170480820226
1520834659281739777
1520541613893865473
1520410982706728965
1520394850104922113
1520372398918443009
1520091127050866688
1520077956709699584
1520055411625369600
1520040212943937538
1519805061085466625
1519767919638589446
1519767887094951942
1519694960710328322
1519681087550668800
1519418396374355968
1519408134439145473
1519408133084524546
1519338939022286849
1519053445390651394
1519053443863875584
1519028501478879238
1518963223797583872
1518945494453477376
1518590664350470145
1518568003406807040
1518038027062370304
1517919322445856770
1517655840542625795
1517518602584281089
1517210417965244417
1517210416887250944
1517210415528390658
1517167524961431554
1517141105426370564
1517117311378993152
1516839116775706629
1516816462920441862
1516796194961436673
1516420629813239817
1516408777951498241
1516114338892890115
1516082369513590796
1515676454155079686
1514996981273223170
1514602053389074439
1514593061279571968
1514416010304102400
1514272204611010569
1514248993211097088
1513932325880532996
1513898485052948480
1513604044509515776
1513551196820148224
1513509674557001731
1513253974845136904
1512610779161407489
1512497952572461070
1512496220035551232
1512120519608393738
1512082770998153219
1511797236564467721
1511782510300123140
1511782508345581576
1511770856946601998
1511720308159528971
1511712832760418311
1511708556025868294
1511453100636360704
1511420974113120256
1511420972829659144
1511397878769594371
1511353465229950984
1511353463405490181
1511342899627061249
1511336882717831178
1511332236083269643
1510972959250214914
1510342430880583691
1510340531783704582
1510055744024031234
1510007248696877057
1509999157729284102
1509952668621545473
1509924168464220163
1509912958016667650
1509900446948810755
1509896056649265167
1509896055063785487
1509875246341492747
1509641410022150144
1509641408939974659
1509627477307572231
1509584649869090848
1509584525453578241
1509566176237604866
1509566174962540557
1509559248035926017
1509543533094580232
1509543532129890307
1509543531005755404
1509515840198168584
1509179893128458246
1509164976522600448
1508928766441136135
1508887425959055366
1508838877838155788
1508838874444972035
1508819833353383937
1508553263825756170
1508534393249406985
1508523064505511936
1508504197930569737
1508083429623087106
1507774762902302735
1507454776174432261
1507445640699252758
1507445639440965634
1507407912259538949
1507075023659487233
1507075021428113409
1507061153486286850
1506727838216605704
1506671295580233733
1506364137819025411
1506334517677670410
1506311321796718597
1506292114505797652
1506272762519863303
1505977578166882313
1505955280852602880
1505940951642091520
1505938223947735040
1505574846192828423
1505217863480659971
1505187082486099972
1505007843124125699
1505007842360709121
1505007841144410115
1504858227074342912
1504834471614464000
1504517212115189769
1504450873984000006
1504450871882620931
1504119177434566658
1504115413516529667
1504111499496808448
1503812022089048065
1503798892629999622
1503793648697282562
1503739608047177732
1503547047860862977
1503472283481874434
1503451512944607241
1503406696760287234
1503378273845272576
1502703734173970435
1502675938311651335
1502450477975449601
1502354188759674884
1502320622956912642
1502018957406056457
1501989430407712781
1501935977152991242
1501922870326407170
1501922820380667904
1501592020342779910
1501323915200585728
1501269646523125765
1500947353217511428
1500932331749756929
1500846043851902986
1500486523615166467
1500221219861372932
1500208669203566593
1500133002806013952
1500092331667640323
1499842016326438916
1499834662843297796
1499802710656364554
1499768770663002119
1499559412268249094
1499489794786615296
1499486984879935493
1499454559911137310
1499440901860610056
1499440719370534918
1499432913439543303
1499424654368583684
1499156445148942344
1499144471505784840
1499124588877426693
1499122534524112899
1499078330951286785
1499070296338350081
1499070292852973570
1499007553795239947
1498864668517056512
1498864667497746437
1498864666487013390
1498766286150582277
1498765053788569607
1498732209481650189
1498731742076850176
1498685302361186305
1498685301123919893
1498685299152637954
1498364324322099209
1498364319989481478
1497357041832185863
1497338114460815367
1497330571046916096
1497323014345478144
1497308758736842756
1497287782301065222
1497279022463651844
1497233698382561284
1497233439090782219
1497231989396717569
1496953079341608963
1496944772556238849
1496936114715770882
1496850361474293763
1496547931830247429
1496254005881806862
1496233458879844358
1496190553800781842
1496176711402143752
1496169183377252352
1496135414423371780
1496113469476814848
1495760220508680198
1495177221589377025
1494809192397484036
1494807129433255941
1494733457582276613
1494709357145112577
1494686674101719046
1494686673082490887
1494686593709449219
1494364208007462919
1494354276965130247
1494288257143693320
1493980654245134339
1493706830287101959
1493706829125373953
1493671203285999621
1493671201952219139
1493612551170666505
1493366947047780356
1493348073191317504
1493300836839178244
1493263853408460800
1492997011234336771
1492974361283805185
1492618369715122176
1492164036343091217
1492164035227357187
1491864550907342848
1491847370547552261
1491845981280874496
1491794078085750787
1491769144471076870
1491768185284136962
