1534651257910181888
1534619396227964928
1534587692390010885
1534573246103814145
1534567035186950144
1534566991419277316
1534566507522449411
1534530009792126978
1534254311244455936
1534254268701626368
1534248410139738115
1534219457026998273
1534219401607643142
1534186140160368644
1534162982950907905
1533935772767858689
1533896065799307264
1533857409361395712
1533819718284476418
1533819715738558464
1533589949223690242
1533589948015824897
1533429922638995456
1533172187905007617
1532822159332102145
1532822157889355776
1532760526639489024
1532760354018705408
1532728808842960896
1532488629582430209
1532488584367951897
1532466925162352640
1532466722669748244
1532392843578318848
1532180415695532033
1532180311450259457
1532045348469981185
1532045189291851776
1532027394059558913
1531766226309074944
1531766224438317056
1531735545939910657
1531735544534810625
1531623509973254144
1531407038466727936
1531360250628124673
1531341283763142656
1531003695307149318
1531003692853370884
1530693313883475973
1530693313036267522
1530693312075681800
1530589431199055872
1530589429773000704
1530351683154362368
1530282492359483392
1530221038377869313
1530220232152911873
1530182031174426628
1530179532262629380
1530179181547507713
1529926859819040777
1529926726389841938
1529827464377053185
1529611130787794944
1529611129353289729
1529525748649926657
1529525345069809664
1529525097362513921
1529214688453660674
1529179545080938496
1529117188137041921
1529101545828147202
1529100874227777539
1528837999437529089
1528762034325700614
1528761356731678726
1528741126735335425
1528566426675847168
1528566291518349318
1528411753629073410
1528148483412316171
1527728091275177989
1527692216516415489
1527648054282797056
1527648028038946818
1527446802865192960
1527446501340897285
1527446285959192594
1527445802217611265
1527393272875868160
1527393256748642305
1527393172124483584
1527393161802285060
1527393148741246977
1527372928647856128
1527289023261159424
1526944274591453190
1526926684800307204
1526701287408029696
1526651669102186496
1526585685016252422
1526585682717818880
1526574392129597441
1526556536654503944
1526359343796563971
1526329131939643393
1526329130601656321
1526328934710796290
1526226651683635204
1526226622197768192
1526194972420149249
1526192785564499968
1525994620768985089
1525994550946418689
1525619323632508928
1525591404667453446
1525516052028866561
1525480675687772161
1525197882911076354
1525154304096718849
1525131315707793411
1525131314730516481
1525131313736474626
1525104858503778308
1524833011014979588
1524833009891004417
1524833005927383040
1524825819239043080
1524768434814398467
1524744045842649088
1524533558659932160
1524424786511896576
1524416973916024835
1524166068742328325
1524139879554293762
1524057119430955010
1524057090167390210
1524019515864068100
1523784920870494208
1523784915414040576
1523776708612001793
1523776707240423425
1523765474588196864
1523765395337154561
1523765342694436864
1523756440380338182
1523722001898418177
1523721999469924352
1523716755784626177
1523688726177914882
1523019355163971589
1523019350210277380
1522966080616124422
1522966078971858944
1522729763957358598
1522670946745737219
1522670939997147137
1522302817209360384
1522246520317353986
1521947657794732035
1521871745640275968
1521871744008704000
1521655645061193729
1521655643664437250
1521566332730449928
1521566331253911552
1521491689684316160
1521491687918473216
1521214827229859841
1521214825648558081
1521199070701920257
1521139861708849153
1520918240570052609
1520776574571798529
1520540596619948033
1520540530513485825
1520472101416808448
1520455553767591936
1520455404261625856
1520164210730323968
1520139862833258496
1520105792455782400
1520033784032342020
1519756511240720385
1519752276440670209
1519669370489905152
1519448806118539264
1519424708466388992
1519424666053623808
1519409465061265410
1519407619252834305
1519359887049990148
1519310786245677057
1519310662111051779
1519051846349897730
1519005627233849344
1518671159537065985
1518671023847223297
1518618244160049153
1518600161013944320
1518383487673327616
1518383419616600072
1518011054743302145
1517627558556323845
1517615708334665734
1517521509778182146
1517521424252121088
1517503933958213632
1517264420459716608
1517264418983366659
1517247170461712384
1517247129638641664
1517215145776328706
1517141262595284993
1517141244635279360
1516889168831561729
1516889167606784000
1516808219116687365
1516808154964762628
1516773505098043401
1516551014295515141
1516484554579664900
1516461635686125571
1516450940777377797
1516427650151026688
1516420368868720650
1516185135573614596
1516063850055061508
1516054845182165001
1516054583013003270
1515802564415168524
1515396775573606409
1515089945492340736
1515085382622367744
1515085345590816773
1515011607096606720
1514976181245906955
1514975635571159044
1514961917823143941
1514684598621462529
1514667574465810441
1514667493574340608
1514619080296308738
1514606501507198989
1514365397365149699
1514341214887329801
1514305633583083520
1514305579904286727
1513994126441779208
1513903670047526916
1513897540441321474
1513881503046025218
1513633683584000008
1513630317692825605
1513622348565553152
1513571714797654022
1513550759039799296
1513514035597217795
1513295731070844934
1512816155072909313
1512816121711403014
1512493937629478922
1512450602621624320
1512450503438966787
1512441812048400394
1512436439769878529
1512148665049264130
1512142076166746118
1512109065240985601
1512099493533073413
1511806812584042498
1511732965335875585
1511729538555957251
1511729531131994120
1511518148763267080
1511518136260038661
1511518082124193795
1511434844995264519
1511434813546369043
1511338166124437523
1511108783333949447
1511061481953107973
1511053850622496771
1511053791868735490
1511029866820513792
1510773152145625098
1510726232287162375
1510708815561383945
1510297979852308487
1510297946960666626
1509989257691250695
1509989255837368323
1509942609694937094
1509928948825739265
1509928939879337984
1509890003400282117
1509701325793239040
1509634935908409347
1509634875564957699
1509625158054653957
1509625068254633994
1509625039070580748
1509624990769074181
1509624948964446219
1509624692122038273
1509624400798171136
1509621272199766028
1509595150460280834
1509595149118152706
1509595147511730181
1509595146052153357
1509560105301385231
1509527324189933570
1509514243795791879
1509514205107474436
1509299913565347847
1509296296733167618
1509296095406473244
1509166699551019010
1509165763827056644
1508928234791923713
1508926975825485824
1508920804595146760
1508825883410370565
1508812336743829516
1508812334894043157
1508808959486042129
1508807461939077126
1508802698761674752
1508577229848129542
1508545380430065670
1508511316465623044
1508494179495821312
1508449241429155841
1508437839205355542
1508437469695467521
1508192187724578818
1508192153930981383
1508097135740342274
1507763200787464203
1507763110098227202
1507470618266058752
1507394449365737489
1507358562456158218
1507352850044801024
1507352782340304930
1507066710897135616
1507018928433758221
1507018901854466053
1506808240767655948
1506737465926639618
1506737459564003330
1506705157853167617
1506686453316820994
1506670695656402953
1506670666820558855
1506666604024713226
1506665543553716234
1506664712934760451
1506663784282308615
1506663269859270656
1506662622409773059
1506661044957159433
1506660423105495041
1506660043000893453
1506659194354774017
1506658754829373449
1506658247163662341
1506657617908834312
1506639651796406272
1506597272032878602
1506292096545796097
1506046302072840200
1505935360425082883
1505917581861003268
1505904870720688128
1505602005389168644
1505246742144503809
1504930187691151364
1504913054064164869
1504912995050262528
1504858036019634183
1504857891798405121
1504589995956477955
1504557760276533254
1504551656226177026
1504457100436676610
1504456499011244032
1504456375631589381
1504220152904269830
1504125659618156548
1504124629614571536
1504116742301302785
1504108831969878022
1504089933237354498
1504089486032052233
1503859992260186114
1503859718426710016
1503840728958619654
1503784166374219777
1503494867279822850
1503374162097840131
1503372708532436997
1503061764564566020
1502800955812810752
1502694542885240836
1502373805251039238
1502372921863458827
1502367627699761155
1502324463081345032
1502305848282001409
1502303049678827522
1502302985740865541
1502010858448334850
1501991302522720256
1501991179210137608
1501972211984486408
1501969861882298370
1501947081056915458
1501921669581049859
1501668216938053641
1501663055586934789
1501634329126088707
1501634052146749446
1501622980689993748
1501593875487637505
1501573531603189768
1501572349824536576
1501563289893019648
1501206745053544458
1500900323426246661
1500896432164937728
1500892150594248705
1500892098572259330
1500621069882953729
1500621003906498562
1500285113912942597
1500192540703793157
1500140524442894338
1500140523100807175
1500140518235381772
1500101607350018048
1499922236630867969
1499847434821844995
1499794473752186889
1499794330055229441
1499528175751155714
1499528102921129985
1499410833549537281
1499410831016140802
1499410828449226752
1499396541026476038
1499124446912733194
1499124442164776960
1499075814528274432
1499073119914541061
1499072809301164032
1499066105129836545
1499065831921233927
1499040320448774146
1498771213447049224
1498694909641084929
1498683966706040837
1498676822703230981
1498673726812045318
1498657578255015943
1498460390124134406
1498451360542597124
1498432989063221255
1498426232622522375
1498426230806401029
1498359122726637570
1498359079516921858
1498336341075050509
1498321225420087307
1498320990119550981
1498319036383440896
1498313481359142917
1498143676442230787
1498085915075436545
1498040244121260049
1497994880886398979
1497987853225238528
1497981204460621825
1497975228579950599
1497973789832974341
1497966045876920326
1497966000867790851
1497673788787408904
1497672600729829379
1497671713169018882
1497670857996574722
1497670770230804486
1497630203992064000
1497583492313591815
1497583456137719809
1497573060685275136
1497397239945302019
1497388906634956801
1497370108544573446
1497368145253879817
1497360571406114821
1497360497456427008
1497353950135156739
1497321841593098240
1497321686584074240
1497315494889676801
1497315449499000832
1497285219908521996
1497280253177249797
1497272325091340288
1497272290744147969
1497259099498721288
1497254219505713165
1497253958028562436
1496975989729120256
1496965441125859328
1496964734351986692
1496897982867910656
1496897106543620099
1496896842940006404
1496892288449990656
1496861389092110336
1496861208556675076
1496855455846518791
1496700663765602305
1496700643867860999
1496693777200824322
1496675351530987521
1496670136811536391
1496670010617614336
1496634376746119178
1496630473967161348
1496627591167582208
1496615945741258754
1496615759908376580
1496613979787038728
1496605162495950855
1496605160545599496
1496604918525968385
1496590369525575693
1496584603737407496
1496579438548508677
1496578375539994630
1496576554884812801
1496573421446176773
1496570767726817281
1496569039644205071
1496564073051340807
1496563452445347843
1496563358212005890
1496535303548452864
1496533825010163717
1496529086793015298
1496526402862125056
1496521633942626309
1496520085711773700
1496519306175254532
1496518201802469378
1496517180137119751
1496516798094708745
1496504448893562884
1496504402122883075
1496293826511650821
1496291508277977094
1496274143460925446
1496265808204472320
1496257970023374851
1496257058135584772
1496236609888563203
1496217759579049995
1496216093723172865
1496216091592429576
1496200240763916288
1496199984424833028
1496186662610739204
1496133343112568838
1496133302637547530
1495891107653328901
1495886741848346634
1495787314525655046
1495449026526945282
1495434006321582084
1495429287159205890
1495425947146887175
1495421047428026370
1495418598411620353
1495137833853628417
1495058862659063810
1495058795151736832
1494752326032277507
1494749493576835074
1494749055670444034
1494740061908254720
1494738088706387980
1494703427234025483
1494698412008214535
1494697657767497728
1494431195119206404
1494431066232430592
1494427866691522563
1494411262733791238
1494411011272716294
1494403723984093187
1494374398563864578
1494372452964708352
1494355120984772608
1494056674465824774
1494056427811397646
1494042921082961925
1494042903823454211
1494016728808005638
1493975283468279814
1493969166566580234
1493966706812805125
1493956402389438467
1493727100142075904
1493612221343178756
1493612145547915268
1493594908975902723
1493594907625336852
1493594483002429440
1493589041815728130
1493373843414691844
1493373830533951489
1493297289175216136
1493249925936664578
1493238402992558084
1493236088240058377
1492911011657048069
1492541526240542722
1492146841294618630
1491856113083506701
1491810062171578369
1491807772127678466
1491805902843695107
1491787224899153930
1491787222617518082
1491787219442417669
1491787215378141187
1491553662950334467
1491553636580737036
1491553298331189257
1491543449975328777
