1534681280557813760
1534635475557830656
1534633098427699200
1534197398377009152
1534180463346073601
1534180456941375488
1534180455636946946
1533886545480015872
1532824917275815936
1532774965065535488
1532767377229750273
1532399833486659584
1532399793519067143
1532399491827093507
1532364345388285952
1532140045578256385
1531737735614152704
1531720027208032258
1531274238727901185
1530233270817935364
1530224087477493761
1530216851036323841
1530187071746449409
1529944627599622150
1529874555992522752
1529542965970051079
1529542425382899714
1529243866620100610
1528743894468505600
1528743863380238341
1528743856967192580
1528067939051655173
1527760840459419649
1527736523734634500
1527364938641072128
1527326124069355520
1527279559003017217
1527105860899680256
1527023523021070336
1527022551838478336
1526710674696577024
1526669891901829120
1526608443611701249
1526288897461846018
1525224063957860353
1525212045989249032
1525178164258947072
1524846201887150080
1524823507414269953
1524508567138717699
1524438430092075011
1524434818217525250
1524389699271512070
1524188096681713665
1524132521813884929
1524120828153106433
1524073370802966529
1524058394956640257
1524020599751950339
1523772371823632385
1523301704741138432
1522699719348310020
1522684386646315013
1522318155439394817
1522270106893656067
1521930578752425986
1521907987698302977
1521622081720528897
1521561717406420994
1521320683787235328
1521215855165689856
1520136868557430785
1520119297158307846
1520119294356512768
1520069358805999619
1519682773639958533
1519456950748078080
1519435683374546952
1519410422155292676
1519329002657390593
1518682349571088384
1517592145296822274
1517579680462917632
1517564752356118528
1517234779023974402
1516884960690511872
1516809221437861891
1516554670340194307
1516426349648437257
1516177385829380102
1515691554186297354
1514974146811383814
1514682153057067010
1514641283654037511
1514298252824305671
1512519289487728654
1512500749128933387
1512173420796129283
1512145791154110478
1512108308462817287
1512078991456317450
1511844734448328704
1511819229825277955
1511772160414687233
1511760817707958273
1511075982513524739
1511073853568696326
1511073826817429509
1511015216913469444
1510340878635782151
1510018575385387013
1509898415110598660
1509870835984748585
1509664990327971841
1509644106355642378
1509627213624324097
1509292108020080648
1509260250662244355
1509244398273548288
1509222422955933711
1509204737459204101
1509197515282919426
1509191009938382852
1508961549087645701
1508961507110961165
1508942083364642816
1508926992976125954
1508915827931811854
1508484979382226945
1507392299118043141
1507109077008138251
1506744210774450188
1506744209679826950
1506744208501186568
1506744207284871375
1506744206202703874
1506744205078585358
1506716711227207697
1506456756205264896
1506369639391150083
1505194673882779652
1505194672993542148
1505194671789817857
1504886518174912519
1504576430918803456
1504528352710995971
1504499111181135878
1504192179144646656
1504175768305381380
1504152961953546245
1504138236477820937
1504130693328158725
1503435563113791489
1502400488997801992
1502377369629335556
1502342788083597324
1502325247315517448
1502324002219597826
1502314889167224834
1502314880900210692
1502033473036455954
1501987261482774533
1501948338924503045
1501764860622913536
1501763309107879938
1501678344592633864
1501603871088685062
1501347539970408455
1499867656685506561
1499857762293014539
1499511796889227268
1499469457340743684
1499444762721542147
1499423618148745223
1499421726609915909
1499406611219197953
1499140305983086592
1499123142886834186
1499028437692039171
1498859546399358980
1498857458059681792
1498856372200521730
1498854773973471232
1498854585141809152
1498852582491574282
1498852123529854976
1498851500675813377
1498847054201819138
1498844016753971201
1498803906830385153
1498787487740837890
1498774495540260865
1498464915354533899
1498396334000377858
1497233675083210759
1496922982853365768
1496922981440065536
1496922979904729095
1496922976746455051
1496922975337172995
1496600927264022529
1496582443540922371
1496527241936785410
1496247974552346630
1496235379627892746
1495932232392974336
1495458840304926720
1494793090871267329
1494783857853358089
1494451733417938944
1494405581066616833
1494079500711346180
1494057416014585863
1494043322519797765
1494020470282326021
1494020468290072577
1494020465979019276
1493712122416713729
1493677061873061896
1493657264896581632
1493356465326755841
1492561538930065411
1492529975819390976
1492496005803225089
1492250570152894464
1492230948984926216
1491896904300519430
1491865215444688904
1491847116033073154
1491816945867493376
1491779120040194051
1491534092164284420
