1534630513113280513
1534580893062508544
1534280643999408130
1532130703235768322
1531761456362004483
1531271958473723907
1530903372177588224
1530245922319482881
1530217534749802497
1529813177554329601
1529631636387770369
1529617386986520577
1529589673965895680
1528722706249703428
1527805129386348544
1527486674485256209
1527390079290949633
1527032200239128576
1526999931550109697
1526750150017916929
1526736917898973185
1526719004630556672
1526702632596918272
1526608264636641280
1526548284235472896
1526325071224229888
1525678474677084160
1525652019960336390
1525606621061210112
1525160718588383233
1525076152309653505
1524968066127634432
1524762947909783556
1524464463591710722
1524422000978141185
1524405320738562052
1524382251580071936
1524227945753100288
1524172607523799041
1523310379916349443
1521604849699332096
1521508910691196928
1521293274341904385
1521271832007122946
1520600613481897990
1519812872561434624
1519798791137861632
1519741751094829062
1519644694392848385
1519483413748756481
1519377945596506112
1519316281744367619
1519038419875373060
1518581921080557571
1518427676582850561
1518071458517377025
1518020931934990337
1517615348538871810
1516808389074038791
1516477463076945923
1516471638283505670
1516468579516010504
1514263764048261127
1514053144841535491
1514037768023908352
1512519636067262465
1512448446720102403
1512213007849373704
1512203931526512640
1512188298441248774
1512174157634719747
1512148051154116611
1511767171168362499
1511712475829448708
1511397441253347328
1511390704282619913
1511384940998451212
1511212513802792964
1511102259052044292
1510991510594064393
1510325786699612165
1510314563484463117
1509714732558782464
1509699535144116226
1509659440496189449
1509644739506843651
1509597909838356485
1509592531474038792
1509588330845032450
1509545458485669899
1508989973789384706
1508850991634042886
1508809534252457985
1508138453908832265
1508105899516305416
1507509235885776897
1506783022569463810
1506704603588571137
1506455289767370756
1506023688201818112
1505977953942921217
1505897610187579396
1504925828232228873
1504912216709115907
1504871731068088322
1504474694610608129
1504469989373341701
1504429858960683010
1504418531689082882
1504203446014164992
1504187619894349838
1504113205903306758
1503866620636282886
1503833404932042758
1503550359452663815
1503516509175488512
1503516413503356932
1503516352690151428
1501663605623767046
1501661705264316430
1501659956336107520
1501657782562533376
1501260762374889472
1501229631286181889
1499891008934486025
1499890798971830279
1499890325178957827
1499502685300699137
1499142588695257095
1499141375710871555
1499092503559090177
1499091814074175494
1498874129537191938
1498862217835565058
1498788206271242249
1498719739824287747
1498699603230826496
1497973932510613516
1497441931210760195
1497381652284256256
1497310912595873807
1496698177000460288
1496560647986950159
1496556239429550085
1496553708418744322
1496552193192771586
1496549127852802054
1496304541217738756
1495114581026426881
1495102270345781250
1494863853473218565
1494859508572733445
1494754969035100168
1494721309384794113
1494462632799219716
1493983215215853568
1493379975021576193
1493379865092968448
1493379466403405825
1493369920763183106
1493358936505962500
1492505472141774850
1492257776260759555
1492257720564699137
1492216989133283332
1492121274855874565
1491990655899475970
1491990281679421447
1491981177091207172
1491966717874126849
1491857847939960833
1491791999900413953
