1534564333518311429
1534563849197735938
1534552120984326147
1534550119571390467
1534500085366771715
1534486399621246976
1534294327509262339
1534151734142062594
1534148968506064896
1534144721014120452
1534127980775096323
1534127289830719488
1534120525290688512
1533802291022684161
1533801280719982592
1533792650683359232
1533122884373467138
1532334589930242048
1532020759346008073
1531985991644364800
1531983977929756682
1531979386068643840
1531705931083522048
1531595743785623553
1531591850628358150
1530600753928208385
1529948531246653440
1529920384346247176
1529919862625161224
1529678861906104320
1529671909511680000
1529662469710483457
1529579638799876100
1529430413655134208
1529090319987494918
1528717991021510657
1528716089508741120
1528716061666942976
1528713524301774850
1528710356993974274
1528401637085257731
1528397489350627329
1528383614202806273
1528169564613271552
1528015121573941251
1528006834929516546
1527628241330225152
1527627940686700546
1527625574985998337
1527625512641875968
1527622270662983688
1527620157815803904
1527619934653751299
1527615471058657280
1527298970384744448
1527240935293206528
1527232153561579521
1527089556457246720
1527080030765035526
1527043204822056961
1527043085657681922
1526930638430949377
1526926170008190977
1526899757653835779
1526899399024066561
1526891969842139136
1526889404073136129
1526888147472228354
1526886830376984581
1526631150864809985
1526630741756583937
1526594231845933056
1526594095824748544
1526510051078332416
1526508388573749248
1526331662002446337
1526331389066493952
1526251799514173442
1526247927815053314
1526246217478455302
1525668272657649665
1525593432814768128
1525575988368769026
1525529775116263428
1525494050845077505
1524901885530066954
1524897710243041286
1524896150968475649
1524893624730849281
1524880047735177217
1524834460293812226
1524832256535191553
1524829990201790464
1524730612900409347
1524730321304006657
1524728936487399426
1524728173019213825
1524507372978384897
1524351487853350912
1524348513164873729
1524342660030423040
1524338926403702784
1524337375714988035
1523995952213901313
1523988219171323908
1522330794651492353
1522297088813539335
1522249730641825793
1522211688921055235
1522188957890535424
1521980251634642945
1521816165089267712
1521812301581627396
1521472592594538496
1521467395704983553
1521456093477568512
1521446556444073984
1521307390427254784
1521304509657591808
1521115547215220736
1520462131195490304
1520105027246907392
1520102822012141568
1520101663494791169
1519672533208944640
1519668376825704453
1519665283065131009
1519485591007735809
1519432129528041475
1519299559985451009
1519298281398063104
1519273820472893442
1519089547556143111
1519063249433604097
1519015918420074496
1518928327955951617
1518922473160552451
1518921932929912833
1518921182896168962
1518918711310180353
1518572094229032963
1518571390710001665
1517938744074153985
1517933424547405828
1517931710943531008
1517568072109936648
1517476423962869761
1517247611329253376
1517151660346290177
1516969691428028416
1516969534435266561
1516964794359767040
1516932829912911872
1516874056469037063
1516871556491796483
1516846031102746627
1516845926962413569
1516784785942798336
1516566010161205248
1516491497369133064
1516490081749671956
1516407028666753033
1516404867144769536
1516395836967694340
1516154248576344066
1516152903223984131
1516152882382442506
1516068560388472834
1515641746436370433
1515641420698341377
1515638407220940801
1515324221789986821
1515321035989688321
1515318025708310528
1515317416812847104
1515315856980549633
1515314862695534596
1515314291645325320
1515297228314849280
1515295040398143488
1514959644212576263
1514656107649806336
1514220645814525954
1514010530620575754
1514010457589305351
1513870034669604866
1513867973957668871
1513867641148035083
1513854189264379906
1513853663839756290
1513516141234245632
1513515898761625606
1513512930586857473
1512432015165075466
1511658119457394689
1511648570272796676
1511343470061015041
1511343314649464838
1511341898589421570
1511000527743725576
1509464401778253829
1509149893050445825
1509148033098919937
1509145571529043977
1509134131636146184
1508807639987277829
1508787956735221769
1508787550617546754
1508785305222062082
1508778161848426507
1507359819845546020
1507355602070249474
1507352812669317133
1507273688676286470
1507270114504232964
1507189891226083328
1507189000922144772
1506971381975687169
1506825000917127178
1506661828314771464
1506636126290857995
1506634360488873985
1506632820739002377
1506631739875151891
1506620844381978624
1506423820646858754
1506264533404372994
1506261231606370304
1506259616929308676
1506255695456485379
1506246527114784777
1505957015012601857
1505953655052197893
1504981294144442377
1504978876732252162
1504917350390411267
1504910573246550021
1504906891117408264
1504588274047676419
1504587222015569920
1504524186215415809
1504446456144478211
1504443802559426564
1504425471328542721
1504079186625024003
1504077092165722116
1504070198546116612
1504065193319481346
1504058670237331459
1504055924968894467
1503831424629100544
1503831261596499974
1503735422370856968
1503732957319774213
1503716716458745863
1503716007579369477
1503713659188658181
1503709226413273089
1503706336361652231
1503702956671176710
1503559755213811716
1503557716941447180
1503557320969703428
1503556782492372992
1503555989479596036
1503533385519714311
1503042053453852682
1503010501835558919
1502818856473141248
1502817014599012355
1502767722299592705
1502721321817489415
1502718761656274951
1502661176605487104
1502660258648498178
1502657107476324364
1502463580809175044
1502461281164476417
1502456512580665344
1502385831163711490
1502282394208026624
1502267183677665281
1502266687030128641
1502238590104911873
1502129069923737601
1502122496300130304
1502120700068438018
1502120674105741313
1502116490824368130
1502084617775501334
1502080551930449956
1502035209981673480
1502027110168285195
1502025430743883782
1501914638514073603
1501910622207893506
1501693191271104522
1501693027890626560
1501692824466898945
1501692733106397184
1501692368084418560
1501689645792436231
1501686491386421253
1501685422732230662
1501682059701587975
1501667575708753924
1501658322142957572
1501655949139976199
1501648013743337472
1501642647173218315
1501641796224536577
1501588111708536837
1501559375210680322
1501557194231271427
1501548470309642243
1501545188946231299
1501532749295144966
1501388489786548225
1501381099259367430
1501378328606957569
1501376040945520641
1501372761918394370
1501356292882980869
1501355402633617412
1501353197302079489
1501350559164551172
1501348317959180292
1501310881702973447
1501306332485337089
1501299527659274247
1501234713662525447
1501219231165255683
1501216660115570693
1501213159935426566
1501195430587158537
1501194241397215241
1501189641151696898
1501189287164928006
1501038590528262148
1501038220712325122
1501031799811710977
1501029874491875334
1501028230718967817
1501025896966332417
1501003481804644356
1501002803862548485
1500997574324629510
1500997002502590465
1500940810455502861
1500870017847635972
1500868947251445761
1500868219120332805
1500857367323455506
1500841266808078342
1500835807548035074
1500834611462656007
1500833395022176258
1500662649251667971
1500660140307099649
1500659078309285891
1500653400916115456
1500647359210000385
1500642584020013066
1500638433718542336
1500636845897568259
1500635697857933313
1500613335347204096
1500613129620893701
1500486804650307588
1500485195383951366
1500475577383497731
1500472354039808009
1500471421390176263
1500457713205141505
1500456194812620806
1500455206856839171
1500452610767208454
1500451104865325056
1500449188190035971
1500259911078400000
1500257876270628866
1500253752376315909
1500251834040127494
1500250824546697217
1500156643560112130
1500135466431094786
1500131720225558534
1500130781506723845
1500120431382175750
1499986178157731850
1499981972646641672
1499902687831334913
1499893186587770884
1499793404943040512
1499788179435659265
1499748032144887810
1499745671905218564
1499741978120138753
1499740159469932545
1499727811413790720
1499724319538221058
1499596009130893313
1499590616430350336
1499557618603507713
1499555737533657111
1499553144065429509
1499551916069695488
1499546355479588888
1499543863974838279
1499543192047427586
1499541885739806721
1499539156728434693
1499535852929695744
1499533055794499586
1499487368411332612
1499480362522660880
1499468554852311041
1499425034141589509
1499418324551311366
1499377586174058499
1499371658167136263
1499369403250626560
1499359002806861826
1499357247738200065
1499232543996002304
1499220682198167555
1499217330261438467
1499205404961783809
1499200309926981634
1499193712714428417
1499181528957566988
1499162278243016704
1499159223967666181
1499081634376826881
1499078987728961537
1499073748430954509
1499069484304375813
1499066093910036491
1499062397318934534
1499006987954270208
1499004989607456768
1499001612563628036
1498999925543260160
1498868319490871299
1498866858430193668
1498861688849932290
1498859568889221125
1498856909935419394
1498856641445478401
1498855732975910920
1498854209894203393
1498851847653806082
1498850199833395203
1498847944245755907
1498842471731716100
1498839559290994695
1498835335874334725
1498832061033033731
1498825760924176391
1498822998031224837
1498820843669008393
1498796008310022145
1498750735378526211
1498748199116447744
1498745251103711240
1498738995135754241
1498738578456776705
1498734605221912587
1498733899274457091
1498706931116126217
1498705019591438336
1498677036549877766
1498675082155241476
1498648795365662725
1498647313040003074
1498644434887524355
1498522343349571590
1498518153818779649
1498511007580401665
1498488161441390596
1498484687173525504
1498480746855649288
1498428680586072064
1498380889780363271
1498378398971932677
1498375889729556484
1498374412717989893
1498369036844941319
1498359051859734533
1498341802033782789
1498307505537130506
1498304904800182276
1498303509749456899
1498120755976015874
1498087132300206083
1498085957483986944
1498063164918931465
1497968757091807234
1497966910872379392
1497776719855591431
1497772049283969028
1497767438812917761
1497767437575536647
1497647958627598337
1497630649968123904
1497627604140052483
1497600811362402304
1497397284241383430
1497393912821915648
1497366860295294977
1497348285333389313
1497346293101907975
1497341614875942921
1497280340846682112
1497277274416103428
1497269951941558274
1497263292363902977
1497252322057011202
1497195299655327790
1497194452246536200
1497051834271346688
1497047402469109806
1497024324796141568
1497013747071684618
1496971542516977666
1496883432701534217
1496881477723865092
1496877152062611473
1496870026875490313
1496870025482973194
1496870023909953543
1496870022022639631
1496870020646850561
1496725554413907973
1496723849026617345
1496722548222046209
1496705407326244866
1496702809097527297
1496697860787773448
1496695613144150017
1496692707753963524
1496689463761817600
1496687747465158663
1496681910852100097
1496670465879941120
1496667918490382343
1496664409980215297
1496655883782270977
1496649549678534663
1496648466109542402
1496640006114398209
1496605445368205313
1496601642975780865
1496582125453205518
1496505135593410561
1496499478873915395
1496498325926854659
1496497025088729093
1496488955360989189
1496488293193732097
1496289102798508034
1496285667663486980
1496208087820247042
1496174558109474819
1496169689235566595
1496164364834983941
1496156176765042696
1496154462502666240
1496151537307029513
1496114096676159491
1496107442576502785
1496097181987741699
1495964392227328004
1495960421882372097
1495957016845684736
1495902467774636032
1495883302858805250
1495882415847399428
1495838394936696832
1495780486794383365
1495774405443653634
1495764752735387656
1495390907264376843
1495052490076794893
1495049609709867010
1495048139434246146
1495045252150960129
1494802471625052174
1494788172626202629
1494783604148383749
1494715746479489024
1494714934353084422
1494533759152054272
1494524644837126149
1494519818011222018
1494466423040753666
1494435301678362627
1494433626271985668
1494391486363938822
1494383115409805321
1494369194246299657
1494366438328578059
1494345914839969806
1494337388033687558
1494337084772929538
1494300422089154569
1494297699771895812
1494182914904539136
1494182323511779330
1494089557314347012
1494071555713912835
1494069275270787078
1494067906937860101
1493988786547703811
1493943370288357377
1493943368413548548
1493943367142629377
1493939050591494147
1493934512639811589
1493779071939055616
1493775263443787780
1493716949813055492
1493662580170240000
1493634565960835080
1493633714638794758
1493631900128325636
1493593891244855305
1493578085710671875
1493575264756015104
1493370294341414912
1493313767396028416
1493231571645747202
1493223893519282188
1493212743553503232
1492980396262367240
1492592622594146307
1492148330545262598
1491910867541282816
1491817248281051138
1491813981023047688
1491791607745560576
1491780990942990337
1491779456750563333
