1534604788939345920
1534350232603054085
1534271980865724428
1534266192491425809
1533983006599290882
1533918652872986625
1533911857723019266
1533841645434699776
1533449310238564352
1533095478794997760
1532808587818389504
1532477405847093248
1532444186879967238
1532431352246587392
1532414994930970625
1532410213042532355
1532398888593784832
1532395617263099905
1532079030706458624
1532057136305360896
1531759676483850241
1531307698217750530
1530980039143084033
1530581915727605760
1530573862869487617
1530281687917240320
1530220786388197377
1530204177128992768
1530192600648429568
1529950253931147264
1529940187345829906
1529853868695232512
1529564516496834560
1529564515117023232
1529559931967242240
1529485189327384577
1529476129974788096
1529206227347152897
1529141675792257024
1528801937042419714
1528766453205176320
1528746723899760642
1527824033974214656
1527795931394998273
1527417565915381760
1527395419088515075
1527387367190843400
1527356428922474529
1527336273429798913
1527296352165965825
1527055680838029313
1527021161003065345
1527021159300141057
1527009221124014083
1526991508057993217
1526929600160448512
1526696312657223680
1526684168117268482
1526684166716284936
1526684165084590080
1526375049909141504
1526334679640514564
1526328137323122689
1526311024290238465
1526256917697286145
1526237036751069187
1525591784532783104
1525548247758123008
1524930912470843393
1524838320672493571
1524809040538259457
1524777666829860864
1524490024816832513
1524471150746689541
1524460088660008961
1524389361822838789
1524332453997035522
1524172180509978624
1524139968360189952
1524105505521680387
1524092067319894016
1523810547719802880
1523776322090283008
1523474061120049152
1523339691759702016
1522639828453625856
1522359234511482883
1522331905936564224
1522301394832826372
1522301393515823105
1522301392207110145
1522301390915309569
1522301389539790848
1522298158587559937
1522005402929569792
1521968409227022338
1521943998557933570
1521898951632252928
1521584882408775682
1521279369167179779
1521253951529705473
1519814466648510464
1519709388860272640
1519693419534331904
1519663975180341249
1519467429767774208
1519458370155008002
1519448555320193027
1519431190691794945
1519315585632505856
1519032333856350213
1518737620745994241
1518727051284410368
1518722269547167744
1518717506323628034
1518708931740114944
1518397779701346306
1518393612375150594
1518028558085627904
1518024096197615616
1517992085093494784
1517651715671035904
1517643652100673537
1517616944798699529
1517590314105688066
1517582136013959168
1517282650591051781
1517269949948973057
1517255573397544961
1517255572235685889
1517255570964848642
1517255569610006530
1517243525846421507
1517234717866745856
1517217605295099904
1517140901495156736
1516888687715434496
1516878490926301185
1516840747634511880
1516837832433840139
1516835982754078720
1516834349936693254
1516810518559875084
1516765878766870541
1516586194728935424
1516566816885133312
1516545425901166593
1516535107972059137
1516518246811197441
1516484223044972553
1516406614735138821
1516159382148448257
1516140256189366274
1515860298191753224
1515120257857470465
1515101219437563913
1514756387758354440
1514735248000663555
1514724929987485698
1514714109014650887
1514695234738864133
1514681896625709062
1514388545280090112
1514373615055036417
1514360025598332938
1514325548863946753
1514010220783144966
1513865266010152963
1513683064970309634
1513669979018727424
1513660164003418112
1513649846305001472
1513632733477679104
1512518595640766469
1512518594441228295
1512453296920928257
1512224454054535169
1512178695221530635
1512178693778591759
1512104916319453191
1512082015725645829
1512060876341215234
1512042756687892480
1512014306728202241
1511818277407936516
1511813510736531465
1511784303637635074
1511774740611952645
1511742025082806286
1511709100014456840
1511502949641560068
1511492128337059840
1511478538716647428
1511463942807330830
1511441796756242432
1511430220552851460
1511416379253035009
1511132760714321921
1511123448998903812
1511116150981238790
1511106839664074759
1511092037881413648
1510977352473452546
1509917754500870144
1509894602345488389
1509669116088520706
1509650241800265729
1509320821491216387
1509303456548331523
1509300396505841667
1509293214586609679
1509293213257023488
1509216527022706692
1508964221517672452
1508952645062447106
1508943334106087426
1508933519019495426
1508930247475056645
1508923666612072452
1508923665332817924
1508592522062274565
1508581700833619969
1508571886195773447
1508561064870391811
1508544008531980295
1507156811853361152
1507142970759213077
1507125606323875846
1507110506913538053
1506988697715097617
1506799447925301251
1506760953458798597
1506751138757894145
1506382207832580097
1506343452539187203
1506321809758556160
1506309697049137167
1506037184448634882
1506026362993184773
1506016512519602176
1505705208109748225
1505224888407281668
1504589142746755107
1504579580169842689
1504570851055874049
1504240344455540736
1504230781492756481
1504224993328214020
1504214423904391168
1503880221610500096
1503869148895588356
1503858830752559107
1503843228075843587
1503465992365633537
1503430508482600963
1503384958127071235
1503374891998875649
1503370398842462210
1502403139550515202
1502065765565927426
1501716715687792647
1501704887700115457
1501693059850932231
1501666741520322560
1501650266499788808
1501338473525092355
1501333765200744449
1501312245057400835
1501288622363869189
1500999489666142213
1500990429885612033
1500979860377845762
1500970549375242240
1500963251139403776
1500957441990746112
1500209277323169802
1499872815893331980
1499862648598503428
1499503129733132301
1499494573684535296
1499485318088699919
1499474129099149320
1499435762806366208
1499407054137610242
1499188808935297025
1499180755750117382
1499172954646659077
1499164146079875074
1499152318171738113
1499144463750418433
1499144330749042698
1499144030504034313
1499143338041262081
1499091165378920451
1498803268457312259
1498796025653477384
1498784645571252224
1498776089178492928
1498764764633305095
1498753440075460609
1498740360083820550
1498459251345264640
1498453211568492544
1498447423600881664
1498438615352762372
1498366892838424579
1498051565013274627
1498027763458093059
1497990915503190020
1497960968055234561
1497628527566360577
1497342392206340103
1497302812882919432
1497281239233011714
1497268908046356483
1496988309226143753
1496976613942218760
1496955836203208708
1496930343370510336
1496860774630842369
1496649407504211968
1496618277262475269
1496607550204121093
1496598978305175555
1496590437603229701
1496582132851896323
1496563128653516804
1496558268667281414
1496558263105724430
1496558262078038016
1496558261067304961
1496558259767070722
1496276871129952259
1496267056747991041
1496256738470760450
1496248182195503112
1496233585950420993
1496179932887760897
1495823505560154114
1495526426283429890
1495460743977873414
1495426014805061641
1495412929956565004
1494670889673277440
1494447316098433055
1494438759399632897
1494427077319303169
1494417368830799873
1494265674000220168
1494096504172204039
1494084182074613763
1494045920878600195
1494026794948653057
1493746195805523982
1493736381205647360
1493729336377044995
1493649810812977152
1493639744994955266
1493336749422137346
1493330708370124806
1493324920075468801
1493292906282684419
1493273077756698627
1493269430746370049
1493269429173501953
1493257319446159364
1492673541904424966
1492318789987352578
1492308942164213763
1491920415471681536
1491908618538659849
1491899390293946375
1491894998283042819
1491551736103792640
1491534009649831941
