1534673626133319682
1534586139339784198
1534551139655553027
1534532579461849088
1534354507915841540
1534354504031813632
1534280260904157187
1534232366092263425
1534175783790469121
1533852969002729473
1533852952896610305
1533459696098615296
1533300522710708225
1532896974428684289
1532847046184554496
1532847044968296452
1532847043374456838
1532847042237812742
1532847041235271680
1532847035203870721
1532818518420357120
1532818517250170880
1532818513685106688
1532747975641939970
1532747974727573506
1532747973809020934
1532747972873682950
1532747971846098946
1532747969077944322
1532519640185839632
1532452050411438104
1532204052196560899
1532108667033735168
1532024833088835586
1532024831973150725
1532024829209104388
1532008298748207104
1532008297523560448
1532008295791312896
1531723319401140225
1531692758414798849
1531669753894404098
1531669752627732481
1531392337405804544
1531392334197182464
1531392325036888064
1531338302443655168
1531265414092640256
1530972186621665287
1530628075481964546
1530357812215402496
1530212163356327938
1529992402462822519
1529902288642396160
1529846275063021569
1529637150844764160
1529637150014296065
1529637149158563840
1529637147820556290
1529537848105484289
1529266329034842112
1529266328007323651
1529266326887358464
1529266325700460548
1529266324471435264
1529266323334828033
1529237567341793281
1529237565844373504
1529237564573589508
1529237563000729601
1529237560958099457
1529162702660435969
1528825532581916675
1528825530883112962
1528438764082581504
1528438761553596424
1528198948846030848
1528198942135136258
1527741979492331521
1527741969459560449
1527672654391611392
1527672638981685249
1527451605595049984
1527428443159371776
1527428440655380488
1527407805845622790
1527407804163686402
1527407803173838848
1527407802133643264
1527407798480424970
1527323702857445376
1527314124023078914
1527296823374716930
1527104534115500032
1527079315418103809
1527079301249630208
1527079284313047040
1527018559284584448
1527018558202466305
1527004732971171846
1526961445522530305
1526940923317338113
1526912732162936834
1526749229754064898
1526749219717103616
1526749209222860800
1526632792255234048
1526602195386368001
1526602194337792000
1526602193243078656
1526602191959740417
1526577060348665858
1526559400244219905
1526353111329169408
1526276205607018503
1525650141952323586
1525650138970079234
1525650125925797889
1525629017537363969
1525629016350367744
1525504979334832128
1525271166247702530
1525271159834652673
1525271156214927360
1525183767203024896
1525183764992868352
1525183763042508800
1525183760815247361
1525183758659465216
1525129181700440064
1525086687755395072
1524937523532800020
1524937514510852097
1524909503073902592
1524853781371961344
1524831965337329664
1524776049422348289
1524776048063389696
1524768407022936067
1524740086419628033
1524740080212004867
1524740077024423937
1524740068770041856
1524513060358180865
1524513059024343041
1524513057686364160
1524513056218394624
1524506173122174977
1524506172052672513
1524506170844712962
1524460957635907584
1524439511605858305
1524433840500056064
1524417941575512064
1524376131943780358
1524216153945657348
1524216153073238017
1524216151559094274
1524200153359556609
1524200151815962624
1524200150427652097
1524200149173641216
1524200147810496512
1524172042815295489
1524172042014183425
1524172041204781056
1524172040240078850
1523791293557747713
1523328522940559360
1523092512776531968
1522749581582348288
1522749575412518913
1522749572178747393
1522613645573775362
1522613644340740096
1522613642994278403
1522294337303945220
1522239854045765633
1522239853060149249
1522239852133199874
1522239851193589760
1522239849503338496
1522239848362426369
1522239844021321728
1522005353105346560
1522005352082030592
1522005351129886720
1522005349947129856
1522005349011804160
1522005347896020992
1522005346629259265
1521987109933957120
1521935257506877445
1521571210022338561
1521571208751419400
1521571207493128194
1521571206167769089
1521571204913577993
1521571203323998208
1521571202103496705
1521571200807354368
1521547283912966144
1521331809593745410
1521331808532586496
1521331807517659138
1521331806443905025
1521331795442163714
1521331688944685056
1521311785860706306
1521311784896024577
1521311783843160065
1521311782794674176
1521311781704056836
1521311780538093568
1521290268359675906
1521263426328317952
1521191673518338055
1521146851222822912
1521146848353964032
1521093599068409858
1521063002627321856
1521063000089804800
1521038068655996929
1521038067448139780
1521038065652875268
1521038064159797252
1521031057524633600
1520941460312723456
1520941458823462914
1520795630444199937
1520795629521444866
1520795618796527617
1520779559377018881
1520779558127079425
1520779556336160768
1520779554293526528
1520754851768066050
1520738300096618497
1520693888507383810
1520672718823297032
1520661602780995585
1520661601950519297
1520661601166237696
1520661600331616258
1520661598007873537
1520545570359844867
1520516989709606912
1520154549025128449
1520154547771031553
1520154546491858944
1520113921058824195
1520113919959916544
1520113918777176064
1520052840311439366
1519800707263647749
1519786617258450944
1519786612506378241
1519769887614373889
1519762243155595271
1519762240185978883
1519762228932759552
1519762144883007490
1519762050205032449
1519754417012101122
1519754415481266176
1519747450252238851
1519747448037683200
1519724448496107523
1519724447015526402
1519676384620294145
1519465685260378112
1519465666553671680
1519465662023884801
1519398828717350914
1519398827354210305
1519317377770471425
1519076762411536384
1518616417947590657
1518274584419741703
1518274583211790336
1518274581018165256
1518274552693932034
1518228654907613184
1518228652940578824
1518015733413859328
1517897643892092928
1517479343873789953
1517479343081074691
1517479340556140544
1517479338853216261
1517211942359912449
1517211924458573826
1517211884671356929
1517156749219753986
1516835762335010828
1516455574132740102
1516431346306015236
1516179569572679680
1516077656391012352
1515699345114513409
1515366566237511685
1515036246380326919
1515022419542646787
1514969542983880707
1514675674551930886
1514650435931582464
1514650435000356871
1514650424757952517
1514608321780600847
1514255045306560521
1513981533597675529
1513981531936763904
1513981530674192386
1513981528598003720
1513576585353433090
1513576584497844227
1513574513178558471
1513567311768207367
1513505685534818311
1513505683915825153
1513205524401201159
1512819072790110209
1512537619930001410
1512489292979122176
1512176218996621317
1512176218099142659
1512176211023343628
1512147459287531531
1512147458217947136
1512147457202962440
1512147455944634379
1512119718307672065
1512119717334560785
1512119716063686675
1512075418798501897
1511897385131200512
1511897381796818952
1511842107467644930
1511802582116847616
1511763388984172545
1511713881961476102
1511501428208156674
1511452424782987277
1511452413999435779
1511428434991407105
1511428433183744007
1511428431753404426
1511428430587469833
1511399345471561731
1511351291422941199
1511158154737995781
1511158152443609092
1511136820175818752
1511136805361528841
1511117780568915970
1511106534272647172
1510654797820665856
1510654796981850113
1510654796251947016
1510421855810859010
1510006114661904385
1510006113042894853
1510006111784640514
1510006110597619712
1510006109272223745
1509992319952601092
1509972451815526404
1509972450670428171
1509918593894555654
1509918592371990548
1509918590870470664
1509666175021727747
1509564190624821253
1509547433709215752
1509536827098779663
1509536825316098050
1509536823508410387
1509536819100229636
1509536816755617794
1509536811718258693
1509360384377077761
1509285068631642117
1509279894898982918
1509232913270951944
1509185651069042697
1509140739602759681
1508962788902948864
1508914783508209675
1508914765053190148
1508899716121124868
1508873696248840204
1508817119948980225
1508587308617973766
1508587307305259019
1508497776170176519
1508497775083851787
1508482112772616198
1508482111581396993
1508482110377664522
1508482108792221696
1508482107462631427
1507869715099697156
1507855926748979204
1507855908558225408
1507836798789169153
1507533248917913605
1507533238985805824
1507414621715578891
1507139269403549696
1507058914923270145
1506740168597942278
1506740167356334092
1506740165351518211
1506651614429515785
1506651613599047689
1506651612693073929
1506651611745165316
1506651610956578824
1506651605671809027
1506405289213452292
1506288815660490764
1505896535330066433
1505604365985456130
1505604365243097088
1505604364391571463
1505323446049329162
1504568782802587650
1504568742453420036
1504555575383891971
1504526075031924739
1504507298470899713
1504494635879743488
1504474663988051971
1504457839162671112
1504289936664576004
1504238803367645187
1504238793716637698
1504186200948711431
1504186199803629570
1504186198390198280
1504186197152874501
1504186195902971906
1504179508940791814
1504176176901861383
1504176073046695937
1504176035520262149
1504147410095943683
1504111946190229509
1504086275158155272
1504081248695865344
1503919407734706177
1503919392782008324
1503801222079340551
1503795174538948620
1503764415866363920
1503749854031495177
1503749852085329943
1503749848323010578
1503386592261644293
1503175013582712844
1502740197422907398
1502432965095313411
1502432962998149129
1502432961043615746
1502432959223283714
1502333321254211585
1502333320138571781
1502333317395451908
1502333309308784643
1502333231777173509
1502313414131175429
1502313413099364353
1502313411660685318
1501958040542760963
1501958037854031873
1501958032527400964
1501943978698051584
1501943960054341644
1501747789612605443
1501747786223599619
1501660121386168327
1501590771618693120
1501540057223680010
1501540055315140608
1501540054195486726
1501540052660363267
1501540051120971777
1501540050252840969
1501540046134030340
1501287501343846401
1501287500236656640
1501287492322041861
1501217277668175882
1501217276325945346
1501217274941825024
1501217272593063938
1500958445700329476
1500920182868520972
1500669124082638851
1500669119661850632
1500301353389801475
1499794817865371648
1499794816615559169
1499794815185260546
1499576704490213378
1499576693601751051
1499576681656373269
1499521485362409473
1499448729652367365
1499415221903007745
1499245171166355461
1499218800218185728
1499187950772436997
1499187939552776193
1499104473985265665
1499060477044875272
1499024939688603649
1499002644098162693
1499002642621685765
1499002640277118984
1498861534054961152
1498851613494104064
1498849983847669765
1498844845724610561
1498835106571722752
1498810408278405130
1498799548382289925
1498788293542088705
1498765813125369859
1498750329747353601
1498718313442070528
1498718311638515713
1498718309163974668
1498674507057446917
1498674505237078021
1498660749748670475
1498660748763058180
1498660747458531332
1498480588071788548
1498480587027501057
1498480585823641605
1498387973590687752
1498323288141008898
1498310618385944578
1498304362724184067
1497989514266095623
1497295176032788481
1497270145093443584
1497257901127315456
1497257889798373377
1497236103484645407
1497232456369516549
1497232455207690245
1497232453768921095
1497232451495682060
1496958287065100288
1496952713988517894
1496952713036570624
1496952711002132484
1496952709865521152
1496665323038257154
1496581464653275149
1496524362698088455
1496281249995968512
1496269249165369352
1496269247969992707
1496269246862659594
1496269245742727170
1496269244635529216
1496269243519803397
1495951123517259778
1495951114876899330
1495936019400736768
1495936018515644421
1495936017009983488
1495898160635465730
1495842095931744256
1495805713674907653
1495775882874658837
1495429441324994564
1495429438942679041
1495429436749062155
1495429401479163910
1495231972603478016
1495217991620993026
1495195739156328459
1495167738163220489
1495167731439648775
1495141430666399747
1495126860111532032
1495069220601794560
1494800455855226881
1494793291442835471
1494777137332723716
1494728853134135300
1494680987351015425
1494475266479038464
1494428166647132164
1494390559183720449
1494144426725236737
1494123343238287365
1494102535489081348
1494089770900889605
1494061771535134721
1494056283376390150
1494053567325511680
1494043175870251014
1493604126307008532
1493604124599930894
1493604122687414279
1493604108149923847
1493603981108690953
1493589366920388620
1493276104097939458
1493276102713880583
1493276101329707013
1492922726146793477
1492899024965455874
1492535121269989384
1492144936350896132
1491811350099767298
