1534512302774489094
1534223160161316868
1534153970847039493
1533171286905696257
1532182700441976832
1532104486583382016
1531707895879958539
1531245848071491584
1530961503494578181
1530921996992794626
1530877088286261254
1530645465116598272
1530230096480587782
1529822993500622849
1529535530022600708
1529535528735055872
1529535527451508736
1529535526130311170
1529535524347813888
1529535522988859393
1529535521680244738
1529278482580131842
1529246465222230016
1529244946397552642
1529222908182134784
1529179711544369155
1528768758709460992
1528753918204846083
1528389923165745154
1528151010685992962
1527688050444312577
1527368871916605440
1527086808441536512
1526980741531303936
1526897355341062145
1526730404564291584
1526729804254433282
1526712536334204928
1526706426416140288
1526641378318602245
1526300096450658306
1526242142124916738
1526184394628767744
1525984594478211072
1525975431605796865
1525944518465536003
1525916269740011520
1525916200110284801
1525916009441394698
1525915645086507011
1525915450487488515
1525915403460952068
1525915367037607937
1525915296464240640
1525915190490980354
1525915078096302080
1525911710070185984
1525911645381353473
1525911575147823105
1525911021537349632
1525910865194647555
1525910773431734275
1525910601003896832
1525910160253894656
1525910071846240259
1525909451760447489
1525909391098118145
1525909338400882690
1525909056556351493
1525908840377724928
1525908755866701827
1525908546768052224
1525908480539910145
1525908431248531460
1525908326629920770
1525908273383108608
1525908214193209345
1525907956188995585
1525904021030162433
1525903889790390273
1525900613988524032
1525898642128871424
1525898552047706112
1525609028969287684
1525540932485009411
1525172850079981570
1525155442036510723
1524889335430107156
1524871332684521477
1524748699670245376
1524413088727973889
1524219514157740033
1524122122439774209
1524044084230373376
1523749161694543872
1523748954844053505
1523719798340800513
1523327346723405831
1523041228392210433
1522969871235047424
1522678292041580548
1522634838091747329
1522277877907140609
1522022466167652363
1521912773038456832
1521888569450708996
1521656552008175616
1521600377807904769
1521583944185040899
1521557802296266755
1521533452914503681
1520875628471455745
1520835712140066820
1520493974456311808
1520172416739250177
1520122348871036928
1520092884208390146
1519698753971789824
1519494638448648192
1519486071855325185
1519485966624473089
1519485891055603712
1519464903450505218
1519426030909460480
1519405566078201859
1519366127763267584
1519352605318778890
1519330433829195776
1519330350631161857
1519293314314514432
1519163316156907521
1519091305955180544
1518974495146618880
1518679342787837953
1518232017904840715
1518231933049843714
1518224489783304194
1517892300713586688
1517614439234777088
1517246331487768576
1517205966168674310
1516943497361772549
1516807515203420160
1516460506634244109
1516222991746666506
1516072521950502922
1515673178361671683
1515414302534082579
1515365485109465095
1515065051660619777
1515013331148369925
1514981218571460608
1514773410219368449
1514639808957661192
1514390793179607042
1513950291112124418
1513644939644706816
1513593686692700169
1513162385346859009
1513001240677953538
1513000508239187970
1512876309613002761
1512535595737882628
1512232995486416896
1512195649617510404
1512152047432486914
1512132635874762755
1512086372273688587
1511815031851302916
1511400063486111756
1511078261144670213
1511022467791441929
1510690646155317250
1510303308786933762
1510049080751308802
1509959005430591500
1509659096164798469
1509619855439323136
1509584949845934085
1509561641259704325
1508907624330412032
1508866102973054982
1508836067142782982
1508822368688513025
1508820595022127117
1508479779850551297
1508183165822812162
1507793348018548740
1507529120904798208
1507488685192798208
1507037714759266305
1507033326355456003
1506988311314841608
1506825302735003651
1506758799184572426
1506730237912141824
1506684334408978438
1506667615950938122
1506664619535970304
1506653175197089804
1506621586983559168
1506352978319523851
1506076493990006793
1505376197882126345
1504640876068450333
1504484776081731593
1504402933445763077
1504109096357834753
1503809419230035976
1503809275801612289
1503441384069644290
1503043754516697094
1501645415145512964
1501287734488576001
1501287733133824005
1501257465475874820
1500920836362018824
1500911975949287435
1498861479914885131
1498849073864101894
1498845387033042951
1498804331889537025
1498245389308284932
1497989174758187012
1497300637347950592
1497285246374526986
1496953160254038024
1494728089359769606
1493386217064443905
1493322059950301189
1493250819302514692
1492967842014244873
1492967716587806728
1492197178407895044
