1526764062171811842
1526715497944731648
1526574620937138177
1526261506823794689
1524766787077771265
1524403654043881472
1523014527809253377
1522338960583712768
1522302222511394817
1522300995371356160
1521319524460498945
1521316762926542849
1521315469889662976
1521315221444386822
1521314498686070784
1521307611705970688
1520151080453042176
1520116337586032641
1520083822502588417
1520083612506329088
1519662839161626626
1519493998359957504
1519422426555199489
1519413752042508290
1519314830301138944
1519149546982445056
1519149516326277120
1519149475721216001
1519148607466745857
1519148214833741825
1518643885064347649
1518631403809697792
1517947135785766912
1517863585447174144
1517635717626802176
1517612906778701825
1517590932077568003
1517590594285154306
1517314793819967488
1517280371661889536
1516820883972755459
1516793995942375425
1516139931173003264
1512100126633996288
1512062135571939338
1511084985976950788
1509280761274241029
1509206510316007437
1506751906399416324
1504621354653528064
1504137988279836674
1503836040745959437
1503141842300248065
1503141840765087744
1502406414135971843
1501594896792272908
1501324671618367491
1498846953093976065
1498845810779377665
1498674166739918861
1497277867402612737
1496955294018113539
1496944906031480836
1496944905075187712
1496944904056238080
1496944902709653508
1496944901711351808
1496944898804617223
