1532851839380619265
1532774931477438466
1532774644427763713
1532748469269581833
1531405559035056130
1529890587897475089
1529587298081316864
1529587297166958592
1529587294935601152
1529560320070533122
1529558640801234944
1529513312609882117
1529241980907184130
1529241980022280192
1529241978285838336
1528034917019525120
1527361350795571220
1527323232377835532
1527283285675720705
1527111804148645890
1527024323420164096
1526977893590609925
1526969345825460225
1526932121960554496
1526928065879851008
1526928064386584577
1526918856266108931
1526629282495475712
1526628459199483904
1526606522108764161
1526594310967369729
1526594310136909826
1526594309360951299
1526594307901345792
1526343209789575173
1526343208074084352
1526238668649807872
1526238667626500097
1526238666321952769
1525220892682473473
1525220891596136448
1525220889423486977
1525151578704994305
1525130956885180416
1525130667843104769
1524802083903492096
1524802082708013056
1524802080988446728
1524510778921037824
1524510439752744961
1524510433939501057
1524510432475627520
1524510429690707969
1524479273528090626
1524479271607193601
1524377614063910912
1524194629821906944
1524131267016593415
1523712020440580096
1521952877765349377
1521576833988374529
1519758533608316928
1519747614463430656
1519745187140018177
1519380979487744000
1519379354001813504
1519315431684816897
1517547870680932354
1516841334132383748
1512138847005691906
1512095797277597703
1512084114731683840
1512055634501505024
1511704670586159114
1511345404926963712
1511061435647991810
1511061434695925762
1509649707697643521
1509593666268147722
1509564493516443650
1509277372389933056
1509271933040447493
1509239402303823877
1508916494347948044
1508901570875994120
1508857161841090569
1507066516226940928
1507066515216023554
1506735249518120966
1506735248553426950
1506705564822290432
1506041718122192896
1505964973083738112
1505963234674855939
1505958142135476233
1505725013042900993
1504970670261866506
1504833810369761280
1504523948251394050
1504523946028376070
1504452396025589761
1504164651449339904
1504164649893351427
1504101071383408659
1503717296656769025
1502366271433809926
1502363191367643136
1502052623544897536
1501717723369381891
1501717722324946945
1501717720974434310
1501565498777030661
1501334828922413068
1501334767274450944
1501334753651400707
1501334730419191815
1501243304972795909
1499422688623972355
1499395190024548352
1499025109998354437
1498730596146851848
1498730594813030405
1498730589511458825
1498719161110999058
1498398435136970753
1498350629256843272
1497268810600136705
1497268809589161986
1497268807630528516
1497263651727855622
1496880385283735553
1496880384381968391
1496880382939172868
1493697279953354752
1492149049281105925
1491789275930656768
