1534607562217234435
1534553538742951936
1534521495833255938
1534162385082191872
1533988609149263873
1533912837617332225
1533890441699106817
1533883455301468163
1533867159763488769
1533860922690875393
1533237039528873990
1533218789474574337
1533180627255689216
1533141488762241026
1532866351383158784
1532785263377883138
1532761139699933187
1532742897698758656
1532531520572891161
1532524968893890560
1532458723742040077
1532421863682584577
1532373679128121345
1532367759564226560
1532141198252642304
1532104142298169347
1532014038959501313
1531675549076180992
1531658727660699650
1531434280173322242
1531369757928312834
1531335259882668034
1531311425108549634
1531251585988296709
1531103694325940225
1530655251879145472
1530631112485179396
1530622187429937152
1530257147736608769
1530256294283825152
1530004530909282310
1529998986035318784
1529868030003535872
1529858875393982464
1529843284729909249
1529841571977379844
1529568310798471173
1529260332232982531
1529260242734927872
1529260134878289920
1529260058487492610
1529259977638137863
1529259774570901507
1529200899582742529
1529196102917947393
1529102358386561024
1528835123487162370
1528824998865121281
1528404137637031940
1528403963149705216
1528401984792952832
1527746511639089152
1527735374952509441
1527735236544577536
1527693816630857728
1527685974074990592
1527670058226536448
1527349531788070912
1527349285515587585
1527310719007436800
1527283948803567617
1527282645456982016
1527068751660830720
1527053407424593923
1526978830623199232
1526971751284056065
1526939616779067393
1526909484450435072
1526712665996935168
1526639336636162052
1526633247244943360
1526618639583019011
1526582963563024387
1526580559111241728
1526573043492999168
1526546519410761731
1526326457714331648
1525945391522402307
1525936985025794048
1525217526824714242
1525187537119092743
1525174959496171520
1525158862965424129
1525158704722628610
1525106661471440898
1524864772596023309
1524860242852560903
1524758148183113729
1524493944771559425
1524490095256031235
1524470625280090118
1524465724021956608
1524432039096819712
1524405880044851200
1524404464895115265
1524142285901938696
1524109402818723841
1523790010960334848
1523786426135248896
1523746453809922050
1523636627242840064
1523064938830307328
1522977825997099010
1522713527290585090
1522677144152850433
1522643695773880322
1522639742914990085
1522606390799478786
1522339224267145217
1522269226312028161
1521883829220356096
1521851385301671936
1521626461815386114
1521599427080867841
1521511975733407747
1521511882464632833
1521230770924306438
1520905484026490883
1520763990091182081
1520163391746281473
1520024791205523461
1519764583380041733
1519711662537940994
1519709325199040514
1519662062468804609
1519433228238663683
1519387525768527872
1519384540573310978
1519358315372986378
1519321300531134470
1519086946492035073
1519051735721025536
1518628585552109573
1518628155321425926
1518566790820937729
1518359184290504704
1518002936034508800
1517978424425517060
1517932239086145536
1517907989503647745
1517566083913428992
1517566075373858817
1517566073658302465
1517566072014184449
1517566067291435008
1517215650938494976
1516880609049976832
1516876596745060358
1516873892140310529
1516610380860207106
1516568787033767939
1516558013427077127
1516499351840997382
1516490695430844417
1516152074932785161
1516059055973875712
1516059054178766848
1515777912682979329
1515409959865004037
1514744023260532739
1514729978910359555
1514640774650118145
1514405496303804418
1514365288292233220
1514289764253511685
1514278806420402177
1513973542529994754
1513661117142339587
1513620748123918343
1513583529975848964
1513568124062289927
1512499098410266629
1512421809630629891
1512419136571428873
1512183314530111488
1512158162211717121
1512135695443415040
1512121303100268548
1512058555309961222
1512051120809680901
1511732927620595716
1511729271227748357
1511715793557409800
1511691015576506368
1511676358866386947
1511469942025207812
1511398609509662723
1511368474018385920
1511355591809245192
1511347658320977936
1510998126299160577
1510275552959160327
1510275061894238212
1509972106108407820
1509971991486504961
1509921343642427393
1509668283422760960
1509639789825384455
1509581056411901953
1509578860194635785
1509562825475338246
1509255160366702592
1509217007366983680
1509172464923856896
1508925411601915915
1508910868242837514
1508902549943992324
1508839949688262658
1508812208809156612
1508565342238527494
1508546849208156160
1508542784923480072
1508509386360119296
1508488553818427400
1508258900746850306
1508140008565358595
1507518824425398277
1507511556711628808
1507453850902573058
1507446118459879426
1507394065976934404
1507163261569052676
1507155236934328325
1507137803351642118
1507137788528967680
1507105663704567817
1507090197288308739
1507050716682199046
1506997362769776646
1506768628225560589
1506756078566055942
1506646511886680078
1506642487078756362
1506414180982833164
1506266431196909580
1505999400815972366
1505716675047481345
1505665709686366219
1504864369309536256
1504851564787290112
1504836665809977359
1504528649499860994
1504227932385984520
1504132747614433286
1504132435046449163
1504104684268699652
1504100794370560007
1504081525591228420
1503806672405504008
1503717852867608578
1503488099241897987
1502826125499764737
1502795883041243136
1502753447019487243
1502374097690501124
1502066132290875395
1502029523319201793
1501924232028200960
1501759755878080513
1501690542186508301
1501690449580511232
1501673435751141386
1501661540763721734
1501642561630396427
1501621209594839042
1501616878762004488
1501606575257047042
1501567422553329667
1501293293170216961
1501273976156397570
1501273787672805385
1501273645477466121
1501273017246228482
1501213341691297797
1500997703005884416
1500976209932570629
1500963820549910531
1500950003434635264
1500934608044580864
1500931179905695747
1500237832278970378
1500193138043985925
1499824789740998658
1499772095009628169
1499731354061320197
1499420690256121860
1499399413483016194
1499020714640293888
1498865106951811077
1498858464377982976
1498857844749344770
1498856590988005384
1498855392109109251
1498853762705858563
1498852941750493190
1498851420619030536
1498849480699006985
1498847615617843202
1498847041715413001
1498846449215356931
1498844998686724100
1498844393494794241
1498842841551933441
1498835109251846145
1498782789856018442
1498773635171033091
1498670991660261385
1498664483266387972
1498403124117229570
1498385389471547397
1498352853768941576
1497690812364300296
1497654437048991745
1497316060550344710
1497019579234930688
1496986666078195715
1496940358508371973
1496919230134222848
1496692069628268544
1496599359999422472
1496583320712491012
1496575601251074051
1496552008664428546
1496440233126154241
1496296915822129153
1496273871191916548
1496259698466693123
1496250871935602689
1496241506553896962
1495944327431868422
1495936784357892099
1495165326434217995
1495147088501518338
1494740683068002309
1494721329236516864
1494708249060380672
1494396982621843463
1494358723422306308
1494120936668381189
1494006940879540226
1493991886402596864
1493979724389003267
1493975503094624263
1493708654473793542
1493635755373170690
1493625792676438016
1493600996093833233
1493321267197497344
1493291249922674692
1492678196495634432
1492306315439390720
1492182210862096385
1491915254267363332
1491823738416996358
1491784530075820039
1491569495693049856
