1534520871150202880
1534158237892759552
1533912421844262916
1533839210712555526
1533804973175316485
1533433456687886336
1533071075399057410
1532708689626341376
1532346296509444097
1531983908077813761
1531663654843822118
1531259137983533056
1530896741104422912
1529809581278261248
1529447191466713132
1529222268135833600
1529084804490067969
1528722419665408000
1528360030470254592
1527997638045405186
1527635262439796743
1527336381915095057
1527273366394064902
1526910488419917828
1526554169431273472
1526185711094747136
1525833376623538176
1525460930368241665
1525098543056244736
1524788191697461249
1524788188606341122
1524440825085808640
1524407743624499203
1524393285439180800
1524011379459608580
1523649235169816577
1523286595817799680
1522924459438583808
1522561826906464256
1522212014793371649
1521194225978818560
1521112271635816450
1520025116029165568
1519662717149192192
1519300580761645057
1518575556236701702
1518213668730777600
1517850786398498816
1517488398201724929
1517136445898563585
1517126253454794758
1516763615495393285
1516401228258824193
1516139787819917314
1516139742840172548
1516038850270748673
1515661602342592513
1515314066331471873
1514951926449725441
1514627383227265031
1514589538265403401
1514227150437634049
1513879625751048198
1513864512100712448
1513502374710632458
1513124642101370884
1512777356376694790
1512414961833635840
1512052578959298561
1511690186375106560
1511327802158727173
1511038556424310795
1510965412019724294
1510603025500364803
1510240632752664582
1509878249962278915
1509515860569862147
1509159597260562432
1509153469357342720
1508791080392740864
1508428698562674689
1508066305676439556
1507703918452609024
1507341543283171330
1506979143728074758
1506616755447341057
1506254377249435649
1505891989308391428
1505529841600278529
1505167202990833668
1504804827171332120
1504442433722933250
1504080046276825091
1503717651293487107
1503355266015760390
1502962679975084034
1502645591335186434
1502326288224190464
1502283200554438656
1501920815847288835
1501567117963014144
1501196287563026441
1500833652091019273
1500471511131566084
1500109123366449152
1499746735437991940
1499384095469617152
1499021710166691842
1498659329959886848
1498297687321493506
1497934795925512193
1497572159920631817
1497210271986761735
1496847884204969985
1496485244769222656
1496122611469889540
1495760224921128962
1495397837068144646
1495035450762870784
1494673055443943428
1494310677380485127
1494028201890353152
1493948279188508674
1493646911974395905
1493585899690545155
1493223502815449093
1492861120830484483
1492498729621987335
1492136341756420102
1491773959993495556
