1534315014865047552
1534300898704384001
1534228569819316226
1534212244183056386
1534202165895516160
1534190389892157445
1534179047718244354
1534172674448031744
1534168476050411521
1533913814659391493
1533826168339718145
1533824836295921667
1533153448476266504
1533153394516426752
1533112681401569281
1533109791815606273
1533109345596190721
1532819392475561984
1532541917971591174
1532508117740789760
1532494062430965766
1532449754218651648
1532442002150805504
1532440895303434252
1532425382263148548
1532419934298509312
1532157063090028544
1531720275401875457
1531613273019277314
1531396919834120196
1531292932195639297
1531013571110481920
1531008641934974978
1531003009383161857
1531002221181251584
1530999396464222208
1530968017466687488
1530967961397239808
1530942693257388034
1530883428840792065
1530882779101241344
1530878191405088768
1530699753125732352
1530590576336416770
1530587422144200705
1530324277563740161
1530293380881727493
1530292807990231046
1530292175317106689
1530188068627652608
1529956011674591239
1529952046052524033
1529920742300721152
1529905472710529026
1529901630941974538
1529898735920197651
1529881139342716929
1529873040481390592
1529465528380710912
1529465116848177152
1529460735285264385
1529459799817342976
1529409372107034625
1529390963155689477
1529390618702643200
1529204962995187713
1529202502339633152
1529198192784556039
1529000258763730945
1528400778985148416
1527378307263516678
1527371882936184835
1527370979726372899
1527359202716373007
1527353945244729344
1527332950164922392
1527316093462753280
1527075279889477634
1526981008691761158
1526948741844029446
1526931420379336706
1526926743210188802
1526688129591267330
1526682015344492550
1525327694577160194
1525297731065245696
1525294287587524608
1525289076466794504
1525276152322998272
1525272180900220929
1525256729478451202
1525177735634616322
1524442014523265027
1524416313870934018
1524380141094424582
1524117555928920070
1524100961362452483
1524089816912175104
1523748677746978816
1523688705365622784
1523374520752562176
1523342250800914432
1523140746299072512
1523062252684808192
1523034448278786050
1523034438984253441
1522686119288135688
1522686117816016907
1522665497053081600
1522650005877800962
1522337609464360961
1522295499373568002
1522284793026781186
1522243282734039041
1522211528304332802
1522041005289136133
1522039458526281730
1522023362771533824
1521979740575477767
1521640994273386496
1521592020845879296
1521590393376321539
1521569877148020736
1521553103228747780
1521531029110108164
1521527267729584131
1521497767771791361
1521305748390780930
1521138124541280261
1520933427264073731
1520930747695214594
1520912526464200705
1520911068368932864
1520854175491444738
1520657163235987457
1520607342680702976
1520124941621989380
1520102479974776833
1520062611290832898
1519824366426492928
1519810216539430913
1519800529794347009
1519800392862818307
1519450652350558208
1519392287775731713
1519392106690793472
1519329331159482370
1519328303462690818
1519308734492774400
1519175634106335232
1519174865852506112
1519139025705123842
1519025920434229252
1518975539465306114
1518949651206098944
1518775545785376768
1518702759922515968
1518682297377062912
1518656872177352704
1518650865917308929
1518436866449625088
1518075230463438850
1518073420663169030
1518068125484388359
1518066444562575360
1517956170006376448
1517905078958632962
1517621921864634372
1517605214643228672
1517571341427392515
1516897576087400455
1516874343841677315
1516844207436091397
1516841755014008837
1516840261309059083
1516840157101572096
1516839504883200004
1516839207032995843
1516606339958644739
1516518183070736391
1516517448924737538
1516516921142915084
1516506813994356741
1516506329992605704
1516437881732177933
1516427325122007040
1516424367357538306
1516266734055038981
1516198927003013130
1516191359404806150
1515438406867771394
1515089813669564420
1515041249941762064
1514974493797662727
1514795194020888590
1514772915274756101
1514735397175275520
1514713962541195268
1514706983609372677
1514677598130954241
1514464330364100614
1514420854905528320
1514406531818831872
1514404878822617093
1514404112196063233
1514367081403269126
1514366906677055491
1514338558349299714
1514322810939887631
1514305431480545282
1514302261375213570
1514277465950232587
1514059266986024962
1513860030289920004
1513707354482749450
1513703719870808066
1513656658852990979
1513610956470984717
1513388441240809474
1513385926885621767
1513384209515257860
1513383285153484803
1513382783888109568
1513190938109263881
1512898638124568577
1512791888797089792
1512482528631918592
1512482526073274371
1512218341020258307
1512217179785240584
1512165611668975620
1512131544730816522
1512128620071989267
1512118534402363392
1512104632675360772
1512080636982398976
1511892699699425289
1511828904662777857
1511545213445197826
1511456135521386500
1511408441465745408
1511187844697571330
1511074099057115154
1511062271971282949
1511051938632249351
1511038919734874129
1510969122041081858
1510616369720606722
1510402022822055938
1510317603016908805
1510106135948406784
1509887972199608320
1509742525279518724
1509734303101595648
1509674993432633344
1509664407139373060
1509653819319328772
1509647906390827008
1509181701506875396
1509172586990686215
1509166788923338758
1509158878881193985
1509153779702194180
1509137587323252738
1509007902434107395
1508999907734179845
1508889879341678594
1508873710211682312
1508857378657247236
1508839645991391242
1508641293571969027
1508634175003402248
1508542450985586688
1508264197892808713
1508263619590557698
1508100827893932038
1507930859596308482
1507743900471025673
1507506819119390722
1507472454532358147
1507153367038148615
1507141421601632261
1507020686346231823
1506999373338718222
1506763739575562247
1506725368815833088
1506676569326166021
1506658086462894083
1506642517038706698
1506462570215092224
1506451091852079106
1506449824081756161
1506337925969190924
1506309914465120266
1506274397799256065
1506272385279926286
1506265331890888707
1506138360607354883
1506135814635495427
1506131167308828674
1506127793729544195
1506110907583287299
1506107988528009218
1505912916075233280
1505215696522858505
1505207105040662539
1505028492928471055
1505026311575715842
1504951443505221638
1504937335380750336
1504925614255579137
1504910014900850690
1504899493640163330
1504899492251938816
1504872185571250225
1504848408695214088
1504805189248819228
1504657209799622656
1504508218399244290
1504495046309077001
1504154385101770758
1504121450604773382
1504096850118422538
1504096848566435842
1504081604767096838
1504066058331766790
1503841844425379846
1503823399105277952
1503805669593563143
1503767054700134404
1503755207913754629
1503514586812669956
1503405172265005056
1503160423201263626
1503104746873311235
1503033261999726598
1503027875397705734
1503024968522956808
1503022056954335235
1503019680642088963
1502756484907769863
1502717893510901765
1502653061340274689
1502418390417354752
1502083060895993865
1502062256863031308
1502053097572646919
1502049593508438016
1502026188990132237
1502022675119710215
1502020065067216904
1502017790735273997
1501782256024707073
1501631350197084163
1501601235757056000
1501554393614856210
1501367311994961921
1501363718059343893
1501343962270949377
1501294366056456193
1501292333383491600
1501287048493383680
1501278924151660547
1501277854549610505
1501267846483132421
1501259953226633216
1501211855146164225
1501203821476950022
1500976539051208710
1500933769896894467
1500885343801057288
1500871812879720454
1500856267178491904
1500845153489235970
1500826637943853060
1500826470205251590
1500821875957678082
1500821541315137537
1500645763076042753
1500631894198833156
1500601602922762245
1500598146988134403
1500565298369507328
1500562620570603522
1500561635727052800
1500494037433868293
1500440977798008832
1500274109665660929
1500262747824656390
1500199463809388545
1500151958258212870
1500150488851001344
1500140107080376329
1499982912141340672
1499979562515587072
1499868606087241730
1499866418661277697
1499847880110137350
1499462931079176193
1499453069771390979
1499376986984177665
1499376554316599308
1499214946164482054
1499193073607270402
1499011454929940480
1499007909476380679
1498996939316244482
1498866067459952640
1498855349054488576
1498852953909776387
1498750064633827332
1498750063211917318
1498729784628633604
1498717217785004032
1498666714057351170
1498590270350311430
1498490206416220167
1498479078982180865
1498415371002560520
1498404796461731840
1498393706411573248
1498393705174208518
1498333565729267713
1498313711412518912
1498313352300408832
1498304348966768646
1498302238573350912
1498287097026908169
1498285402662313985
1498283474947563524
1498280333686489097
1498276355892514821
1498034818306785282
1498032905775374349
1498031729344499714
1497995501295259655
1497992807855837200
1497968321295261711
1497965838607040514
1497921193017495560
1497918269587664898
1497903819115671553
1497902875338547205
1497707266279157766
1497657719850893313
1497642507177443334
1497642505357172739
1497522058770616321
1497499571533975553
1497492244663840769
1497315835903418381
1497312339112124416
1497312337593876487
1497311397792862210
1497309826199822336
1497308357186699268
1497301864844570631
1497298677626556418
1497252548796952576
1497252471218991106
1497252469725966344
1497237804702654466
1497233648214552579
1497232900282109959
1497205028981026818
1497150038597844993
1496992903184281610
1496989466082557953
1496984015676620807
1496909023555330057
1496896186518810630
1496843312753487874
1496798289857069059
1496795784179683331
1496766878718566401
1496743065217900544
1496575808714022912
1496555569305501704
1496488117548855298
1496483609292984321
1496454669652082699
1496454539591000065
1496224463909703680
1496223364733714440
1496026993296646144
1496024244655898630
1496023823254228992
1496021724940353541
1495445931822653448
1495392253241704452
1495390907801214976
1495044014692835331
1494809105072074760
1494805190486204418
1494731586423697414
1494731584775331840
1494466549918355458
1494366142063947779
1494330072794234899
1494131321412767748
1494074048254550027
1494018286450843651
1493687545993080840
1493654884528312325
1493654882632577024
1493596191862501388
1493579935344218115
1492996714734796803
1492550923729588226
1492324568425541635
1492276034724638725
1492245514972192777
1492188867478315008
1492188865540591616
1492155340338737156
1491972248978268162
1491972248105893889
1491972246478499840
1491896712147144705
1491875714819366924
1491849746239131648
1491825790392188930
1491821153429733389
1491791603437998094
1491774202705104898
1491596576363626502
