1534619290288128000
1534619275046043648
1534537890058887168
1533797067994300416
1533509179754827779
1533479084604502019
1533448913365213184
1533418636781690880
1533191951633244161
1533176929309818880
1533171796417060865
1533056258311434240
1532844800759709698
1532832243944771590
1532814715398791173
1532808013475721217
1532769413337841667
1532751499306143744
1532750482980093953
1532167246998605825
1532161143870996480
1532152808157372416
1532144574948319233
1532129207832158208
1532109403981217793
1532105123463409669
1532101246718464001
1532095723059261440
1532062727677812737
1532047923189620738
1532044023300599809
1532039163587047424
1532033240210489346
1532014669006872578
1532007108736172035
1531989835971547139
1531982771220004865
1531982769877819392
1531805190470393856
1531758324236140545
1531682987040985089
1531682966237323265
1531259210998095874
1530942353573392385
1530912181709160449
1530881886414950400
1530655245012852736
1530625092308418560
1530610106777362433
1530580033777147904
1530549900349431809
1530278026700808192
1530224019345223683
1530212309985017857
1529915342377701376
1529903315718393856
1529892052787417088
1529855428913467392
1529854029454528513
1529853124365766657
1529852212146487297
1529583350318514179
1529560791351013385
1529523195581276162
1529493188322394113
1529130843310108673
1529100596246196224
1529070212494016512
1528858550977679360
1528834234781245443
1528771503247998976
1528375457229545472
1528013142822993922
1527741309846532098
1527704787478794240
1527667091716833283
1527353933483560978
1527353929495105537
1527348960280518656
1527348956120117248
1526986459412054018
1526986449308028929
1526959677376020480
1526941087180410880
1526684241165262849
1526665120511840257
1526654136674033665
1526600973531193344
1526585554694979594
1526553609382526978
1526321856466374656
1526291727723667459
1525838765389930496
1525446145887051776
1525204586348400640
1525186272423190528
1525186270963564544
1525186268069613570
1525186264852578305
1525186262025617408
1525144523344584706
1525128106499006464
1524812133078294528
1524781596360028161
1524750148466708480
1524449747234443266
1524381124604182528
1524117423082901504
1524087378599628802
1524070131269312515
1524056611660173313
1524043406644756482
1524043405575213058
1524043401959727105
1524043395488006149
1524043390555410432
1523727158987743232
1523727156966088704
1523727153287733248
1523727150024511488
1523727146682036225
1523727143486001153
1523727140339945474
1523272034754899968
1522939749706526720
1522909450809532417
1522667873486917632
1522667626245373952
1522571897904447489
1522562258685120513
1522305471352393729
1522275381251911680
1522262630223785985
1522217083798315012
1522208584003727360
1521973217249869826
1521943119503273985
1521913054476308488
1521860959085776897
1521572844886503431
1521557749364105217
1521550620439764997
1521520616679034992
1521479850229473281
1521248414377336832
1521218274062741505
1521201775197532162
1520735078569103366
1520403036832772097
1520372718184669184
1520146601574125571
1520146595907526656
1520101095409868800
1520095355144126466
1519777142896267266
1519738670231834625
1519708828996100097
1519495445592133634
1519392947325788162
1519382644383002626
1519359687182979073
1519359433234599937
1519333506500935681
1519330011676921856
1519093974690062340
1519074096595836928
1518681602238332935
1518627951876608000
1518205647824773121
1517896446292467712
1517866299782844417
1517624536228839424
1517570449303035904
1517534459033100289
1517504213064028162
1517194010930171908
1517171955589390337
1517131667164614656
1516876894213328897
1516815210752974848
1516779388838232071
1516749015609663490
1516552378975236099
1516514507207675911
1516447204420030476
1516144881764376585
1516112197621014533
1516112196572434445
1516112195494494216
1516112194454360068
1516112193284149252
1516112192193671168
1516112191052820489
1516112189844824066
1516101095457701893
1515692069129539594
1515661804457930753
1515407182107398151
1515321655748399104
1514997664143794180
1514683741498662913
1514676502364884995
1514629801121878028
1514366141212278785
1514350449331261453
1513989091540578304
1513962697662111746
1513940421159829504
1513925479404814343
1513890559005450251
1513869872450740236
1513611437821804556
1512512405598838794
1512494519119491073
1512140341339688969
1512090665722679299
1511885969322135558
1511820604470697991
1511796678390689795
1511795761641578500
1511795139404083202
1511772615970635778
1511764569831706632
1511476569323278339
1511449151594184710
1511448480522321931
1511406203733164041
1511387618264682499
1509986246600368132
1509915458966888455
1509546139162456066
1509273613865734145
1509246682088853504
1509226128199856134
1508914890341298191
1508870077436813322
1508835958535471104
1508824904367489030
1508819208070647815
1508468951994535936
1508066578654498818
1507734484908711944
1507456041809682436
1507398990626709505
1507371786832330757
1507100241350180867
1507065981037858829
1507033255094140928
1507001849236307976
1506666497984323590
1506601865131216896
1506361141861232647
1505319780441542662
1504871289076527108
1504860845284675587
1504826289710063619
1504647805348065301
1504231073110188041
1504222009793855493
1504206441065988102
1504074498433236998
1503743649066233871
1503423420201156608
1503400597185339403
1503091044870672385
1503052857624473602
1503026118265298951
1503023398158487558
1502676232940498959
1502450202992685058
1502408030150967305
1502373882820546567
1502361761290272773
1502304839623225351
1502003909526761472
1501990737302458371
1501971162833825792
1501936732677148679
1501656611043127307
1501619474537058310
1501573269249482753
1501290428561338371
1501252680097976323
1501216023432900609
1500471579846791173
1500139496452542464
1499793400392032259
1499141506996838404
1499141433227464705
1498858864258781192
1498858784684445697
1498856432288112640
1498856430912290826
1498855455904444419
1498854268094320643
1498853778484772870
1498852655829037057
1498851795774414851
1498851737339412482
1498851735972024324
1498851512826707970
1498851327891456002
1498850406176333824
1498850176257167361
1498849039575662599
1498848370957471745
1498847050770927616
1498846807689940996
1498832977018728450
1498822903407816716
1498813981343027202
1498813980063772680
1498813978784505856
1498813977249341445
1498810121857736711
1498709399841431556
1498002522086203394
1497654133507166216
1497632887696506880
1497316680401367043
1497226335399264256
1496861598203453444
1496559429839474690
1496498435570216967
1496238085876686856
1496205450739658752
1496128683635052555
1495932970129141766
1495880217549844480
1495761106568105993
1494764832633069574
1494735105960595465
1494499786040430603
1494319342015721474
1494021126523170824
1493999469708423170
1493738183993008128
1493693459928133638
1493600068896800769
1493336209854246928
1493335126876606465
1493287226884640769
1493261805552304128
1492891718735302656
1492529365577576456
1492236827658493954
1492152521560887296
1491923072164806675
1491839549722476547
1491798064541028360
