1534563795552636934
1534269041044496384
1534240210795511809
1533894013262123010
1533885445779730432
1533808682676457472
1532819073054162944
1532784331906863106
1532466932410200065
1532435597599592453
1532414464171159552
1532341286753251328
1532101583558914050
1531252508584198145
1530308263320985601
1529218353566711809
1529193002702340098
1528764864730124289
1528764608768532481
1528008965757489152
1528007425172951040
1527806803001712642
1527800579334017027
1527755336681234433
1527273940564975617
1527103050720092160
1527098302860300290
1526985561986179075
1526952668144574464
1526911438895337473
1526596140694634497
1526540334867652608
1526302554837159937
1526199425495965696
1525154919027814400
1524795587476049922
1524795573819301890
1524468257696190464
1524451534855147526
1524391935548477440
1524376294682771458
1524369802034307072
1524155440308932611
1524123514621550592
1524061402142584836
1524027890739855367
1523760924544598017
1523727415343677441
1523698547622744065
1522682900256333826
1522644441256939521
1522249402852724739
1522209884972154881
1522204627638407168
1521848535418818560
1521584732630355970
1521485473566367747
1521274170579030019
1521220813525078020
1521211909328019461
1521161539495075840
1521132363652255748
1521123148489498624
1520190791737556993
1520104198574153730
1520061186296979459
1520057539567792131
1519784526599229440
1519763020121096194
1519737278301622273
1519728524155932677
1519669633007198208
1519334705237266437
1519333482891206657
1519326142406221824
1518982222245679104
1518979744020275200
1518971497548763139
1518657467407810560
1518586180664799232
1517531341113470976
1517299117109747712
1517291590452191239
1517237852916039686
1517230537089429512
1517200799373348864
1516928932125323265
1516866388287275016
1516821889229934596
1516809884163051536
1516798370911817745
1516780232400846848
1516759413343858693
1516500358213902345
1516416010097680390
1516128077197332481
1516124413556662277
1516086595312664580
1516060498244120579
1515690411536564229
1514926622033522689
1514724360669605893
1514622671413288969
1514329486262779914
1514289825964249088
1514234542307094538
1513976555655073792
1513919734084943875
1513911120049885193
1513871900258324489
1513858749072646151
1513673104983220230
1513581274669137922
1513546986204631041
1512205856972193793
1512133535569780738
1512106781178306571
1512055035840143363
1511777347573358602
1511744569292951554
1511737587215618049
1511724747649957892
1511716484476805124
1511460069677879304
1511443495864737800
1511442532454051846
1511416366796005388
1511371336387596301
1511363138444222466
1511336021530714120
1511335310730444804
1511088136658554892
1511084633517088774
1511046545734615048
1511026722451468292
1509915109967241221
1509644204875685894
1509641621209591811
1509602856638287883
1509594317169569796
1509592094905622528
1509590358816133123
1509584358679662598
1509576799138856960
1509248807879548937
1509213054847930376
1509158094172995591
1508811402823221258
1508526432829513738
1508481062619463683
1508462981000187907
1507377032140836873
1506960344677339140
1506280973549322244
1505691576072388609
1504544300889264140
1504509174645940228
1504249135121281026
1504109360619966472
1504100345651339265
1503429963541880832
1503378494109085697
1503109228487225349
1502402211602735110
1501922985216774144
1501626669232267271
1501558440937897992
1501325304698134533
1501217678240927749
1500843645557264389
1500612316777361412
1500120949944983553
1499826704545689601
1499774773840293888
1499398413888016392
1499142584391843848
1499093619625631744
1498859024271433730
1498846448468832259
1498845573365051392
1498841893995745289
1498733202919378956
1498723370841559042
1497405983773110272
1497358188986912773
1497222348918898698
1497037165653635314
1497021280842780672
1496963824167051270
1496924816548544528
1496854926395334666
1496708271490621444
1496490883667091459
1496206856330567681
1496142626831147017
1496128714953969669
1495765260724314121
1494815026162671618
1494717515502657538
1494663502870593537
1494388872905646083
1494363105396199427
1494354599855247372
1494316701948821507
1494307470218567683
1494051585676169220
1493977255273451521
1493706963833737218
1493629638312136705
1493296968319348748
1493286595302146054
1492222627968172035
1492201648877359106
1492144902469263363
1491783939219931137
