1534662676575571969
1534623274457616385
1534596776547831810
1534572570221195265
1534572568593805313
1534554344380674048
1534229888542158848
1534207228886007810
1533904963910475777
1533886435106988032
1533872934321790979
1533866039687237633
1533865582877081601
1533842424296091650
1532836808685404161
1532816708712513541
1532797092762210305
1532770600082673665
1532457907429818389
1532426113594572801
1532393487827619840
1532393485852151809
1532393484308688900
1532393479837564929
1532066913832308737
1531732501516935175
1531710499473219586
1531312334525943808
1530269237671088130
1530247199090696193
1530226262450511872
1530222918667575296
1530205708079321089
1529940735235178512
1529906225411936260
1529887941140656141
1529865968599674881
1529848081814102016
1529592404671705095
1529538889555263489
1529521897439997956
1529505291468931073
1529253674572210179
1529184356534738944
1529166142991908865
1529148210564026368
1529131908260569088
1528835750418354177
1528821357441581057
1528796266335023105
1528775325752119296
1527763760919756801
1527730871549173762
1527711359680536580
1527695075957940225
1527682545114140673
1527380062323888130
1527365206078173192
1527348295147790341
1527328595923722247
1527023652197351424
1527005821615362054
1527005820147449857
1527005818050191360
1527005814791319552
1526989512714465281
1526973129293176832
1526960255061700608
1526960253534932993
1526675785800728577
1526656276318461952
1526653993145061385
1526653991379161088
1526653987067396096
1526633234091712513
1526617836969463811
1526602505848770561
1526293338286182400
1526273259611774977
1526249232822419464
1526229601189502979
1525201068627484680
1525175739015905282
1525175737472503810
1525157943611736065
1525142805181497347
1524865073344397316
1524840742753030179
1524819015289425920
1524800682133536768
1524778849355038720
1524514859400011776
1524483968300687360
1524468166860193792
1524445860272218112
1524429869068832769
1524414167687602176
1524140882353610757
1524125017704906753
1524108944788107265
1524088025130708998
1524071816330981376
1524071815022268422
1524055616402120707
1523797205676662784
1523765694827212800
1523749936512532480
1523733546527244288
1523722766067052544
1523718024838062080
1522686022726950912
1522686016099868674
1522669192570363904
1522650515703742467
1522635973921759237
1522635971526905858
1522620734853496832
1522605470170722304
1522333100214267909
1522315566400344066
1522294232815394817
1522267584715972608
1522244870269718528
1522244868977872906
1522244867753185282
1522244866029371394
1521946292133453824
1521928424998244353
1521928423379197952
1521911610415230977
1521897127856807936
1521587066454388736
1521571191521169409
1521559760776146945
1521531374083133443
1521531372761923586
1521214068505337859
1521178612229103619
1521163222845468673
1520139614551519232
1520128042902904833
1520109191209365504
1520097123374669825
1520079122663456768
1519779931458314240
1519764249245007872
1519749168415313922
1519734421947039747
1519720870998118404
1519720869798551552
1519705100025049090
1519419534888869896
1519401702813798403
1519387786851270657
1519373760666742785
1519360746630565890
1519062198550679554
1519046018171604994
1519028700355964931
1519010133703106560
1518990426300166144
1518985916106387456
1518975067341963264
1518679562909110273
1518679561147461633
1518661049079189504
1518647015743361026
1518626580217700352
1517569467194257408
1517544793169092608
1517544786827296770
1517230672615772161
1517218134155005952
1517199888441880576
1516927128893378562
1516886935377174531
1516878824646000641
1516878822800510978
1516878818983780353
1516878803146051586
1516809695541010449
1516809662791921670
1516809541924577291
1516520843009875968
1516490163626516480
1516477967773278208
1516175800965414913
1516148891133136901
1516132598178881541
1516108839887806464
1516090855966363657
1516075305500348416
1515759895534047232
1515023386426159124
1514755823796432903
1514711010459926535
1514694804524998667
1514675393181143041
1514652165519949837
1514346800488013831
1514337099247403019
1514302462999543823
1514286308553805837
1514271656361050119
1513962259332149262
1513948212528304130
1513933026119622656
1513913080266301453
1513913074192994318
1513616520689197064
1513601681849827337
1513585623608840193
1513575673679515654
1513575671024476165
1513575668902203393
1513572760416813060
1513572732386131973
1513556335748694021
1512900840645926915
1512519168423342087
1512512183191670792
1512487841233788934
1512463306400976911
1512447683084042240
1512158422069821444
1512137410532020231
1512102079648706561
1512089560909422597
1511788420506521601
1511767537771503627
1511750910690611200
1511750909294006291
1511735315156844544
1511735312812507136
1511710107645755393
1511452369107791873
1511452366947688459
1511430935086084098
1511407315659984905
1511407312161890304
1511392003417853961
1511378852483944454
1511370935298924552
1511370931440132107
1511075650500800513
1511060594664824836
1511042627713515531
1511024716739452935
1511005588318261248
1510299318359625729
1509986701657219072
1509968771984855042
1509951054640734210
1509938583804780547
1509916738338574347
1509647288393687041
1509647284111302659
1509631993423835136
1509618725623930880
1509605425389391880
1509586033305956357
1509577612867350529
1509288558535888901
1509260190746566663
1509259073363005456
1509249512660946954
1509234308388728833
1509234307176484867
1509218557799895048
1509199404745596928
1508924896948244484
1508871395530395650
1508843712540987396
1508827853529436163
1508809627827326982
1508531030503874571
1508515230242025476
1508497102132981771
1508475579313659907
1507450015614185474
1507444926908403712
1507428087683768331
1507412014636969994
1507394798432493591
1507087189993209859
1507086679173177350
1507067859763089410
1507067858634825731
1507067854608289795
1507041242609238024
1507022828591362057
1506727585887178761
1506717103402930184
1506717100752183299
1506701083137265664
1506693254288486400
1506691720095879180
1506684194382045191
1506684192234561540
1506651944508694531
1506646209599000583
1506369840403165198
1506352777999659011
1506336975921586181
1506323161931034626
1506310187497496578
1506310179356385280
1506310174893617163
1506310164852494337
1506310154496753664
1506263169982947332
1505984290252894212
1505963364039770119
1505947266766589959
1505934925740056580
1504885215050805250
1504860799793311750
1504843944366063670
1504532521995886596
1504512380700696579
1504493953294516232
1504476365063548940
1504453277764796426
1504181396834856967
1504152034731347973
1504100142135316485
1503824852469399553
1503805271348588545
1503784980782145540
1503769560436158467
1503753834832748555
1503441109346836481
1503419994683715595
1503404765719543813
1502386040476246022
1502373631950741505
1502373629715169283
1502356236066508803
1502356233982029829
1502330329104855041
1502330327318122505
1502330321529970697
1502330316245118979
1502330310998085634
1502330305302208512
1502330299392348161
1502330293935644676
1502330288629768194
1502330283223392259
1502330276902494208
1502330271328256004
1501978922132594691
1501978920610054148
1501978918768754689
1501978915748950019
1501978913920139270
1501978909071581185
1501318326588428292
1501318325422465025
1501302574846255107
1501285815988768778
1501268514690248710
1501251870139949066
1501235223941505025
1501215311881805828
1500948523285729288
1500930938435510277
1500911624177266691
1500887233619976193
1500869981101248519
1499841960126857223
1499841957371293696
1499821639424425990
1499800876684296199
1499505192852770817
1499497203928375302
1499497094222123013
1499495418329194498
1499492307296530440
1499492306239598601
1499492304826081283
1499450079916474369
1499420186138583041
1499113043833327619
1499096982450802693
1499080246695497729
1499058005123420163
1499042284612038663
1499042282992979973
1498857474748727300
1498850724800831490
1498850666583928832
1498850647885717508
1498850373406281728
1498848266447896577
1498847685746601992
1498846234383204361
1498844314041995265
1498841974270533632
1498754880034553867
1498729924659748868
1498710324517777410
1498696469574037509
1498436713705783296
1498419499304898560
1498398581291683840
1498381672735195143
1498373413269815302
1498345075557949450
1497333966025674762
1497316026127724544
1497305545736400900
1497225110935289869
1496964286110855187
1496943540290478080
1496942044929052684
1496907719105724421
1496905491297050625
1496903657014579206
1496903655987236864
1496903654766432256
1496903653625671688
1496903651943669766
1496903650798616588
1496586283711447045
1496541797161615364
1496525883947069447
1496525882479026179
1496509259076575235
1495884884459626505
1495846875882311681
1495838634305626113
1495838575262416904
1495835618298970124
1495835614519910401
1495835612716449792
1495835609025454091
1495835607330865157
1495835600422944770
1494377621261537282
1494032127096201218
1493694875698712577
1493665309009616906
1493639906199015425
1493348956373663744
1493327774018412544
1493281661085229063
1493265682863210501
1493265681772601348
1492199880810536960
1492180962922401794
1491940085994041351
1491880733127946242
1491866323642687491
1491852189895122949
1491837247393570818
1491837244231069697
