1534684531126685696
1534555391954231299
1534210497163284480
1533895391275532289
1533868962022400000
1533847414838554625
1533495653866754048
1532801684253966336
1532796717782867968
1532778012906622976
1532777134778744832
1532689669254746113
1532426822473895948
1532401321243987968
1532051778665172992
1532051776744071168
1532022338555871234
1531274233652838400
1530242945860919298
1530240348718608387
1529846458681270272
1529507592791367684
1529480325448933380
1529205145627656192
1529204678789156865
1529190903176433665
1529172351304310784
1528821093515026432
1528810218431426563
1527684678379085824
1527355075064057864
1527323372644073473
1527300266801999872
1527110810467811328
1527101068114550784
1526990852140195848
1526951858287386627
1526593473440251906
1526584308340862978
1526584306218455047
1526583511011893250
1526292965345349632
1526241030575620097
1526224472239493120
1525989486647054336
1525522320097349637
1525181181779660800
1525140698554437632
1524802067436646406
1524790868267388929
1524472874215612417
1524472477493178368
1524190860828721155
1524110335329906693
1524059354135150593
1524059349794140162
1524029743477231618
1523667596654309376
1523300287812829185
1522652241722716160
1522325556800278528
1522245815229730817
1522219915645648898
1521579385568088065
1521327007069446145
1521222638621888514
1521187300079771652
1521154362659246081
1520871611850711046
1520064546089897984
1519729295349977089
1519675634699673601
1519319149394239488
1518982554359115777
1518689770775449601
1518689769592606724
1518269698235936768
1517567013086011394
1517567009026097153
1517567004143722496
1517566999286669312
1517533260120743937
1517237959011057664
1517234641945645057
1516875329897484289
1515693237683593223
1514964671413030916
1514963307484041223
1514673895181279233
1514240103903805451
1513987889583083525
1513925178320990208
1513924657908441091
1513873403903684608
1513592721474146305
1513574918780239873
1512540137678331904
1512133016876953606
1512099432233410561
1512099431008583683
1512029922696568837
1511879504570036224
1511761562792607751
1511725699543011333
1511701842102738944
1511444598240993282
1511414639757860869
1511385714327539722
1511079691490406404
1511018248409657350
1510065626588536844
1509939164485242886
1509917979831508999
1509914477885636612
1509911112090853377
1509907579476094976
1509576938112831495
1509539204266668036
1509368710125043716
1509267880633946116
1508918101219368960
1508852831389896708
1508836326942158848
1508579704181297153
1508564976574808066
1508564975538913285
1508564974679080964
1508538180978589704
1508525339001110528
1507336391251972098
1507050272211845125
1506729825482035206
1506711551281176580
1506708729806397444
1506689768989642758
1506680133498937349
1506635627814662148
1506374239133351946
1506284530528890895
1505943210824187913
1505909793583775753
1505907942238957579
1505900211931123719
1504844351721062417
1504542258250588160
1504525717085822979
1504465141076795392
1504146931471245314
1504095613042012169
1503842145861525511
1503818877205155857
1503792153285341191
1503451483563569155
1503449907939713032
1503436346370756609
1502351748169711619
1501933836266999814
1501933832995438604
1501933830638211072
1501933827807055882
1501933824564883460
1501621536234553349
1501319026240376837
1501262265810661381
1501242428149350403
1500946077121499139
1500936074318782465
1499806892251619339
1499790320128741384
1499790316173508614
1499445029110272003
1499438611699318785
1499438610071920641
1499423117407571974
1499421384035950595
1499090645222309898
1498874093717884933
1498858345050083333
1498855515979501575
1498853515602575363
1498852195042840577
1498849887101796356
1498847469035216896
1498847197365997568
1498845990660546565
1498840002368835588
1498780388193361922
1498773289233170433
1498768249911230469
1498728702024245255
1498728681941962757
1498409236392550405
1498371864120463362
1498330605901291529
1498330604210950148
1497236575910043658
1496957347205619714
1496635635603591175
1496560364187705346
1496536639862157314
1496310280896360454
1496230672968687618
1496216165982646281
1496161384840806402
1496161260202872833
1496159491821383681
1494734090901274628
1494697451328000008
1494436290569375754
1494060378283782148
1494006466549882886
1493651063660060673
1493648714199703555
1493337038669717508
1493244876653314057
1492226860108947461
1492209058484568065
1491807950792536069
