1534529394844356608
1534527413111201795
1534198957445890048
1533802997641318400
1533802944029663233
1532486638156320770
1532057239984349184
1531692864836620291
1531669886010810370
1531311686887538690
1530202101732806659
1529461636142178304
1529193225457651712
1528862441903640576
1528751968470061056
1528732145635713025
1527673857783611393
1527295806818365440
1526617425311064064
1526601332450283524
1526560038063685632
1526214239844810752
1526211574309998592
1525121742594879489
1524831769027133440
1524761941738201089
1524757662642155534
1524747655984803841
1524402155351941120
1524127864790163456
1523715940516564992
1523675165556883456
1523313523228835840
1521916182961479680
1521520507392303104
1521503161189609473
1521497088147738628
1521496973580328962
1521496839593283590
1521496656646180868
1521182036748341248
1521162614759374848
1520123036501950465
1519689602948284416
1519689498724126720
1519424589704704001
1519416130389131264
1519316756589858823
1519058066943193088
1518634462686363655
1518589113594793986
1517561888149843968
1517175673340764163
1517163705427021825
1516846245071003651
1516511835469582338
1516501799250837512
1516432890996875266
1516432808486617092
1515771617716101128
1515007459810811908
1514755256344850446
1514704165943062535
1514334946776735747
1513594696899121157
1512490030564007943
1512198063192002573
1512132641289560081
1512078493932085260
1511726136128069638
1511725949070553097
1511345855902760977
1510987338284949507
1510981885777829888
1510047996469207042
1510047986839134210
1509953472606654473
1509581737453666310
1509288479431270404
1509187813991923719
1508911217863233556
1508536281550176266
1507043849813831684
1506710018342666243
1506701115349426181
1505918263804448780
1504543950790709254
1504518704876425219
1504468877031272448
1504136196296949764
1504118290142138368
1504106730954891271
1503851830765367297
1503725441701527555
1503401083682664449
1503389503737802760
1502350975641829379
1502338750558486535
1502020415639670785
1501981183252512772
1501569066053603335
1501318045314265088
1501225255909658626
1501202930283814922
1500858784108978181
1499863802392760331
1499859202847739910
1499393108475265025
1499070564559904774
1498857888340746247
1498854907289513986
1498852701895069700
1498851654124421128
1498849487086923781
1498847731892342787
1498846566005813252
1498841446790664196
1498841033651720193
1498786767780122632
1498767390754148354
1498318036868214790
1497260199140278273
1497258750876467206
1497241339494375444
1497241173378977792
1496920255112876037
1496232112080494612
1496224562262036484
1496224461388931081
1494329406667382796
1494325049645404171
1493698903077752842
1493623660464193538
1493354678150733830
1493277901088858113
1493271407383482370
1492254554016174081
1492247542402359301
