1533963361049772032
1532796713878048770
1532786913916198912
1531316860314075141
1530231518790131712
1527381312851820545
1527317520637497345
1527017253828497411
1526974693558915075
1526974690144788487
1526974687275798529
1526608888321265668
1526594423982800897
1526593981257244673
1526593979353120769
1526191189883555841
1523375544380784640
1521935860937146371
1521935587082739712
1521507816057577472
1521507815113863168
1521507814262378497
1521507813410938880
1520043238832459777
1519700368053125123
1519697062081843200
1519694614747303942
1519657890100961280
1519445194688577537
1519361448748756999
1519344265767309312
1519342514284683266
1517509517973544960
1516469620508610561
1516057841148350466
1515760209616064512
1515759538699448337
1514664174709792774
1512774385907777543
1511353262422859781
1511329430274248712
1509160808005214216
1506308539576377345
1505614006630981637
1504908639282290691
1504827886989099009
1504100800724930560
1504089236177309705
1504089233790750722
1503821846269022208
1503431180221353991
1502004483366309892
1502004478819684363
1501974771801772036
1501282171675455489
1499780760634548226
1499780758185119747
1498868509224411137
1498868499892031491
1498868430287609863
1498868178327412737
1498389833584201731
1498339299493920772
1497574025970728962
1497326752523165696
1497312635863326722
1497309335738798095
1495808354077270020
1494684303472701442
1493267755025510404
