1534659962756075522
1534643808901681153
1534614235765821441
1534526567682134016
1534526566453202946
1534526565266112513
1534526563928027136
1534526561667493890
1534526560472113153
1534526558953738240
1534308722675134464
1534294556144959490
1534268105597272066
1534260170271989760
1534161502701232128
1533989451470409729
1533959169656487937
1533939629468049408
1533939628222423048
1533939626880155657
1533939624460095491
1533903773411811329
1533891493756280832
1533554530507448320
1533455991869677569
1533108314246029314
1532835128422039553
1532827714020835328
1532779827358580737
1532772097574981633
1532741800946982912
1532461299568975872
1532439275668656132
1532420888691449857
1532420886678147073
1532420884933271552
1532420883591086083
1532420882307633152
1532412141659111430
1532364911199719426
1532346795380072448
1532106656590479361
1532100156170153985
1532074921035452416
1532047573447454721
1532035900603084800
1531777292845715456
1531751702684176387
1531728255279108096
1531706996486983685
1531705867904630784
1531655704146235392
1531265419658469376
1531066964650565633
1530947826913529856
1530561028416647173
1530308867015512064
1530290243877883904
1530250482043834368
1530229497789919233
1530229485966180353
1530221969421090816
1530198115877367810
1529967652349030400
1529875365199597568
1529875202972205056
1529833560470863877
1529814827375509506
1529597428709597184
1529581259290181632
1529549356868804608
1529204567711285248
1529162060164018176
1529138160504037376
1529124686906417152
1529106695166668801
1529097622400733186
1528871319303237632
1528871311442792448
1528866273429704704
1528767077540061186
1528767075245760512
1528489759278043138
1528453893826523141
1528407880612839425
1528396263904796676
1528083956372938752
1528018021712728064
1527780501314060294
1527780496641781760
1527780492560551937
1527770448427208704
1527770446908776448
1527766346016104450
1527727084306571267
1527683417667776513
1527664531954073600
1527664527030067207
1527633740041576448
1527450689680596998
1527380574402269219
1527367883935948802
1527365746791223298
1527354969913192448
1527354968499376138
1527354967128178693
1527354965597261824
1527318016513282049
1527287968213307394
1527264889894477824
1527264085078945794
1527053050749370376
1527048877370658816
1527043351903711233
1526972157657497607
1526927083833683968
1526908461254066179
1526698648071024641
1526667963138465800
1526654521862148096
1526643773886935043
1526635411333709824
1526626774230224903
1526598721009491970
1526598719390482433
1526577530345443328
1526571724845760514
1526317380359659520
1526293084358713348
1526279818828029953
1526261041792962560
1526194642710106112
1526189774528184320
1525934412772175873
1525869364024594432
1525657374484209664
1525547240965611520
1525502194597777409
1525251542621704192
1525234995714981889
1525234992556785669
1525219834002173954
1525216105899376640
1525208148977524738
1525176045237784576
1525153972213915648
1525153970871738370
1525104165613076482
1525104164451254272
1525104160106074112
1525104152753348610
1525104148873633792
1525104141521018881
1525096521196347397
1524906267558326272
1524877219096842240
1524839074783186950
1524832522194112514
1524821458781843472
1524814283464392704
1524814277307158532
1524796967322255360
1524791548449259524
1524789668444782593
1524785273363628033
1524751530020118530
1524745502658596868
1524441056691081219
1524429626960982017
1524418112426233857
1524168598352187392
1524161107539247112
1524118074156142593
1524116151353036800
1524103114202177539
1524050097021009920
1524036393529491456
1523793073960267776
1523785449768366080
1523785447171706882
1523704599646916608
1523681577250992129
1523669367619260417
1523653237991043072
1523313019173879810
1523001052575973378
1522956167810625537
1522674813931859968
1522651661218435072
1522633239998963712
1522594149517742081
1522291538457358336
1522262587257282561
1522236383699554307
1522214310335840261
1521972184096247808
1521957830206570498
1521957828688330753
1521916819296047110
1521896645734055936
1521872867960442881
1521540681327689730
1521240361825415170
1521222437345677314
1521203368407887872
1521191476725788672
1521158573660807180
1521148371301548032
1521147897718480896
1521141963721904131
1521129809962754048
1521129808561856512
1521117829638012928
1520892518560415746
1520799698247983105
1520531092528324608
1519782936031248384
1519757643417624576
1519717681385123848
1519448051860926464
1519434210758565889
1519423222374187008
1519413422542176258
1519356510110900224
1519350541129863169
1519298651906002946
1519069728756617216
1519069558060949504
1519060028900220928
1519031305811349504
1519009578536554498
1518994412763811842
1518965014941609984
1518948949658419202
1518718242985979904
1518705660174606336
1518680235000139777
1518657855519399939
1518575811284156417
1518252675233579008
1518243768373239808
1517928036288638984
1517641649203159041
1517622271568867328
1517611832600637443
1517604907037208578
1517569423380471811
1517559860103028742
1517542120457969666
1517542111373107200
1517538218027196417
1517490240490987522
1517290588189728770
1517258876806172673
1517199873715716096
1517180309254590464
1517153829887770624
1517145221682778122
1516883151309709313
1516843640840232962
1516838283598258182
1516813898439090179
1516813897105297418
1516802616461864964
1516794319851728900
1516440736153026564
1516417332859572230
1516390935625670660
1516122891682648064
1516110182262132739
1516098808853282823
1516098807762718729
1516098806655377416
1516098805615235073
1515677456916631554
1515334949661863939
1515103676079222784
1515043112678264843
1515029337967411200
1514997401123266560
1514959743311396865
1514728201695772673
1514677066620616704
1514602724364468229
1514393748108558341
1514382423273848832
1514365058838679553
1514360312912359428
1514349992609210373
1514338607594708999
1514287821401559051
1514270250811932672
1514018777175924741
1514016254692053002
1514016253727453188
1514016250720100358
1513996883080876033
1513963059651428353
1513946047852150787
1513936544800854022
1513924153597997066
1513907713524305923
1513902706544549896
1513860987400638470
1513668720748490753
1513654879364923393
1513641541444677632
1513631682301157378
1513589951425769477
1513574075536400390
1513539692041588740
1512884805041590287
1512810062657605636
1512562641067122691
1512552532207443975
1512526708741660676
1512482269130227721
1512437836573818887
1512223775135346689
1512142689260773376
1512141604865425417
1512116955137949705
1511871310678597633
1511801919785914378
1511790817437958153
1511780025296510976
1511767311652466693
1511751340602662920
1511750568854839303
1511750164863668237
1511749880183762949
1511749456915480579
1511748836309581832
1511711568773455881
1511372590727716870
1511364667129708546
1511138666516783108
1511138665535361034
1511138664725819393
1511138663282925570
1511101650760568839
1510376388288733185
1510046542534782978
1510000550011543556
1509988750037864448
1509979465870237696
1509979463660019712
1509979058582573064
1509685473916170240
1509680675271712773
1509655360650584073
1509655359539064837
1509655358226288641
1509530966360043522
1509525670854107144
1509517176075657218
1509286307993997318
1509267091504996354
1509243528945311761
1509243527976439821
1509243526810419201
1509214404390408195
1509156000238129153
1508931830342377485
1508827788131946501
1508797398109335556
1508603349175783425
1508581506696028166
1508448664439693328
1508441927456378887
1507835534168793088
1507815457738403843
1507466181271302147
1507373443251150857
1507337602571161621
1507081861696217093
1507060671602741258
1507032744714547206
1507021173573529606
1506969935607705600
1506969934383005706
1506761005669441537
1506737046169133057
1506724736344145920
1506669670669168647
1506664569632178180
1506657806077808643
1506644457101434886
1506642053865873422
1506634185951297541
1506634138106961928
1506389996361719812
1506378780117508097
1506363844901449740
1506320308197900292
1506038687406120966
1505939726506901515
1505898997013262339
1505565576835452929
1505235653012905993
1504932410655485955
1504911736486440971
1504895354466185222
1504829514022637570
1504549987442728963
1504521160553291783
1504483455274348546
1504483453626040326
1504451360523177990
1504217498945789952
1504215800122593284
1504214122388410369
1504213784168218632
1504213584187961352
1504212607590354945
1504192898841128961
1504141616549965828
1504113761489068035
1504102481327972356
1503849770955255814
1503849020262916103
1503812882487820292
1503788999059689480
1503782980547919874
1503729847004282884
1503481747610165259
1503462125158780928
1503360903953199115
1503020053901496322
1502740655407349771
1502729640267464704
1502672513792364546
1502445769542057985
1502427139026694144
1502417006263521281
1502415965774041088
1502397272960688129
1502365235189104653
1502300384144068609
1502137112199667712
1502137109502693377
1502137106973536256
1502137104524103680
1502137101864914944
1502137099385982976
1502137097284632577
1502137094176743426
1502137091723046914
1502137088367816704
1502110767054831636
1502043772691095555
1502021407940780038
1501979195282362379
1501962082597556234
1501941662339108880
1501930625330135048
1501919779799642112
1501724308103593984
1501712356199604229
1501680513148493828
1501642976325513217
1501631264612360198
1501627777992302594
1501597317190889576
1501588811054260224
1501391727965388802
1501391725876727808
1501359135903920148
1501349449527959558
1501348477653106692
1501347906913251335
1501347276383469576
1501346878264418317
1501345804111564805
1501319250710982656
1501265521160777735
1501217878435110924
1500969039090241536
1500960179499802625
1500892492077621265
1500878538689458179
1500858309770813441
1500843474706444294
1500524862749790209
1500469429787930632
1500231527908659204
1499899476655419396
1499899467167899665
1499899460322791430
1499885502337536008
1499885500840263682
1499837375844864000
1499812362198605826
1499788541915803648
1499774750041726976
1499765994729922564
1499760834804957189
1499543342832570368
1499500613175898117
1499487983858335744
1499487980616097795
1499481856370225154
1499467646131183621
1499452628652154884
1499433420593635329
1499419747095662596
1499165907993735173
1499145020179300352
1499131842884210690
1499117669018222598
1499091709501788166
1499031836135247872
1498858562004652034
1498852389205557249
1498851943875330049
1498850385913683969
1498848974240944128
1498847071234842631
1498846686084579329
1498809969327681541
1498801584909828110
1498801269892386817
1498777375512965120
1498758284035211272
1498726071323213829
1498726067879964678
1498716539951984646
1498665999004053508
1498405245050834948
1498362173373956101
1498333565012127745
1498303978412523521
1498022372737110017
1497975312600154118
1497674832724606980
1497673000958763012
1497636580860825608
1497597070424875017
1497357743384059910
1497327292690800640
1497313451403743238
1497293570662752257
1497267901367087109
1497247137817579524
1497229909307052040
1496936777776603148
1496917476050931714
1496911567170023424
1496868300789329926
1496666308422864902
1496654107003658242
1496641523877912580
1496638338496966662
1496605670044536840
1496590339951448074
1496590336789041158
1496486708396838920
1496275612842946560
1496255228751986694
1496238641114398729
1496132868820586500
1495779846307434503
1495465021865967620
1495401647085916172
1495135852590075904
1495069163223539716
1494809560124727303
1494803663792992257
1494800243464052745
1494769999344545792
1494760601427587074
1494733433528016901
1494713822107639812
1494694263174668290
1494670285005537291
1494477525791260673
1494399229766344708
1494399226524184585
1494383646639337481
1494349169284173827
1494325261684334592
1494308903756070916
1494083166247669761
1494072642554548228
1494006662318993414
1493958181579538436
1493958179042074628
1493717856940343298
1493705973348851716
1493612982554796045
1493612980872880128
1493603002560745480
1493589613239226368
1493370584507502593
1493349079384002565
1493338359292383238
1493327436540375042
1493304535711899649
1493298686310428681
1493271316933140484
1493258195116212224
1493230773981298692
1492908174097072128
1492874314156331013
1492605250984984582
1492582319256911872
1492562387689431041
1492515182811258887
1492266194048532488
1492254754298286087
1492219049404686337
1492201266176569346
1492181296847667211
1492175002820653063
1492172462825558022
1492163840796237828
1492134073329930245
1491931740000206861
1491924272842948610
1491924271777595395
1491924270888501279
1491913368919166976
1491876626862260249
1491868313047207939
1491868312019607557
1491850957654736899
1491823275588001804
1491807961664139264
1491781610009681921
1491773195346751490
1491560292546842626
