1534347167384719362
1533960454489444352
1533939922574491648
1533854614755352579
1533776805043249156
1532769119493410816
1532528704160669705
1532476639673831424
1532419111359217664
1531978689956683776
1531691050108166144
1531667570943737858
1531245123102728192
1529556886487552000
1529456220926377985
1529424875621859328
1529212586021031937
1528744056783880192
1528404537232465925
1528157170231042048
1527770980780757004
1527346808560971778
1527339130518065155
1526396065334845441
1526332645663289347
1526165061529743367
1525854684342255617
1525152448121384960
1525089048280412160
1524811152215183360
1524715480296132610
1524488966682124289
1524405195039555584
1523843741869658112
1523636889021911040
1523292185575124993
1522618405337153536
1521958369602506761
1521884143533326336
1521884111941554177
1521625063799336960
1521536757166129152
1521452918351802370
1521440530642653186
1521202335732711426
1520936259027443712
1520825240011649026
1520783167074021377
1520783109087801344
1520051556577595393
1520029853210267649
1519799267141070848
1519784220809433090
1519766064690876418
1519329454929195009
1518942929724841985
1518701015343804417
1518659039449735169
1517984813373964291
1517849203501944833
1517209834805997568
1517150573912465409
1517139899777921027
1517139852394868737
1516828589173493760
1516806028058365958
1516785328736149504
1516436368616001538
1516070085013741571
1515759254090797071
1515355303973474315
1515324357270192134
1515057135016718342
1515044201406373900
1514722437212123138
1514657988094607362
1514413661632278530
1513290609058107398
1512197556683563011
1512142743086194696
1511818570124173318
1511810543782436865
1511677574736404488
1511413771885023233
1511356706797805579
1511095772711956482
1511008475706449926
1509982737612083206
1509930435706560525
1509909035323121676
1509590165190234120
1509308441508077572
1508923081540177927
1508900038516396036
1507436724242292739
1507381238096871432
1507372276672606213
1507149672128950277
1506796197469732865
1506743631146897414
1506707001484713989
1506693952006770688
1506636589329440775
1506633509032673283
1506593227754852355
1506458896109641730
1506249384442404888
1505913128965574658
1505894995772985347
1505875257957261312
1505300668663451651
1505192780502638598
1504930090983084032
1504877888373469186
1504846100368343081
1504608692754427911
1504573967234965508
1504546689008422920
1504438893973749761
1504242160006217740
1504198652155338753
1503829676237725706
1503811286194429961
1503792790290976776
1503715979817369605
1503562341526511621
1503136169068044288
1503054298078494722
1502268287060783104
1502135702166941708
1501692386313142272
1501661911489855493
1501553793326100486
1501341569441570816
1501295604852396035
1501241544199872513
1501195130543484930
1501189131782795270
1500994057631326211
1500839390242869263
1500651613610024960
1500178118962778124
1500144205372534785
1499795472298487813
1499773494741110786
1499529808161738756
1499470790215061507
1499395744297472002
1499134683308871680
1499112556241293313
1499076587760889860
1498863530916855810
1498812030916120577
1498756349374746625
1498742405687914499
1498742404303753220
1498725936988053511
1498664866525106183
1498398659083440132
1498300128742019072
1498092835223916545
1497343971793772551
1497343875882573827
1497343756303056896
1497343475725049861
1497284238051356674
1496984725998690310
1496984637448798208
1496984451527876608
1496984318433914883
1496984261798342657
1496984153438494729
1496867893031624705
1496669772242694144
1496590436458242049
1496574478637228032
1496302976289419264
1496287681424281601
1496273720188583942
1495968783802019840
1495939229364457473
1495930451470475265
1495870619556143104
1495773669968261128
1495465862740037632
1494792120305168384
1494743647388147719
1494720877644107780
1494709995706933249
1494709930120597509
1494440351175790592
1494044546971410442
1493780538695426048
1493362354507104256
1492657551703527426
1491858082384822272
1491789155466055684
1491543590719438856
