1534573298763407360
1534568476404330499
1534505837439377408
1534322373826060288
1534234530265047041
1534230719484002305
1533787856258355201
1532076630344368130
1532076404547891200
1532076368766283776
1532073440240230401
1531377433559060480
1531274465262313473
1529848914395922432
1529553806194794496
1529181458807627776
1529164574318022656
1529160601242685441
1528851666962944003
1528826837379559430
1528811395973775360
1528789463874281474
1528138555813511170
1527774852626665473
1527752141695242240
1527720746469957632
1527720553481740289
1527429947073216515
1527380420022521857
1527378503573721111
1527374699344211974
1527358480033599501
1527358203234754561
1527349474523172895
1527336135432626178
1527336100204666887
1527327210276675594
1527289949854150657
1527282497419358210
1527116589350457346
1527087321438474250
1527075972524257283
1526992173849268225
1526980950533480450
1526970887878201345
1526695466368389120
1526635521765679104
1526623234132688896
1526618440060088323
1526611183159152641
1526339274211213312
1526316275387047937
1526311587342127105
1526307709116592128
1525909041893068802
1525884583232868353
1525616726234349576
1525580540300214272
1525568261957591040
1525506472557391872
1525203475755327488
1525189953495437317
1524863277486030864
1524843859376754714
1524802531318169601
1524797659306987522
1524792474174095360
1524556141195407362
1524499100602966022
1524493431338409985
1524493174172962820
1524451787264122882
1524372050546200577
1524165275771412480
1524140122899460103
1524123490718302211
1524073894780538887
1524067396310519810
1524061683332829184
1523812689969303552
1523790790866079745
1523781124564353025
1523773019550007296
1523717544993247233
1523709239134650368
1523453224694415360
1523320596997849089
1523098027774423040
1523017665610416128
1522984924155891719
1522706780157091840
1522610289908326400
1522371096024170496
1522367639825362944
1522339853496688640
1522321495267151874
1522306385182089217
1522285497493696514
1522260237255852036
1522216691417030659
1521993151682162691
1521993131394277377
1521993097529466883
1521993057238978563
1521993017690931200
1521992934157172743
1521992895431069697
1521972772339134464
1521925176593719298
1521923853152309254
1521664487710937088
1521662975714729984
1521581283540930567
1521552498745610240
1521552466512392200
1521552426125381632
1521552383070949377
1521551558034575360
1521507724214915074
1521342556411510784
1521333835694317571
1521328057767890946
1521287516485263360
1521264457472749570
1521247258397839362
1521236081198436352
1521134367774412800
1520954596302405632
1520916205992914946
1520823141521629184
1520462341892190208
1520164053083168768
1520094193644883969
1520045646723567617
1519790401732894725
1519784287419179008
1519778087822630912
1519778020436942849
1519776750229676032
1519767454456631296
1519762887295778822
1519754300255260672
1519736291209981955
1519734354741714944
1519733350361092098
1519721319771918339
1519718042720210946
1519501197614497797
1519491195545784321
1519448019065876482
1519427019725025282
1519415074749833216
1519406260306780160
1519384431546580994
1519358679400787969
1519073015291691009
1519041966327148545
1519022389291626496
1519008453682946049
1518744748504330240
1518738434524954625
1518733756537913344
1518402633186353154
1518384707569868800
1518368720980262914
1518296557673750532
1518256011324366849
1518254536040800257
1517663655223046150
1517633077471854592
1517627616114655232
1517533167162466310
1517518174358589441
1517266018116190208
1517225799572668417
1517207279585665025
1517166083505106945
1516905724621819904
1516905722885324806
1516882779333668865
1516804104672194565
1516801249814921221
1516578706734604294
1516504489758535687
1516492291539619854
1516476294942318598
1516436802307035138
1516436760204558340
1516436718039158789
1516436677748740096
1516436612959412229
1516435577813540877
1516431466003148813
1516212597200203781
1516165920653299712
1516163423746535424
1515675755535122438
1515080311138304006
1515049936936751107
1515031298875744265
1515025983375654917
1515024389527453707
1514714569813467140
1514712963537641474
1514699081322573826
1514692714771755011
1514622133061705728
1514398929646931969
1514380666187792385
1514372123057430534
1514367727581941762
1514354967498436623
1514354773860012037
1514310696607129614
1514278143208697856
1513890703671279619
1513700195208511494
1513691376541749258
1513676636973064201
1513585832757796869
1513568244099129350
1513352947190702081
1513347586484285440
1513335072333701127
1513238286378090496
1512873197972172809
1512576107782021124
1512555612328112133
1512533029801140236
1512501876700467208
1512482451997736962
1512474391271067655
1512219429177810944
1512178440400777217
1512176108573233157
1512169256246464530
1512164102327648260
1512134898248830978
1512133359559917577
1512132510674788357
1512113388897329159
1512106125445021705
1512092904356990976
1511894716593364995
1511892710650789889
1511890042406510604
1511866551363936256
1511800987337601030
1511793528892010503
1511774795842605056
1511764546679152642
1511747088715034627
1511712320304685059
1511473781541384206
1511464696716607489
1511453725398818817
1511404782883385345
1511395273020485636
1511346945066950670
1511156741370781700
1511151077244252163
1511127070302162947
1511111944949874690
1511107466649653257
1511102888172523521
1510799746709213187
1510766244412203016
1510734432944205830
1510044465376940034
1510005401441476617
1509990516112375815
1509971781448257543
1509937366257094657
1509653947610546177
1509649205647880195
1509644812596695049
1509644310056157188
1509644225205444608
1509631860871151624
1509631077912092676
1509621344912166926
1509619319990325253
1509608589517901824
1509608586791600140
1509604538730393601
1509598787521630212
1509590048467034116
1509579574920761348
1509567657607053319
1509362813894119430
1509313321039769602
1509284878096994306
1509284763840008193
1509281592937754628
1509281052447191045
1509280882766585856
1509278277038489610
1509270169264263168
1509254124323364870
1509236111574450189
1509229249605033989
1509221607771971590
1509208942487953416
1508998779697090565
1508984365774249988
1508978999401320458
1508956713596162063
1508952458298634241
1508947552414187526
1508939022760124429
1508933584937230343
1508919220783960075
1508910971305218049
1508881740391227395
1508876711835885569
1508838545502482439
1508812172654256144
1508812136138555405
1508603949422678022
1508585968412119047
1508579894770511873
1508576937664552961
1508576725646594063
1508571752510677002
1508568822520991751
1508566645048061955
1508540267267244038
1508216872570867715
1508137995601424406
1507867372996243464
1507495495769468931
1507487166041108482
1507465670044401666
1507371057426141186
1507097686876606475
1507096381055541261
1507094316191256589
1507090917915873288
1507054513965912072
1507049469329776645
1507044818450583556
1507040316901281805
1507002691138039810
1506809293877698567
1506807427378954241
1506784308899557376
1506782774203719683
1506781360438095885
1506747705149771781
1506719342301483008
1506707460727390223
1506702472118779918
1506697845231005703
1506680310490185728
1506664844107436041
1506639431696101376
1506639390285742086
1506639354105581577
1506639315664842757
1506638848688013317
1506477287646113797
1506434190459420678
1506418447118483457
1506343801941544961
1506333466715201538
1506328658071461896
1506323220315705354
1506319037504135180
1506308974982930438
1506293741597954051
1506081301002137604
1506070901124653061
1506066465497432064
1506058790608723970
1505980818027683842
1505969657068539913
1505924784420528129
1505709877448130568
1505688886244220932
1505600641388924930
1505573441747013640
1505289541703323651
1505264852675223559
1505262209894596614
1505235933645492235
1505196239897473030
1504966234118537216
1504964259733815298
1504932831482585094
1504902356600823813
1504838260685688838
1504580890885857284
1504580791799533568
1504563712434257929
1504555255006175235
1504546456111546369
1504528433019301889
1504523258678362126
1504519243521527808
1504514825157853197
1504511097709150214
1504486811833233411
1504455933669388288
1504277184080404480
1504253145475653637
1504248501785530374
1504219971919958022
1504214991481839616
1504210191612616710
1504199898463416322
1504188388798349317
1504183088745783302
1504182537966559235
1504169635830276097
1504162809810141188
1504158177604087808
1504155805154783244
1504151526780063746
1504129824478142465
1504097933238620172
1504087048503898117
1503920524728152068
1503911763686924292
1503887384131379206
1503865839883276291
1503857035267518470
1503843113240039427
1503835627829305344
1503820614162911239
1503813393484034060
1503808765040148488
1503798203203960832
1503773845752274952
1503765278190186500
1503754895559696392
1503561590301499393
1503555083535069184
1503550332697255938
1503544121843200002
1503538554496069635
1503505726630735872
1503496150413938692
1503477564957933582
1503455838316470273
1503441120625410048
1503197003991425025
1503123659308867584
1502694745910517760
1502459885916725248
1502370934178697221
1502338055906148352
1502321841804918792
1502132953811460099
1502124878828343303
1502121838264127490
1502069908003299330
1502044724487675916
1502007262319153153
1502002331767955456
1501996872579362816
1501991814848524293
1501702329833295879
1501687568831856642
1501626440013561856
1501554664512360448
1501537786947641350
1501353224489652230
1501349748074323972
1501338101255389186
1501312002681044994
1501305991912202243
1501297318619930627
1501289351090638849
1501277104696016900
1501271621935509511
1501267174341632009
1501260265081430024
1501240164881993732
1501007588091219969
1500997125907304448
1500995115359387652
1500995083277066242
1500987046583799811
1500940140465856514
1500885663343853569
1500619259004739592
1500585743038746629
1500585701867466752
1500572560752271364
1500252709496279041
1500152142576988162
1499911760421208070
1499911021305409536
1499805192807723008
1499771264428294150
1499771224871907328
1499748883303481345
1499517793108168711
1499516315660341248
1499495100962979844
1499495038807597059
1499492563199447042
1499483171087433732
1499481705035571215
1499470916136407048
1499465759986262017
1499462864318443521
1499460741740609536
1499200802212261889
1499109726822580228
1499075845914247175
1499053505784520715
1498858597610102788
1498855561420582913
1498854702926204934
1498854019124678660
1498852236063039489
1498848825313800195
1498846448535883780
1498843054949773319
1498816325157896195
1498815703490732037
1498811348746215424
1498794531017396233
1498780015080742916
1498775887453601800
1498731753317490688
1498726644374253570
1498468921321705476
1498455922695417866
1498451140765224969
1498446857319727105
1498423540005154829
1498353792810733568
1498336892458315785
1498316187704475651
1498073750998298627
1498064031311089668
1498042180409167876
1497675544480993281
1497675497001701380
1497675458254716935
1497675406647959552
1497675358426079234
1497675096629993479
1497674328850063361
1497665929827790849
1497424498311716867
1497409971088203781
1497399933426704390
1497376709129158657
1497370149250379781
1497369960414420993
1497369872644329473
1497326738795335681
1497311042686402561
1497306189423693830
1497266237834936322
1497234481308057604
1497227539344936960
1497226268651270145
1497224983294132258
1497021135430594568
1496932704440533007
1496667468856762370
1496661347978862592
1496658311864856577
1496606750992125953
1496300699696701442
1496280512683458560
1496227524032012288
1496224945638199301
1496196418176012289
1495838104321916932
1495837686992678916
1495837671108849664
1495547508155719680
1495515516382887943
1495489065172545540
1495231074393276419
1495074694747156482
1494751533778575362
1494725971940892672
1494724605373779971
1494504623603920899
1494478205205585920
1494474769500102657
1494459820627439616
1494441322870190084
1494421573255716865
1494418284485222402
1494416656176668672
1494408697665265669
1494355489588662274
1494351070864232450
1494102566778593283
1494019411057037313
1494003715833016323
1493998023663366154
1493723820594630656
1493701783121764355
1493632600585523200
1493629043165573121
1493623292204359680
1493398013158608896
1493395009105707008
1493344307285315594
1493342770026668043
1493341959867580428
1493335973937229832
1493296219883462661
1493281695642144773
1493002502324772869
1493001626872860675
1492967473246875657
1492966343292948483
1492923809741123591
1492923777084276739
1492923719420981259
1492923678182592520
1492923652937027587
1492917809482981381
1492642706589368334
1492616815956176901
1492614371503218694
1492606451684098054
1492603435098812417
1492554719960748033
1492320992559042563
1492310489296220161
1492289183909568515
1492259933026410502
1492238301784383497
1492219705209368577
1492211653802438667
1492205805986275329
1492201376914591751
1491969018936410112
1491903601387753472
1491876195918651401
1491867478875648010
1491862917402316812
1491859491876478982
1491854307507027970
1491802728565145605
1491796399762993162
1491789196763095044
