1534530205511045121
1534307379860340740
1534256377958486017
1533901183697539073
1533856247660830721
1533463663478067206
1533169214034354176
1533131466640605184
1533097073423310848
1532893190583377922
1532871884747988995
1532842802413019137
1532789472324210690
1532780402540150784
1532780005779972096
1532720515982442496
1532459828764983319
1532391601103704065
1532082051460976641
1532049335583744001
1532043265280819207
1532042717643120643
1531772511284867078
1531742315865223168
1531474560016605184
1531274234906849280
1530987339329089536
1530579650790973441
1530289488924184576
1530289477716934659
1530289465792536576
1530289454128185345
1530289444938563587
1530289435635552256
1530289425556570112
1529976408109469701
1529221470559543296
1529221469321842688
1529221467262447616
1529182949844852738
1529137650103222272
1529126606006018050
1528820560267984904
1528798723010084865
1528775263957442562
1528405333827264512
1528012745030893571
1527800983446769664
1527727134206308353
1527716016113033216
1527297748126556160
1527297302527782912
1527284495929466882
1527284450639372289
1527284405101789184
1527095739956051969
1527094080605396994
1527088250111807488
1526967756364693505
1526967755253104642
1526950739943227400
1526948868012838912
1526948726261964800
1526934637532139520
1526925995911131136
1526918199417126914
1526917979090432004
1526638684874936320
1526629939755331586
1526629665128996864
1526625968688971777
1526594611317186562
1526594610058907649
1526581548677533698
1526550278853500930
1526332918016131077
1526322247199227904
1526322242468171777
1526322232808595459
1526283844785037312
1526249913088196610
1526242321280409600
1525481402929664000
1525135199511760897
1524826754178699265
1524815247869194243
1524792770006769664
1524780962709704705
1524780313024598019
1524775525125857281
1524773260637921282
1524772737784467457
1524764620245934085
1524749777371422720
1524749741094883328
1524748710852411392
1524517205924270080
1524490780022394882
1524477552018042880
1524477550826770432
1524453031198134272
1524452078369878018
1524452077291941892
1524452076251664385
1524452075228254208
1524452073898754050
1524432899143000065
1524422783509405697
1524395149752635392
1524393309510193154
1524384162001604609
1524109517465669636
1524073027570323456
1524060445182734339
1524049453287714819
1524045990403227648
1524045001189212160
1524042123787575296
1524036536723030017
1523792430620942336
1523747381430214656
1523331904757374981
1523060104995565568
1522988206479736832
1522675065719951360
1522637988622127104
1522637615266246658
1522637614016339968
1522637612749664257
1522637611575255041
1522637610090434561
1522606224885399552
1522320227463225344
1522274930494164994
1522245542461464581
1522245473939111939
1522245421669785603
1522245359044599808
1522245290232893452
1522245208360067072
1522245112658542592
1521937707215302656
1521927644417249286
1521916316336148483
1521910488401158144
1521889895358377985
1521868502478512131
1521864495827759104
1521553654079234049
1521538828766384128
1521517734592458753
1521200698444111873
1520807537788043267
1520538492308176897
1520510978147897345
1520472168404066305
1520472167435190272
1520424922224418818
1520176103473639424
1520115709057060864
1520108322569039873
1520065599136837637
1520023389896953856
1519803645037973505
1519793578695929856
1519775963113922561
1519760863086981122
1519753313415217153
1519742697501822977
1519742696167985152
1519738224410771459
1519723123502895108
1519704240855339011
1519701380063281152
1519692927299203072
1519689044900392960
1519687852929568770
1519677180929789956
1519431018008174592
1519421129760329729
1519418735488081920
1519375834435534848
1519364502030102530
1519353179309326339
1519340888153067522
1519339572651601920
1519088941407764481
1519074303257554945
1519054513721774080
1519054511976943619
1519054510223732737
1519054507937828871
1519047412219842561
1519036087338893314
1519018471631179776
1519013976847405058
1518956665504247809
1518694087964209155
1518674159584358401
1518653567220940802
1517609187131330560
1517571559434637313
1517548797269733376
1517537463010533382
1517526140944015360
1517515872423792642
1517261906582458369
1517219693874008068
1517216870826446849
1517216601484890112
1517211323251273728
1517194304770514944
1517165997295345664
1516934423429718017
1516454075943948289
1516420854988517376
1516405207940403211
1516150933431984133
1515691553028640769
1515063012054470667
1514339459419947014
1513917361060995084
1513895968411955211
1513885626625626121
1512421688058781696
1511851914929000450
1511774996045123596
1511732657113251845
1511730217093586947
1511729008655884292
1511727193906368520
1511705530028466178
1511375171759886341
1511138454742183936
1510270843460325385
1509931092446306313
1509898880002887686
1509897634349256706
1509649207388483587
1509606218553253891
1509595177211596804
1509595067383795721
1509556121543004170
1509274269439602690
1509251616779771910
1509228969144594441
1509206319781146624
1509179892549799936
1509177532758867974
1508881683684208644
1508859652158730242
1508859601638379527
1508858985063059467
1508836381727989760
1508808556035858432
1508793597419655169
1508563329689612289
1508557170593386499
1508552707627487242
1507500546177081348
1507419165434400769
1507355042562650127
1507058511758467075
1506815794751033346
1506763973567270915
1506750313436528641
1505976886534545411
1505976885196599297
1505976883753762817
1505976882097016832
1505944828235898882
1505219985727184900
1504898197398904835
1504857665029095427
1504850128171159559
1504837758904320033
1504830935778443264
1504517923603329026
1504508950506528781
1504499895788572675
1504499795737649152
1504492804470448134
1504482527020392461
1504174047785107461
1504171126364286978
1504114754385858560
1504106300174708745
1503869016720429058
1503837020006895626
1503833509227642884
1503814266834628613
1503808248243236876
1503796923001618443
1503794821227503620
1503786856466374657
1503775392322228227
1502358696751415304
1502336047111417859
1502318430686482433
1502052618046164997
1501951467111862275
1501944220856188939
1501719085058564097
1501699987662680069
1501629263744843777
1501611270935560193
1501600701390200832
1501587309732454402
1501564299982032905
1501299884040859649
1501271537709502467
1501248882973495297
1501236855186014209
1501231377295056901
1501221262575689737
1501221156560543747
1500984915009191939
1500984644098932736
1500977722918682629
1500959801643307021
1500944651901153284
1500184372560990210
1499844631348973571
1499825755697594372
1499459600130707470
1499452880012689411
1499452045945761792
1499152958788882442
1499138728874233857
1499133690630356992
1499122370841251842
1499112308135673858
1499104624938209286
1499077060849016832
1498867792069681153
1498866690138034181
1498860318189142021
1498856148342124544
1498855863280451589
1498853348262301700
1498853083517968396
1498853061418270731
1498852718533910530
1498850407635988480
1498850200303149057
1498849937911595011
1498849321759895560
1498848315114356740
1498847819297349635
1498845295253336073
1498844696617041929
1498843556697542656
1498839944596447232
1498749688899674112
1498743430003965953
1498741063980306442
1498734313969496072
1498734006426345481
1498733144366895105
1498731498647789576
1498722234331910146
1498717479627116546
1498716220375416838
1498716043967143942
1498714387305177094
1498710696678338563
1498699237932027913
1498666969394036738
1498475618165563393
1498458531044995074
1498456323620581384
1498449234827390977
1498402632972521483
1498398189535252480
1498395975001546752
1498386270455664641
1498377595238457350
1498026486917386246
1498026485327839233
1497578215573016581
1497243257067216903
1496908898606981122
1496884070722457604
1496606292252704780
1496583141741506565
1496556230134878217
1496550424051998720
1496539346903748617
1496539265123196931
1496520225293930499
1496508793731133440
1496250950763253761
1496235851239473155
1496222009742675968
1496214743605989384
1496212318811738124
1496197858252439560
1496130252795428879
1494848996879257611
1494720892022276101
1494689457651527687
1494681920181002245
1494423914327339008
1494423913132142597
1494416366236954626
1494408815315456002
1494408384795361281
1494393712578727939
1494391356512473097
1494382387878252547
1494381239184334848
1494371063467282437
1494364588476977153
1494353780133044225
1494345469434212360
1494061523592830977
1494042649833230340
1494027549910913029
1494018741784436744
1494008682920783879
1494000188226215941
1493998609519501314
1493986029895880708
1493981839001853960
1493972185542795269
1493955828302290948
1493723043851644928
1493714891823276035
1493691585996984327
1493668937220952067
1493646298137837569
1493623640826556425
1493358550374043648
1493286416364757001
1493277608661770243
1492215468656144389
1492159776238845960
1492159775034982402
1492159772048646144
1491904740661342218
1491849455213039632
1491838123365392391
1491819258182967296
1491811699799646210
