1534600284487438338
1534596661669941250
1534585546898644994
1534571642285957123
1534569189276385280
1534565871502479362
1534291912902983681
1534236418901430273
1534220579389292545
1533909090258374657
1533898283491508224
1533853632755556355
1533822634215223297
1533455770498514944
1532805771649597440
1532791361564557314
1532747708049637379
1532747216099631104
1532734300722016256
1532731407184891905
1532396409718296578
1531739625810800640
1531683846843940873
1530239121578401792
1530238845681287170
1529489586484912129
1529212466407821312
1529170735830278146
1529166318083231744
1528810969291440133
1528776039345885186
1527663178968072195
1527658237465710592
1527352269234065427
1527300497094344706
1526923247136251905
1526628228152041473
1526576336575381504
1526294145614192640
1526277958683467778
1526258475499667457
1526244752470966280
1526223553879736322
1524849765007212548
1524507172369018880
1524463570460852225
1524427736638541826
1524394955623567360
1524130562260226048
1524096716890415105
1524043614296453125
1524036472327872517
1523710433081053184
1523673356867751936
1522665339800240129
1522596250691854337
1522226565345652736
1521969749890064387
1521894618916392960
1521558844186705921
1521232666774884357
1521147034656555009
1520156542846349313
1519781118911959042
1519777226371313666
1519731103770284033
1519685125520465921
1518988243966042112
1518952247522217984
1518666865043775490
1518642221242851329
1518061709784760321
1518050250795147265
1517882742884679681
1517584211007479810
1517583422738374656
1517527691859308546
1517509948904718336
1517142972596322304
1516521518427258884
1516504689562505228
1516472437080211458
1516457613445283850
1516061677497819144
1516059964086927363
1515691558804226048
1515379046980456456
1514937102407979011
1514646069229015041
1514596838912929793
1514228679165022211
1514014297927696388
1513942545130307591
1513909814409244683
1513873090664701967
1513872438609723402
1513604885144645637
1513569289277775873
1513566679426600964
1513537597787807746
1513525310100279300
1513502289964814342
1513154834274426885
1512898143985274888
1512852847536316422
1512799997036687364
1512505556967342083
1512492689434062858
1512450652928159748
1512450650982031363
1512430040893566979
1512148697827663872
1512122610116706310
1512115800274051072
1512063942889254914
1511822767993372683
1511709320555241478
1511461420470308868
1511452375239868423
1511402120553062404
1511373103288356866
1511331592589004805
1511083156144889856
1511033886343634945
1510987273164181505
1510941571100950528
1510355397344960523
1509970763478192137
1509948034511261697
1509914474580488192
1509913222085849098
1509603658723438592
1509514205518614536
1509295755621801996
1509275050997919749
1509273341370290182
1509273340187496452
1509260730096402432
1509221970344304653
1509127413028036608
1508885212322795524
1508873268555665416
1508809283017846801
1508794917295898624
1508521562676371463
1508460999459934220
1508448094681276424
1508111606256918529
1508061706228011008
1507726568327725056
1507477430352715776
1507432131877765128
1507356643423449092
1507046029539131400
1507000443800596490
1506725213400182788
1506679531939274753
1506648845341675523
1506121359453212676
1506080478293630983
1506052100777721871
1506048035037618180
1505988406869991426
1505958831247003651
1505937212629819395
1505930935862181893
1505907312149549065
1505552241041805315
1505189851263643659
1505018604894531592
1504910512349335552
1504893581454200833
1504868224403398658
1504857666962657283
1504809627959144450
1504476400094355468
1504452446348877827
1504442432498409478
1504203914492715015
1504170282503843842
1504159731065233410
1504142117538516992
1504138271978369040
1504125344982347784
1504093326341025792
1503828538591518728
1503764692619120642
1503760441931141123
1503519731726397447
1503478787601801216
1503091022280249346
1503015525298978821
1502736183671111682
1502675795323637761
1502411546391203846
1502378442263830528
1502330420947521543
1502290748145758213
1502064256031895568
1502006310447026185
1501963342256214025
1501679383991439371
1501678839088529411
1501637695398821889
1501603267087937545
1501594669888778244
1501347032446943236
1501283740558970887
1501248905647951875
1501209404053590022
1500950178915831811
1500900542675300352
1500891414900711425
1500850732140011531
1500837794696024069
1500509008657928192
1500214567527325697
1499837089487024130
1499784232964526083
1499748321040162817
1499508642969792513
1499481916059361288
1499439160645595139
1499399199305068545
1499386949710368770
1499083406717734917
1499069408848789507
1499036810563014659
1499022127751647242
1498874589761388547
1498856177257570304
1498855720833458179
1498855558434197504
1498855370537775105
1498851285067522051
1498850122125520899
1498848853772181509
1498847245432770560
1498846121132802049
1498845518050598914
1498845053212672004
1498841687866683393
1498832730418728960
1498787783082745863
1498780915090210825
1498731193382195202
1498674562560663562
1498664459216330758
1498663753944027140
1498377240299642886
1498318109660397568
1498316203491790851
1498145836307566603
1497986448741449731
1496699826632802309
1496699825584316419
1496598239323119617
1496505381186584582
1496288703123050498
1496204581331681291
1496137569834311681
1495782868559097860
1495435580309585922
1495148688607367171
1495073190825050126
1494796672605507588
1494756100322725888
1494743677222232076
1494733458614145024
1494685667875512329
1494672087671353346
1494669257933787140
1494340877182853120
1494099277718728718
1494053976010117122
1494001128467570696
1493976617831604228
1493969589868371974
1493706721004593156
1493692607406428166
1493611771369820166
1493599408583331851
1493343974622388224
1493330916902682624
1493326150814289927
1493273535158136843
1493257476468183049
1492513833918865412
1492226935795113987
1492158991316574209
1491904467448569871
1491872097848672262
1491831928584085513
1491830840443260929
1491819249601421323
1491786888058867719
1491786591626428426
