1534662104778670081
1534662016136364033
1534661868177997825
1534600284701196288
1534600220444528640
1534348736360480770
1534292640635699200
1534231093141979136
1533992390364495873
1533992339969933317
1533947695605460996
1533947694456111106
1533886944077303810
1533844967512281088
1533841399916920835
1533491832801349634
1533157924897492995
1533157920715812865
1532840819857625088
1532840817810759680
1532770796367712263
1532770784569073666
1532475101521727488
1532475099747561472
1532458762102968320
1532458759020158976
1532415256600801287
1532415252683321355
1532142345352671233
1532071109356425216
1531822395765379072
1531822391529050112
1531744840710467584
1531744838487420928
1531692353626337280
1531692351638208513
1531485108410011648
1531379710529114112
1531379670788104192
1531338168703885313
1531321625265655809
1531321623726280704
1531133897567707137
1531133395186507776
1531028201983582208
1531028189245591552
1531028181943308289
1530695161885233152
1530601797009690625
1530372415905075200
1530372414307151874
1530372412339937280
1530294489637457920
1530294487376728064
1529948994847268889
1529948993077272600
1529906212459802626
1529901677620342784
1529559996580741120
1529274145514655744
1529274143962714112
1529200360019181574
1529200356399497223
1529184037566291969
1529184034999377921
1529158212062175232
1529158209054834689
1528978296788115457
1528858301575974912
1528776468389679111
1528766443864707074
1528766442283442177
1528758659349721090
1528414143887417346
1528379867707875331
1528147122289315840
1528100817147817985
1528059042282622976
1527790520658952194
1527751768968376321
1527722073283608577
1527708185951338497
1527708184735109122
1527466386829856769
1527424108429881344
1527396341822922764
1527322474571890688
1527089906161426433
1527020419613589505
1527020416946118656
1526957189637754880
1526952302539689984
1526952284458033154
1526946313677447168
1526681672741228545
1526374837723217925
1526320678651183104
1526264211759939585
1525997878111621122
1525942093134315526
1525893523152809985
1525618734114676737
1525536425764130820
1525523246329757696
1525523240436776961
1525523239371522050
1525523235655270404
1525193850029019136
1525193842613436416
1525157430568574978
1525157429079683073
1524453406764670976
1524181491781042176
1524178196559769600
1524178194122911749
1524178192424214532
1524053349703725058
1524053267860307968
1523858072363483136
1523858070610358272
1523858065740734466
1523858061890314240
1523858059570917382
1523775243017662464
1523775240501088256
1523775237891928064
1523656576581922821
1523458311567282177
1523458066335027201
1523322596393029632
1523035188414009345
1523003228044025856
1522973281132945408
1522699476527419394
1522671663124471808
1522671660196843522
1522651827963056128
1522651826813865990
1522651825320644613
1522403008323203073
1522403005219356674
1522383517174349824
1522383514812903424
1522335949262364672
1522335944115953664
1522335941406429194
1522328340912390145
1522328337355620352
1522313592896425987
1522313591445237763
1522313587825561608
1522028031891714054
1521974916437917702
1521974915351691264
1521974667283734529
1521280815950352386
1521280806093787136
1521246357272551432
1521246347634094086
1521217842162581504
1520823992780836866
1520434049696681984
1520149385857974273
1520140237535694852
1520115107665174528
1519813880234618880
1519791394855997443
1519741389990420483
1519741382398820354
1519493604351295488
1519493602363252737
1519424472251523072
1519424470498349064
1519424461744787462
1519424448792875009
1519400985289920512
1519148074387582976
1519148072101728256
1519148065709514762
1519148059107680256
1519148050022817794
1519070223227408384
1519029266603773952
1519029264053678082
1519010309712850946
1519010308261617665
1519010306495815682
1518781325771251712
1518701296789950465
1518701295409971205
1518380100395352065
1518380098889695243
1518019602332200963
1518019586104438784
1518019581335543808
1518019563702599681
1518019543528280065
1518019487039164416
1518019478927380487
1517709029157392384
1517708982361608198
1517654580531802112
1517654253623558145
1517317335421374464
1517294347431120898
1517294339390676992
1517278415111393280
1517278398782926848
1517278383024984064
1517278380139327488
1516994334922403840
1516994331730604032
1516983567045341193
1516983483025006592
1516952046414356480
1516952045135089664
1516952043511902208
1516952041624530944
1516888716958060544
1516565887255425024
1516565774533468170
1516565539472044032
1516514370519396353
1516514363116457985
1516514353213628420
1516481460680622080
1516147471994568705
1516147471050809348
1516147382097960964
1516145770776477699
1515730709952053259
1515489845052731393
1515489834495750148
1515489687942488064
1515489678153056263
1515404069392818183
1515404067413151754
1515097209800376324
1515097207183134723
1515043116272783368
1514983500717432833
1514983491125010436
1514983461588774921
1514770944195133453
1514770942504824838
1514741288758923274
1514694748090552330
1514694741706817539
1514694734576594946
1514679380815056897
1514679379628068877
1514679378130743302
1514338625521164288
1514206282277961730
1514206280256212997
1513993445034975232
1513993433764966400
1513993423157489664
1513670154160418820
1513646788732936201
1513646786056970242
1513628380943589383
1513533781042421762
1513352986684112900
1513352906782613512
1513247595656888324
1513247590787256325
1513209858471907330
1513209856857186316
1513209855032664075
1512945793145049092
1512839831902044163
1512839819977666560
1512839809336688640
1512837849053220864
1512554523147083778
1512549405106356226
1512549404003254276
1512549402774286339
1512492742634520577
1512492740319268870
1512492738184462337
1512492735294590983
1512208924660883463
1511829720844972032
1511796070745088002
1511721114979942405
1511721113117769738
1511507930981486593
1511467143749013509
1511425936784244736
1511113369079713799
1511083687164710925
1511062914182127634
1511053041931280384
1510052895114285065
1510032510490583042
1509991076026793994
1509991027221962755
1509990953666363393
1509957006072950789
1509940165221007362
1509940164239536135
1509940069985099787
1509719838092050433
1509719836082982914
1509719834011090944
1509704545202581509
1509615624107933707
1509336924351254528
1509257068049481735
1509257066980032525
1509256758140846084
1508962572313276424
1508961777693908996
1508820945586298887
1508580191076962304
1508564828067090440
1508467291352088588
1508467289427001344
1508194650359844866
1508153630314180612
1507855163754639360
1507804831724974080
1507754248712429574
1507472140257267716
1507460059990671361
1507443451100549123
1507423572741996548
1507410783025741829
1507386778004688896
1507139356552802314
1507139354904383492
1507116529162330115
1507116526071173125
1507102713250828291
1507102710805446657
1507102708423081984
1507102704648142870
1507000712387047427
1506799182815932428
1506762462854529024
1506761519127842816
1506761517366231043
1506761256765644816
1506760756108443657
1506760124723081227
1506760123326337028
1506760121862479872
1506760120444796931
1506758709740982276
1506758531382456331
1506757850420461574
1506752954455367688
1506719933282992129
1506703179962105859
1506703177185476614
1506649992311803908
1506649990952800257
1506435527620370434
1506010062133030915
1506010060656644097
1506010059465269248
1505013061379317772
1505013044929310728
1504948007564976134
1504896669652946945
1504851154081042444
1504553307976744962
1504553304239611922
1504533651870126093
1504516968296112134
1504493125498294279
1504493123992539148
1504268345218158597
1504268342860918786
1504257960616214530
1504217857860808712
1504196856976445440
1504134938580463617
1504134883882455051
1503920363495116800
1503920360936419332
1503911313965297669
1503911194419212288
1503892423021408265
1503887519888281601
1503856062763577344
1503846475461234693
1503846473951293445
1503841268358688776
1503732008433954819
1503539583325282310
1503533752093487112
1503528906942525444
1503450848009068546
1503106768041357314
1503106765189271553
1503082968243441665
1502721087033036805
1502693976972931075
1502693972594110464
1502444612933332997
1502444610722963456
1502400086759849988
1502400085447131136
1502384486897659906
1502105276123594757
1502053520702414852
1502022067042107394
1502010589601796099
1501715271668674566
1501653111475216398
1501317215391563787
1501301636467200005
1501301635347320834
1501301536378560515
1501010185426452480
1501010183530627074
1501002257923555328
1500971802465652739
1500954186095153160
1500954184484544517
1500872606626496518
1500872604944683017
1500708730362478596
1500609626383036420
1500575445590458376
1500537212936540162
1500357626093211650
1500357609550843906
1500301985089671171
1500301886909419522
1500198964712251393
1500135879821697028
1500133029355864066
1500133028416397312
1500133027367821312
1500133025937608707
1499894710126530561
1499834060872552452
1499808867458420740
1499803655268093958
1499775039180136448
1499578366273409026
1499510135185682434
1499453147118452741
1499175974071521287
1499155201428705286
1499112325793648641
1499074109329838088
1499073784657162240
1499073699005313024
1498886335788163078
1498832531516534791
1498832530346229760
1498794870210711552
1498702303112663040
1498465479576502278
1498465452930093057
1498195088014393345
1498195085736833025
1498195083862024193
1498124042695589888
1498094347006316546
1497770745199427584
1497686157441703938
1497342140631814144
1497320490037174272
1497289145802235909
1496995185439305736
1496778825115619330
1496571134896136192
1496313980079546370
1496313979165102080
1496313977785171968
1496301576398454784
1496278169007108099
1496278167467745285
1496278166003978247
1496278164410179588
1496274268325355524
1496270512690970629
1496270510828802057
1496270508979101698
1496268019491917829
1496268017512206338
1496265195458637830
1496265193680252930
1496265191952109569
1496265190203138053
1496265188072464389
1496224834703052803
1496224833012654088
1496224831263682565
1496222472567410689
1496222471044935687
1496222469375643658
1496222467563704324
1496220926391853065
1496220924814798857
1496220922994429959
1496219379314442253
1496219378039332870
1496219376760016897
1496217984859267072
1496213848445046785
1496196119638024194
1496194929835581441
1495927755070124033
1495838734197018625
1495558872076996612
1495173853085057025
1495134846112317443
1494828074705338373
1494787888504053770
1494779245440253953
1494743786651537410
1494437740506759172
1494418099939983366
1494378012363702281
1494152518909128708
1494116385152126981
1494083268324601856
1494014238637056000
1493770933487562752
1493770474777550849
1493768593493741575
1493768542830821380
1493767801550434314
1493764808386101259
1493764772206108672
1493708180672684036
1493664464335482883
1493415058466091011
1493396891173896196
1493396751440621574
1493368960162492416
1493353334488678407
1493313977354530819
1492994241173327875
1492993486173478914
1492992707286945798
1492630846708363276
1492599892614598656
1492569945389023236
1492279530148577280
1492279506324840454
1492254617538756608
1492249080965189634
1492236936555155464
1492236910835732482
1492236810881224706
1492196904880549890
1491940296787062785
1491913773652795397
1491913613698809863
1491913271967891460
1491913190502023170
1491875648566018067
1491875591951421443
1491556855386099718
1491556665132564481
1491556543917088774
