1534624822193442816
1534589915815718912
1534289789708640257
1534266859645767681
1533937849174589440
1533910834526789634
1533900830885171201
1533433409913118720
1533207722979643392
1533113780401590272
1532842633529262082
1532758286365343744
1532536568325472256
1532526501924577288
1532470171977277464
1532455668225130510
1532448189797781505
1532385579442241537
1532107849651871744
1532087900980092928
1532061907577737216
1532022024155144193
1531783695878717440
1531725954120302598
1531711662654472192
1531627114201595906
1531406520734388226
1531280655304245248
1530930714325094400
1530600522054500352
1530251238096269312
1530222130859851777
1529936254288248851
1529926035118206977
1529881209299423232
1529852058794352640
1529575534849564677
1529544120229847042
1529508492658331649
1529210943925891072
1528436105581830144
1527329561595514881
1527329558357508097
1526027910783680513
1525660287470297090
1525502157759430660
1525173408203427843
1525141960922644483
1524904373008191498
1524875671243214848
1524842975649484825
1524832146787029000
1524554365465473024
1524512858687557632
1524473389540380672
1524413598038216705
1524394728359399424
1524382507550003206
1524213123070189568
1524170496710959112
1524026470980472832
1524018133597630465
1524007596314619904
1523833976699424769
1523799983937540098
1523788733660778496
1523305028349403136
1522719018259566592
1522660729798770688
1522607754170580997
1522324751359823878
1522021105648680960
1522009457852571649
1521936972121575424
1521919152428040193
1521666503032061955
1521651144371617794
1521626115391041536
1521528874349309955
1521308789475094528
1521296631894839296
1521270651037888512
1520523237612044290
1520458862066905095
1520145784318083076
1520017844548915200
1519792031282995200
1519771509337772036
1519703487629729793
1519666597618663426
1519455536827277312
1519405052104003585
1519375802089066499
1519317248871215108
1519101387690364930
1519076930464763904
1518994183331225601
1518751715738234885
1518702342744551424
1518697310317916162
1518688983441625090
1517920290227032070
1517586813338202112
1517546159870513152
1517499906348441600
1517279107398217729
1517251197534715904
1517224185692667904
1517210985244811264
1517146666570113025
1517124146504900609
1516900364905295872
1516873074284666880
1516851356660862982
1516813151156805638
1516560508010344450
1516526645619970060
1516475043064164357
1516434170771300361
1516169015860895746
1516116851859738625
1516043801051246592
1515314072597712896
1515088828293255174
1515042773757534211
1514992187603365892
1514954400153939971
1514686036290510852
1514669932230983682
1514399687096348677
1514355372240293892
1514242266252066827
1514031986167455748
1513964531776643083
1513899564167831560
1513861805289914371
1513661426400956418
1513605353816080385
1513574704048660483
1513547654290104325
1513509191880790022
1513506460155760648
1512859850946101252
1512578301667287041
1512495778379579393
1512182175545896974
1512151297004294148
1512133230224367630
1512119571544776707
1512113269301219330
1512082311386333187
1512049531201929216
1511882884654718979
1511796847932751873
1511778524507611137
1511731458347569153
1511710649516236809
1511699680916353027
1511514345980801032
1511513262822772741
1511501612078051331
1511479505071845377
1511469525937631235
1511405804359933957
1511384338004422657
1511103818469097472
1511053956126023681
1511040587113582593
1510956393792163846
1509979218796593154
1509925676517928978
1509917998131388428
1509665519850381312
1509614991212699652
1509563869013884933
1509516879823618058
1509279116113195015
1509242957521633280
1509170990433058818
1508949100187865093
1508903030233653252
1508875385726976006
1508862882024501248
1508848358286368777
1508818703260999689
1508783045968605185
1508617124922761216
1507418130267906049
1507393369965830155
1507124736190517248
1507110421169422343
1507103769473044483
1507077479705776131
1507049797349527558
1507036802187776000
1506805645735038982
1506785931159908354
1506773316610187265
1506759400278614018
1506714971140509705
1506665151751143424
1506659463490592776
1506609391201570816
1506454450327674885
1506399895011344385
1506383943360204809
1506374688641069074
1506330858306912263
1506051415789248522
1506038898685788167
1505956722292187145
1505890460996444168
1505718963497582592
1504902885561282566
1504515763285241875
1504444954143334404
1504171890323214340
1504097424377360386
1504086643598413829
1504075122738708480
1503871025687273477
1503835837301207048
1503788564819189765
1503548142679121921
1503489563691466758
1503464056434401284
1502426092312961032
1502337516443209732
1502319443904548865
1502124573298417680
1502067487059451910
1502008001984610311
1501986510073208832
1501680277759877120
1501657952586981377
1501624833867665409
1501568685923831810
1501388555540652035
1501361591845072897
1501310703088635905
1501291889374502920
1501231267718778887
1501199012296286208
1501024419766050820
1500925368366247942
1500131937490550786
1499898545897410568
1499862081042063365
1499833639961608195
1499810359091335175
1499789013447843852
1499741019352489990
1499462522130292740
1499455840914444289
1499440589061996553
1499404004446679045
1499218786775445512
1499190329165205505
1499053582477414405
1499028267117993985
1498883838143082497
1498881633491075079
1498879700407627783
1498858039067222022
1498856483165020160
1498854890168360960
1498847618889404417
1498845766412124160
1498843093126324227
1498797282430496768
1498764802260414465
1498761735850840069
1498447371914645504
1498406403869872128
1498355383328456712
1497956476463239170
1497737921184649220
1497675790376390662
1497623163773112333
1497341888944168961
1497316077356867586
1497007809040429058
1496896571283226626
1496697796434477066
1496656336163065861
1496300194098515968
1496289881328394240
1495902693872881666
1495779266310688769
1495761475587264515
1494732308506677249
1494674312254705668
1494462745848258563
1494460905345544201
1494459632894545920
1494444616820609027
1494436972462497792
1494435212268380162
1494393900680810498
1494333388215316490
1494096069613043712
1493766683894419456
1493751266127790080
1493707146806104072
1493706588561059846
1493705969485946883
1493605335654936587
1493604961174925324
1493389598361333763
1493380043145453568
1493374686121574401
1493345462958632962
1493315546338709506
1492647837309575169
1492636378986864644
1492558011788898304
1492299857956163590
1492199487909281797
1492151117567954944
1491924830060490752
1491875269333901313
1491794216493608970
1491550702908358657
1491535896864251913
