1534645039963447296
1534637665357791232
1534637382271746049
1534610233787555840
1534606783758704640
1534590990748614656
1534590931902554112
1534590331055923201
1534589555713757184
1534567240925863938
1534567035555962880
1534567014760587264
1534555838228094979
1534550500682645506
1534548360643887104
1534548310031224832
1534537529730519040
1534530093439143940
1534523908757536768
1534523536223649792
1534521805163089924
1534511981063028744
1534371377767190528
1534364996116926465
1534352149085290502
1534289971670044673
1534261225575653378
1534255321153150976
1534254516736036865
1534253641837826048
1534253150995202048
1534251397587271683
1534246023249502208
1534229141675024390
1534226080999022593
1534220197552332803
1534212391126302721
1534204311495921665
1534170160860262401
1534168927684771843
1534168743705726976
1534002580925435904
1533936039273832456
1533911941449654272
1533880614230933510
1533861475982401536
1533861470089379842
1533860355658633217
1533849525818990592
1533806770224873474
1533484889915400192
1532823237016670215
1532804998265982978
1532772323295645696
1532749227197190144
1532739041732485120
1532706592084328449
1532506355562577930
1532498283867918353
1532470377045188608
1532466268078473216
1532457030086279172
1532447860326813697
1532433258599829506
1532413733292720129
1532401276234997762
1532395777980604418
1532386117789659139
1532373600140935168
1532368817233567744
1532346751394492416
1532335221038784513
1532148862261022720
1532124892392562689
1532113323835154433
1532071429365465089
1532038607745208321
1532028106025877505
1532002778553491458
1531998694836404224
1531837830829326336
1531830442621542400
1531806348425498625
1531763529757376512
1531737663786700800
1531711430025691137
1531697589900525569
1531685966682914817
1531685937918402562
1531668132494032902
1531668087979786241
1531657632620195841
1531646615055962112
1531646338332516352
1531635219903787010
1531627416229232640
1531345688088436739
1531227133326114816
1531025505608163328
1531024389906366464
1530585274966736896
1530289539675217921
1530232360981221383
1530231334517497856
1530196427200143364
1530195939926884358
1530195274517422087
1530175657971417090
1529990701420797952
1529887031568084995
1529854510381817859
1529847132353699841
1529827846507593730
1529824517027090435
1529661952636723202
1529623690396278786
1529601553828663296
1529598197764698112
1529598191854923776
1529594615170572291
1529482490234257411
1529278763141369856
1529224415959035904
1529179295330992128
1529174890305159168
1529173524715274242
1529163418376327169
1529163238625132548
1529141658918473728
1529137815438729221
1529126324534661125
1529111821310906369
1529105414595522562
1529103386586513409
1528892049826660353
1528841808666558464
1528821887517835264
1528791450896547845
1528781052034093056
1528759749927661570
1528729167591776256
1528726125098188800
1528470519967895553
1527846084021829633
1527772851566149632
1527770981288353796
1527737113894084612
1527737101546098689
1527722096083750915
1527701916515434496
1527701649409687553
1527701610645929984
1527700932569575426
1527635417692086275
1527475372182339594
1527397291019091969
1527397286736797696
1527384693242486784
1527360651592536069
1527338828348129281
1527329542246785025
1527306706333577224
1527306473977438208
1527306437650591749
1527293740485943298
1527110296069971968
1527092392532246530
1527091945729937408
1527061621935419393
1527022845125181441
1527006153368035335
1526987917155045377
1526979908756439040
1526961852336439297
1526947355844567043
1526941186031853572
1526938376997412864
1526934025599963137
1526932972254990336
1526914761258061824
1526913759301750786
1526687079136215041
1526663759825190913
1526636529468186626
1526628556331175936
1526616408330747905
1526611017073057792
1526584985272057857
1526561429939269639
1526325159275241473
1526277019495022592
1526251225695518721
1526222757742133251
1526213755746807810
1526199873074348034
1525940593909694467
1525873346428252162
1525872256660000775
1525872192508002304
1525835548790870016
1525663696193822721
1525663574382809088
1525659664725200897
1525500254522683393
1525500207240183809
1525287042330120192
1525240884081610752
1525194588675252227
1525160786414411777
1525143247332450304
1525138709137477634
1525128551820820484
1525124072476131328
1525113622443266048
1525105599364702215
1524944039656706048
1524944033579155469
1524925505186693149
1524856607640788992
1524853809805246489
1524836281351557145
1524803531135401984
1524787784812318720
1524771256662466561
1524767609471840256
1524763998964568065
1524744603827642368
1524580664422637568
1524573233474899968
1524565273910689797
1524564135379308545
1524564033348804608
1524560922374721536
1524557404419067905
1524547802512175105
1524547270082977793
1524534145472507904
1524531137137324032
1524531122495012865
1524525806567014400
1524502502133088258
1524463105291476993
1524461802846924802
1524439012404088841
1524426630516690948
1524418833112522753
1524391372089876480
1524374685336670210
1524372157538750466
1524214109000151041
1524157760534990850
1524120396793974785
1524089850495971328
1524083249076649985
1524083226045730820
1524061382198669316
1524035100643573762
1524008323711909888
1523839514199920645
1523751731250663426
1523723315747049472
1523701575025233924
1523689320405553154
1523663206996410369
1523460848223920128
1523398430088781824
1522991084447715328
1522776618065960960
1522722431521243136
1522705279619588096
1522670970783379459
1522654572057088004
1522621841679998984
1522607730636251137
1522605126619385858
1522594874238849026
1522594734711185409
1522570296225587202
1522405138287185920
1522393050131087361
1522387435564544000
1522326987200684033
1522271647532728320
1522253940431233025
1522252460538093570
1522252282225692673
1522236066513760257
1522199020898332672
1522052328450363392
1522018577167101954
1521992928360554501
1521973721065525249
1521973711959646213
1521954042305556480
1521951912127610880
1521930868541075457
1521913601690324992
1521906339194228736
1521906293581225992
1521892695005962245
1521874475846938625
1521871220484018179
1521848856559992833
1521596756659691524
1521551882002522112
1521551588187422720
1521515258044727297
1521496867594547200
1521484290898419713
1521481252251045889
1521310245062074376
1521278177791860736
1521226769474408449
1521208394631491584
1521187050866761730
1521169297997012992
1521169236646928384
1521155026105909249
1521154578233925634
1521153879974494208
1521127075045904384
1521127045417385984
1520918897234526209
1520876422868393988
1520510578736963586
1520426011074207744
1520195787694780416
1520195338996441091
1520139126250647552
1520103412343443458
1520095435796451329
1520085256778534917
1520065948899852289
1520059503881986048
1520045034229403648
1520040918040166401
1520034373621452800
1520023813886517248
1519803321384591361
1519779754530029568
1519779036821606402
1519779028583989250
1519766804066967553
1519751662541459456
1519750517114744837
1519741544617717761
1519729722992832513
1519715262945271808
1519715220800868352
1519714247860789251
1519713685303877634
1519713486447779841
1519702064208789505
1519693943885160448
1519686060128747520
1519681843280363521
1519656398941995009
1519469851386990599
1519469732109377542
1519469279904735232
1519446555765395458
1519418788856352772
1519418379043495938
1519405482556985344
1519394141230272515
1519383322253791233
1519372034886803461
1519363619129020419
1519355348280397824
1519342588284874753
1519340321699733505
1519331110299353094
1519310644239085569
1519308996120920069
1519108763474710529
1519092681422647297
1519045543015731200
1519039267196096520
1519019157932716035
1518977176674131974
1518970430496944128
1518938170670391302
1518775973428273152
1518746959582011393
1518745054172663809
1518722361142530048
1518704518418026497
1518674710028034051
1518660366468845568
1518655241893388288
1518615374933151746
1518609713184788482
1518582636041711616
1518572195559231490
1518561536901582849
1518029076791013377
1518026342629056515
1517905598351699970
1517618058021515265
1517595581253779457
1517586211698712577
1517555455517618176
1517549650143694848
1517523906390753280
1517508458337107968
1517492746688155650
1517492258852929539
1517299477349953537
1517259008586895360
1517242581721133057
1517242475726786560
1517217413909008384
1517192068115746816
1517179143359647745
1517179111076089863
1517151673654808578
1516947547897487360
1516903107954831360
1516870143661408256
1516850599932792838
1516821714314874896
1516821709407637507
1516821704026345488
1516821700175925254
1516821696292048897
1516821691946749956
1516813709355667464
1516562888198139910
1516522306331414540
1516513846307004420
1516512392661938176
1516467007855939586
1516466897935601679
1516430129970524180
1516429139649126404
1516408343740432398
1516241846669877253
1516205346406207493
1516205327385038851
1516195414239809541
1516194809324740612
1516143970887286784
1516134476362878977
1516100814502252548
1516077280929406976
1516049678588157957
1515665679210450947
1515031812061511682
1514993560633892865
1514969597891469320
1514968269572161543
1514771368247627785
1514767464516636674
1514767069132337153
1514726424938266629
1514726101796495371
1514700659131666437
1514669506265849861
1514644963795030016
1514638110797279233
1514598070952022016
1514588427194413058
1514587144777523200
1514538787887591425
1514355013786738688
1514335768751321100
1514328644008747016
1514293782921068550
1514272103104720902
1514263776161316871
1514023219820437506
1513996000712699915
1513961361230938115
1513945655273738251
1513911536397529090
1513903398688641029
1513885082385371140
1513832443471704070
1513658064133578756
1513639452991709187
1513616215536775184
1513567069706596358
1513547979684257808
1513495463370104835
1513314077187133440
1513313902813134848
1513143226978517004
1512863234675593222
1512555564462653441
1512502745655386119
1512492574195470339
1512466146087292931
1512431574209466372
1512243334915444741
1512218507064324096
1512160840224489486
1512132644573749253
1512099722533781519
1512047474256527361
1511843905939066882
1511828056993841154
1511815695620878340
1511782783470825483
1511781789966213120
1511780252787298311
1511748778356883466
1511737556387483650
1511722906916737024
1511717590950940675
1511682125291999234
1511534067317149700
1511532128810504194
1511532119251693572
1511532112142381073
1511447298584231939
1511434661662281730
1511415629475164168
1511414585391304714
1511414378381381641
1511394969298350084
1511389142705491969
1511389096769429506
1511364256985460742
1511354579073572866
1511348181375889412
1511141772008865795
1511106998586200068
1511104077291270158
1511087480065474567
1511056361060249606
1511023642242691077
1511006326096289792
1510993755033280516
1510983553345011715
1510721477909401601
1510687670284001287
1510276407640920065
1510008267040305153
1509938723630239751
1509922103943958533
1509898549584183307
1509890575037837319
1509887350905712647
1509864005585801217
1509725361885560843
1509725346261831680
1509716011230150658
1509715789460516869
1509696544609652738
1509656980960518144
1509649625732550661
1509613873204445184
1509571744188747779
1509541700984782849
1509527221257523210
1509523289462423555
1509521139244183560
1509516425106501633
1509322219553443842
1509272137139429385
1509233000021639174
1509192167419523077
1509174304524718082
1509163306426277890
1509162018749698048
1509162001020432388
1508985049009594370
1508953120705028106
1508939635778592776
1508914427894059012
1508878939040714761
1508862507628310548
1508839611954511875
1508837873759440902
1508824042660319233
1508823077500637192
1508815641704288274
1508811479285383171
1508796156293398539
1508644502206128132
1508634121219760129
1508633946334060553
1508614304500695048
1508559909880840192
1508529543325364226
1508499639141556224
1508458920544776193
1508450614149369864
1507895521440116737
1507720375811063816
1507476496927002626
1507426579441401865
1507421244932694021
1507402592959217669
1507387280922746881
1507382349427875844
1507376038623465472
1507355321865580552
1507351968540499971
1507127961065037824
1507117056671555590
1507095651091374080
1507057791747383310
1507041834106863620
1507027093892349959
1507018597440360448
1507018095960895494
1507004343911915521
1506991584331669510
1506785270552743939
1506759302492606464
1506749512043347978
1506731495632908295
1506710978314047496
1506694826162634752
1506641133035741184
1506628080781205505
1506622953391333376
1506452522969485313
1506428367838617602
1506414645963284487
1506376501595365383
1506376257046462470
1506376240097206275
1506331352970444804
1506286770807361543
1506278394194976772
1506262028406644744
1506082790621822981
1506061824831234049
1506060283487399942
1506041311845044229
1506041215615180806
1506041190382243845
1506019310611079168
1505979113328324610
1505978680668999682
1505959625035862019
1505951100339429377
1505947236341104647
1505920474349543432
1505903735507197953
1505897560195715072
1505897537382891527
1505030459713101825
1504945746700865541
1504898814263672835
1504884594537123844
1504884112842276867
1504863907164340229
1504860886749614095
1504810703445757952
1504659556139507715
1504659539395756035
1504622041479225347
1504616212197789701
1504577686550757376
1504544049864265733
1504515564022206464
1504499664065867781
1504494099419774979
1504491310585102341
1504471692583714820
1504457291487236096
1504255056383782912
1504232403170209799
1504185651222224899
1504175638705491970
1504129300739596294
1504109168587948038
1504105984393981954
1504100368896217097
1504090740359671821
1503898003127640065
1503897571349123074
1503841520499236868
1503832786704211973
1503802810542039055
1503795395402547207
1503777005283782661
1503761393937530884
1503755072446124047
1503728102798680067
1503718876953067521
1503543083593617410
1503513452630921217
1503499185571647488
1503476910000586752
1503470412214288395
1503469856800264198
1503469850412429317
1503454078067695625
1503442488337567757
1503401321839448064
1503373470037647370
1503127133769670666
1502711172608499719
1502711133207240708
1502700227291226112
1502392319747956736
1502367431246987273
1502324524792041477
1502309585343889416
1502295702042562560
1502281194913906703
1502080600299220992
1502045435900440582
1502041732661272579
1501987931132768258
1501987880129994757
1501987825536884739
1501960673869316101
1501943543195062273
1501940871683403784
1501924671742263299
1501762260489977859
1501752910329401344
1501752873130119168
1501746299342893059
1501745892663218189
1501709615448444929
1501693772434132995
1501666110185299979
1501657593382592522
1501657552655949831
1501635485223243776
1501635205341265924
1501635083232501760
1501604266343079941
1501564929970786309
1501323623642107907
1501300280893313033
1501277021292269569
1501270462835351553
1501266551936217095
1501260042548486147
1501244765530214400
1501224982986338311
1501222934517534722
1501217888245538819
1501214135413002248
1501197842660081667
1501182690929881089
1501002220606824454
1500961739659165696
1500938259635052545
1500926161567821828
1500907282036576259
1500889178204262400
1500879790932471811
1500856926967586817
1500830587132817417
1500628480492552197
1500563311204745220
1500133826470637572
1499941441778466820
1499827619415666689
1499795139664957443
1499774154085646341
1499773347047038977
1499743223979327489
1499526642959593477
1499468041054298114
1499467579727003654
1499433612839723020
1499430312140496898
1499430043700891652
1499421448095645701
1499415846879473666
1499184077571825666
1499163222645035016
1499162964183732235
1499108512353460231
1499095240380198914
1499092086527778816
1499071527416963076
1499050867898658826
1499042794744209412
1498881235388665858
1498878748116017154
1498878736183267331
1498876732295852035
1498875203597787137
1498866428044324870
1498845008442572806
1498836658694893576
1498818503515770882
1498818418237186050
1498761057631977476
1498748140551389194
1498744133615247366
1498740382523346945
1498719920246464512
1498710706606256130
1498706800794910722
1498685757812359175
1498684538616168451
1498666872753074191
1498661775369199618
1498462415910055943
1498460628507410432
1498460603467411464
1498459611069829124
1498452432048861186
1498447407582961665
1498428027876818944
1498425523294326785
1498391048636313604
1498377851401392131
1498377729330274310
1498333863533293571
1498299676998705153
1498059915772010500
1497656835263901698
1497613680053260290
1497580103374618624
1497563711527133184
1497393639223439360
1497346325196726272
1497310984939053058
1497277060288548875
1497226967724265479
1496941555755753480
1496920081384853519
1496838163783954433
1496699771435814913
1496639839843799041
1496628241309876224
1496618509845114880
1496617298102259714
1496592211529682954
1496575945666441216
1496565232789041158
1496536370629730315
1496504776967737347
1496274846061404162
1496262753501208580
1496250314646867978
1496213684959518726
1496202226183942144
1496201048494592001
1496190960023355400
1496190568698978312
1496160270221287430
1496154055936258053
1496138218655395851
1495831037456396292
1495558215823728642
1495180331850379271
1494854363436695554
1494767423039447040
1494764812131307528
1494758214906400773
1494723578654298117
1494682839526293505
1494669038122905602
1494514957647552514
1494514679103770624
1494480360721330184
1494434300485328896
1494427736508702721
1494387020361355273
1494380279212888067
1494380116750786563
1494369145764339712
1494368887021912069
1494357399083364357
1494357283475701765
1494325028741017609
1494133192739246087
1494119037013528583
1494087117227581445
1494045582746398727
1494014484326797316
1493990034923524100
1493971979547906051
1493957238138060816
1493954052522082310
1493784988461924352
1493753815560073217
1493742872826318851
1493733678899470338
1493694411955490820
1493663051710705664
1493653288763502597
1493627240567001094
1493593070922780673
1493413004414758913
1493381588805160961
1493380172233461765
1493338034858770438
1493315866544558080
1493315312351068165
1493291774705557510
1493263472339079169
1493248313801519117
1493241041192898567
1493235281276854274
1493222888471625728
1493001847082295296
1492983511313223689
1492950096295641093
1492944075632357378
1492926918445961218
1492897522968408066
1492648386935336963
1492648333738971136
1492648323362267139
1492533043944468480
1492530962462355464
1492242094626324483
1492141734087831556
1491919884506259462
1491919409446895616
1491875838102585348
1491841404737359875
1491839929403551757
1491839901737836547
1491807980332933130
1491807631354347521
1491771312443961348
1491771057417687040
1491771009711677444
1491549197241401361
1491544645507112973
