1532759376544530432
1532759375349223424
1532428228484288527
1530232944970698752
1529145439580262400
1529143524524019712
1527772999679623168
1527745105699954689
1527694761771008005
1527358953147060225
1527320640969392129
1527006486995603461
1526664145365610496
1525141508843876356
1525131060610310146
1524855587842015242
1524422673811615748
1524389428608786432
1524122948726054913
1524114501037182979
1522585876991291393
1521847768343629824
1521496792399069186
1521172456500871168
1521150911485288450
1520086028912140288
1520071504318324736
1519756958655467520
1519746659424608256
1519727584514351105
1519052485452877824
1519029433407094790
1518961061982003202
1518947833105338369
1518663770033299457
1517599446925811713
1517533729886986244
1517157049355825155
1516846955372109829
1516803817651777548
1516441837480861704
1516148968492838914
1515737929284558851
1514988010378510347
1514681628555190274
1514245595954827269
1513535737924309000
1512532736753422342
1512143649282396161
1512143647533412354
1512082282038771713
1512066791949828102
1512059938985721859
1511351589755396100
1511081720212299782
1509943724461244422
1509576308413669382
1509566846881746950
1509550334871588865
1509550251195129863
1509259685647499264
1508890580650188801
1507465161585606658
1507454060001177603
1507399485202345986
1506638446768627712
1506300052297367560
1504883396463366145
1504882306791579649
1504479015737823240
1504110727895920642
1504100482092052481
1503817297810665474
1502292026905223170
1501962026335281158
1501668930833862666
1501572774539714561
1501299953175568388
1501292185114849287
1501287281059143687
1500916806302810112
1499879180481277954
1499792309390651402
1499484448496271362
1499437369304436740
1499422710736244743
1499148664698195971
1499136626714361856
1499038254527651842
1499019718686085127
1498785752066502663
1498741206397902849
1498681294066233352
1498681292967321604
1498681291570561026
1498669805724913665
1498377731104559109
1497656514106085377
1497247539514548256
1496843932646449156
1496190358010613761
1495797580030218240
1494791417864011784
1494719435789189127
1494716909643780099
1494671895974883335
1494414886578757633
1494403012923736066
1494396245540241408
1494396213449351169
1494384362590281730
1494384306113941510
1491829671805267969
