1534658157485731841
1534643718497640450
1534278844651290627
1534212833486983168
1534180986640023552
1533879985584459776
1531706665166323715
1531265518728003584
1531015747354382340
1530924762184273921
1529919671696248845
1529231463236902912
1528786479736143872
1528786478284910593
1528178547604561920
1527342642308476929
1526989065014366208
1526932839664652289
1526916197714894848
1526912352439963649
1526670310354866177
1526276248468611072
1526249952791379975
1526249951453495296
1525125733013721088
1524865347106619413
1524829037780160512
1524802982113693696
1524488463042629632
1524463329900515328
1524431079146405888
1524431077498105858
1524157036820320256
1523268664438542336
1522580565387784192
1522287556926357505
1521944407221673984
1521871428873859072
1521859976939061251
1521859974753882112
1521853964190420994
1521853929394483200
1521569381033164801
1521554177314406403
1521530967395086338
1521530395723976704
1521526533055205377
1520839370823147520
1520593524915326979
1520390128442777601
1520232970208309248
1520226911410167810
1519736909085515778
1519416797400866817
1519389008471670785
1519388864779014151
1519361620115341312
1519042124037169153
1518983482822868992
1518960241072824320
1518960239898415104
1518960238635978754
1518668478143770624
1518282490796027904
1517515586741354496
1517304641767317506
1516839840133914630
1515689066385362944
1515689064070066179
1515088539096072192
1515057286670077965
1514593649652338691
1514387381620727809
1514357092764762117
1513976551045574669
1513976419373789197
1513912036484337672
1512543848987246598
1512147539285393414
1512093367148204039
1512063515627991057
1511827088013201417
1511756807483674624
1511698855397629961
1511190444226473991
1511187639805767684
1510058620288970755
1509608401197797382
1509604295074795528
1509522913661227012
1509238360715538442
1508933298470465541
1508909694357811208
1508829648007876609
1508183850878394377
1507739689414975492
1507136493856473097
1507053811579469825
1507029438780821509
1507007028232802305
1506721104404045824
1506721100381757445
1506677238988689410
1506350538153242636
1506320637534646276
1506290619538448384
1506036091270352896
1505987204652404740
1505972530384973824
1505959725564940291
1505529096381603840
1504226356938297346
1504199644749910024
1504176654733746180
1504140094395068417
1504116856512200707
1504116855241388034
1503847373365252100
1503847372144746501
1503419662188617734
1503419661022552080
1503419659437105154
1503419133362380808
1503419132259311620
1503419130480889865
1503386907119603717
1502378387251384329
1502140228173287424
1502140225396609027
1502129793235574790
1502048945236807686
1502001039268057096
1501946619108806666
1501946617405919234
1501692613107269635
1501626409650958336
1501589002654265350
1501353101302714370
1501344559929958406
1501279916284944387
1501248328989917191
1501248138383970315
1500538325328932864
1500220220614586373
1500174101280874501
1500174099213127683
1500123079191711748
1499813599921025027
1499800926906953728
1499505173705678851
1499120415981121539
1499091438365290501
1498867769743450119
1498854222305112071
1498778953208717312
1498778846958661637
1498723181741412356
1498688169885278218
1498450361014706176
1498450355016843269
1498424269855985671
1497633132224389124
1497633129875574785
1497608280859938822
1496921350530813961
1496879878498660356
1496863524190289922
1496627951567347719
1496576145600528392
1496222910859694085
1495966148042629125
1495965998381514752
1495965996867375104
1495965995353182208
1495789820630781959
1495444213097504772
1495072824721088512
1494784532389769228
1494685858775056389
1494067068848820233
1494020844141563906
1493717389887877121
1493697687723651074
1493675013874102273
1492939893735100417
1492535202899443712
1492254028792750080
1492254027714813954
1492254026574012422
1492254025332449280
1492254024015429632
1491872664767680519
1491800890893688844
1491792948022833169
1491548658164187140
