1534304489301237760
1534290778318680064
1534290704314380290
1534279549139275776
1533933591876489217
1532838374716936192
1532838335416258561
1532838277132300293
1531381419615952901
1529219909502255105
1527326329599062021
1526980216572223490
1526932136409939972
1526673786355044354
1526673609678368769
1526635308074278913
1526289918716411904
1526289879751090179
1526289810104717315
1525156162450120709
1525152976607772672
1524435501368942598
1523701714150313984
1522632032907677703
1521934634262708231
1521561144770584576
1521561107747545089
1521538272308170753
1521520938466136064
1521191083056766976
1519748365571002369
1518698643288698881
1518698459607572482
1518281013134299138
1517540971180965890
1517518487173881858
1517518419708547072
1516862275352731657
1516829471227232259
1516123264795521026
1515699486223388679
1515512955835760640
1514715576639401996
1514703915777933318
1512215288661610500
1511753732119314439
1511753624820633601
1511740120474570766
1511739975741624337
1511717878298521606
1511415784047849481
1511103090769993738
1510407764291559429
1509651381849931779
1509635911146999823
1509601509469736975
1509601463705681936
1509600520327081990
1509586155301478413
1509565669112569865
1509565040575266816
1508860006778744844
1508859809327636485
1508828119939096584
1508828087743619075
1508222056034447363
1508194913288085511
1508190234495881224
1508188056641282051
1507807819717820425
1507807740424511494
1507061032975544321
1507060708273496075
1506731542692909066
1506347897562050561
1505563824333672452
1504884103514046470
1504883183258681349
1504828706488999938
1504564883991449613
1504553018838110209
1504133499082756096
1504133454459453443
1504133353427116032
1504126365825646595
1503787944997441537
1503464057378066435
1503436426083454979
1502379569264922624
1502355809686233096
1502349605060718595
1502062125149302802
1502055393702428675
1502051844272574467
1502026889749225476
1501672185492131846
1501280789966766085
1501235812708622336
1499464908508995585
1499464842348048389
1499098146995163138
1499078523293736961
1498413511470428168
1498397132474175495
1498379799223484426
1497302643278028800
1497302590060523523
1496994227326451712
1496702194070003714
1496701468312850433
1496238191199895552
1496229391650770951
1494712633416724488
1494712592648056846
1494322164878643201
1494035181627482116
1494035154913972226
1493323534474649601
1493323503902371841
1492249303976493057
1492185161479434246
1491873792884457485
1491862454330183683
