1534678656030842881
1534651136002629635
1534634982429302790
1534629910081581057
1534629907199926276
1534622284777934850
1534609372202078209
1534600821979193350
1534589269355945985
1534578740440838144
1534566170522750976
1534566151342235648
1534553028451352580
1534553027146809345
1534533371581370369
1534529391191109633
1534294300573442048
1534285048375136256
1534271909403185152
1534250595036672000
1534191713622933505
1534191712108744705
1533996320171630592
1533984227724865536
1533974819561254922
1533966855395852296
1533966853772660736
1533956821144293376
1533947981455572993
1533945647849787394
1533914775700348936
1533890543687766016
1533859496770080769
1533845064690155520
1533463971382149120
1533240584563040256
1533240577256574976
1533240568586854400
1533240562156961792
1533181602901250053
1533138222561345536
1533138221005168640
1532823618476023810
1532823616471154689
1532745624256491520
1532741399292088321
1532448125553721367
1532119618634006533
1532097215111602176
1532091521616556033
1532076958632161280
1532044256793268235
1532018734285697031
1531755079371464710
1531746287124721672
1531739741053505541
1531674784534241280
1531313837659521026
1531029241294376961
1530616876002607104
1530271756484808706
1530261978085826565
1530219587157086208
1530219585642831873
1530219584250384389
1530219582744567809
1530007211149344768
1530002460655353858
1529995740986081290
1529943619351859200
1529932601401786369
1529864912914235401
1529798471989047296
1529798457258655744
1529798444080058368
1529798434441535490
1529798425591562240
1529798403609214978
1529798390514692096
1529798376833060864
1529627575215169536
1529627571830374400
1529627570555215874
1529627564280627201
1529627562560847873
1529627560933564417
1529627558823792642
1529627557355724801
1529627556059791361
1529627554801385474
1529627550854664193
1529627549021753344
1529627547620761600
1529627546253393922
1529627544777117697
1529627542537240578
1529617925593878536
1529608611286097920
1529608609092476928
1529591189615386624
1529584091858976774
1529584090059612160
1529583319372943360
1529583315971358721
1529573170872713217
1529570577014575110
1529566811255197697
1529559864854429696
1529536769737236483
1529530739892559873
1529525631670681601
1529519478861709314
1529508792437710848
1529503022065324037
1529498897537716227
1529494716030586880
1529490951768612867
1529462441800880136
1529222752959201281
1529207092443242498
1529207090320908293
1529163176012664832
1529112633248567297
1529086777255940101
1528857416921661441
1528845143364755457
1528845141582172161
1528785904176967681
1528769325242490880
1528736624355512320
1528735649959927809
1528499476436078593
1528404468630532102
1528099699781165057
1528066761941204992
1528063915241918465
1528043950866579456
1527835191351422976
1527835190067961856
1527659068818698240
1527644693298814976
1527643872226050049
1527403267512205315
1527397521856798720
1527391728759492623
1527380794133696514
1527359508128874496
1527357204042436618
1527290343473000448
1527282336491982848
1527074696059047938
1527037202575904768
1527037200663203841
1527021637857599488
1527014109279137792
1526990303311314944
1526985801321562113
1526961447582019586
1526956853829181440
1526925920518414336
1526920526064672769
1526728718944718849
1526728711986364417
1526728704256266241
1526677229517815808
1526665185532039169
1526641293417492481
1526608649766027265
1526562382461411329
1526339353089388548
1526331574890942465
1526318467829354497
1526302449522417664
1526284418595307526
1526248140659208192
1526225534677667842
1525919999952568320
1525871276790784007
1525578618436472839
1525551880608284673
1525236519946043402
1525222710342782978
1525218374942351360
1525212268341993480
1525191697336082432
1525191695511572481
1525159846345056260
1525122349741363200
1524866626176401430
1524862441347334153
1524849999506554883
1524827602648805376
1524825012166868993
1524807247209148420
1524802809580773381
1524789428085989376
1524786905350647808
1524767602677059586
1524519971505819648
1524499619140579331
1524490596563488770
1524489867643822081
1524489866314231808
1524488511566626819
1524480527562153991
1524480525926293504
1524455987310219268
1524451293565272069
1524451234614231040
1524423174313680896
1524391375390875649
1524158775392882692
1524152696093167618
1524136420792848386
1524092035254394883
1524078429620125697
1524059617629773826
1524051653485379592
1524045721627987975
1524010043028426755
1523795299055341570
1523795297411153920
1523792803901636608
1523787206942330881
1523782160448356352
1523673949204520961
1523366335756967936
1523329405304459264
1523292605249110018
1523029134041096192
1522995674639638528
1522957078163509249
1522688700152709120
1522686778481774592
1522684801035255811
1522671197850378244
1522662304751443968
1522662110794293250
1522657653708705795
1522644422382473220
1522644374806577154
1522626079667720194
1522585549051207680
1522346927584649216
1522338285162426368
1522327737372975106
1522327732536983554
1522270492459253760
1522234439836786693
1522211326210154497
1522211324629069824
1522203480705884161
1522043794455212032
1522039302745739264
1522002676204118022
1522002620004589569
1521999910467428352
1521994231342063616
1521981539105529856
1521956136676728833
1521920035027103748
1521891945504722944
1521651994968141827
1521651993307234304
1521651991583375362
1521651989687459840
1521629465939431425
1521629429285507072
1521492383745163264
1521489470930964485
1521489468993294336
1521463975900332033
1521463974306451462
1521260667344502785
1521260663712141315
1521260292826705934
1521242227820965890
1521240245693517826
1521223009515851776
1521138251322511361
1521138249619619840
1520874039132233729
1520845935760322563
1520765488804110338
1520748442296934402
1520725644396666880
1520512496439902209
1520488184081227776
1520435662293549057
1520417670243438596
1520117785338298369
1520110687435038721
1520107783898767360
1520105056976130048
1520098029197533184
1520092921923518467
1520092920359051265
1520092918312316928
1519840024145059845
1519837069283147777
1519833819683164162
1519787965643476993
1519782220441047041
1519772566738673665
1519720958025768964
1519719394724700160
1519677024134172673
1519669918886731776
1519442429123960834
1519437491056660481
1519437488527396866
1519412030536568832
1519401913556557825
1519401911820169222
1519379815903768578
1519361902584991746
1519329447891058688
1519090243596689408
1519090240639537152
1519056111801970692
1519021108552515591
1518962339902590976
1518953272752623617
1518949649566027778
1518940142228148229
1518940091363831810
1518733958913138688
1518715622896676865
1518710626746613760
1518682268402913281
1518681761332580355
1518611655185383427
1518583388709568512
1518358045646069761
1518330218364219396
1518317174292725762
1517961410986356738
1517945677086478336
1517636307891150851
1517636302648270854
1517636301281009668
1517620560183930884
1517614220568932354
1517614219084054529
1517557324424134659
1517490738061320192
1517219785238626305
1517219783615393794
1517219781975363587
1517219779668549633
1516895047412760576
1516869047719276546
1516849012586033153
1516832154973618182
1516798718128836614
1516453227289481220
1516453224760369152
1516422978346565632
1516422976157143041
1516417986806095881
1516215628000022530
1515708071967969282
1515461142529077248
1515345335404617736
1515077916530556933
1515077915284852743
1515077909970661381
1515077908397760527
1515071608636981254
1515065085093453832
1515026813856239620
1515009078577270795
1514677459274317828
1514677457584017410
1514646366630338569
1514623824406454279
1514623822753943558
1514348505770381326
1514348503861977093
1514292162191572992
1514244978675007488
1514021866914168835
1514009542719324163
1513940097699393541
1513914285268865025
1513661047638474768
1513606349703290885
1513551945465802753
1513551943859421194
1513253497374134277
1513235158085906441
1513189483914706958
1513189482723524610
1513181674854658058
1512899936567926786
1512899934080622595
1512896034158129153
1512542099358597121
1512166692725694474
1512160847367442436
1512142524764372997
1512133734727835654
1512133732781723650
1512126009755287557
1512089786659397639
1512069027660591111
1512062704705548295
1511839717096046593
1511831331319255046
1511831329855479815
1511805395010043907
1511797917002223622
1511796012985241607
1511785389710888964
1511773757895061505
1511773558061649920
1511773556757118978
1511768629045563397
1511747160899002381
1511728637799718917
1511714622285484032
1511464115532963843
1511464114199146498
1511451583103619081
1511451581207785475
1511427450454130696
1511424316952428552
1511410703537782791
1511410702044569603
1511396015416487940
1511356006965694473
1511088837811970051
1511077172814954511
1511071414698270726
1511061701239709697
1511058533068029960
1511058528886472704
1510763424195747847
1510723737196417026
1510633271691988998
1510633198350487552
1510625897610629120
1510625771542523911
1510365707644674056
1510044256043470858
1510044254818689024
1510044251702321164
1510040924776288258
1510026398597013504
1510005341567729676
1510002499897462791
1509986113456422917
1509965845706989582
1509965843521753089
1509962178551549959
1509954038208634887
1509659482812567563
1509659342555029504
1509658524812562442
1509640151789617157
1509613407867215873
1509598428833144841
1509584876810473482
1509581480221097987
1509353905133608960
1509337756362756097
1509306324559015942
1509306322566938624
1509293945611767815
1509289572856963076
1509273554436694021
1509174476604428290
1508958364407058433
1508958363153051649
1508914956237946883
1508904425498234881
1508899415498571788
1508892412059475977
1508892405663158280
1508880960661692420
1508847427889123332
1508816522994753542
1508809497132904468
1508592033438572554
1508566767748145178
1508543608089194499
1508533188246786056
1508533159171956738
1508423613518598150
1508224612735328258
1508206945735520268
1507902141591080962
1507811189497151491
1507802553144299531
1507531962856128517
1507528916411592710
1507528444619415556
1507501776366305280
1507501772402741255
1507464542707765260
1507461992663199746
1507456226908532739
1507452523556257792
1507386659943370759
1507118252018839557
1507103319021527052
1507103316991479818
1507103310666477570
1507103305075511306
1507103298582728710
1507103292672913414
1507103286897348615
1507103282082234378
1507078093185466375
1507072620608561176
1507071030019465221
1507012528345288711
1507012526050983945
1507012523526041604
1506990753620316167
1506802328262754304
1506793735312523272
1506793733500686340
1506788210025938945
1506777814690766850
1506771745176436748
1506771743268122631
1506768217183817739
1506768111919316997
1506758828666331144
1506755068476985348
1506748826744459270
1506748825372930049
1506690476543557635
1506675659313197064
1506618954105692169
1506436735034662914
1506433078297825281
1506421750350942213
1506391412669128712
1506380900896018439
1506370670283927552
1506046000208699397
1506045992671588360
1506030696955101189
1506020474739953665
1506008203468890112
1505994477374259202
1505984797558157319
1505984795519688717
1505917856088739845
1505704296985284612
1505702374433865728
1505670181787480069
1505650807613673477
1505630190625558537
1505629866791772171
1505588763480760327
1505321418342420486
1505316314914697222
1505244967710728202
1505244965621968901
1505212191078764550
1504981673594740744
1504912559220133895
1504901933718454278
1504840317412982807
1504644316337254400
1504605426037542914
1504603442886713346
1504569966598705155
1504567709190828045
1504557517933797379
1504546726455164934
1504516274860212226
1504455498380333060
1504455497361117184
1504455496392130561
1504455495129735171
1504257574291767298
1504252998070976516
1504232854754140161
1504232852333989890
1504225832642007048
1504224500493209607
1504205694215626757
1504205692651159553
1504195522864852997
1504194168041746447
1504194135766540299
1504176777534623756
1504112118345478153
1503878525895516161
1503858067083042817
1503836232538861582
1503836230278070272
1503826265115136001
1503731100425887747
1503572618477191169
1503572614370975745
1503517632825286657
1503517631256702980
1503489394384199680
1503166914360713217
1503139293543514121
1503108523428880386
1502790125541113857
1502736298150408203
1502732856904323075
1502464140710924290
1502464139226140673
1502442303876648975
1502435960436498432
1502435957441708033
1502385108996796417
1502313960569294852
1502124214169620480
1502123545354190851
1502123543257141250
1502065078920785972
1502045884963594242
1502037532552351746
1502007494645895177
1501999798420975624
1501964095297585153
1501947375287300113
1501937275826966530
1501928957603729408
1501907015035232263
1501723675367821312
1501710007078985738
1501707168218820609
1501707166671065095
1501707162216763392
1501707157338787850
1501680829126393868
1501365383932129289
1501338666458927108
1501338663434825728
1501330081221808135
1501327798211735555
1501299319651147777
1501299318174752768
1501276620010758149
1501215847871827982
1501031007952199685
1501030925932670976
1501020737469046787
1500971196761976833
1500962261132886026
1500962259400544261
1500956728262905859
1500948030991872000
1500890705161555969
1500596695406714884
1500543665386803202
1500232055795470346
1500164165712977926
1500142525545340939
1500132922203987971
1500117722117677057
1499901008134164483
1499877503137206274
1499849497337286658
1499834519695806479
1499825359696678914
1499805273116090369
1499805270452719624
1499562608705343488
1499537670577569795
1499519857758507016
1499504208437030916
1499488746873532422
1499482643309776902
1499474954978537472
1499469142986047489
1499426612768649219
1499191847637422089
1499158625931218947
1499158427725176835
1499137580742418444
1499135255743287297
1499093190137323520
1498862649261633537
1498858707777687553
1498856241241669639
1498856239542980610
1498856238066581510
1498852322574839812
1498850324123201536
1498847549066784770
1498846619118170114
1498846616480104449
1498846614949138437
1498835040997892102
1498820418790207491
1498820254293712902
1498815896709734400
1498815895019429888
1498794334254247938
1498779054287343616
1498772183480512514
1498770382664384517
1498766542032547847
1498756709006802947
1498745362252804097
1498713573228490759
1498654036811304963
1498450299404664832
1498416655126388744
1498401760603525126
1498393964482908166
1498364983415132171
1498108403465478147
1498105915102404611
1498103259025784832
1498074506895708167
1498070147776622600
1497956201350537220
1497953165966258184
1497736336291340290
1497726724762705927
1497722521965281285
1497706125055205384
1497647999962521615
1497623504111521793
1497351270428033024
1497325834264317955
1497281342073192449
1497022074312740865
1497008729757077505
1496966721806245888
1496964620380250116
1496716844895547397
1496714857277702148
1496643344780378113
1496615055147814912
1496603188169904130
1496561676128329748
1496552098145648648
1496551693382782992
1496497160493445126
1496266936660987909
1496266926485606405
1496264768084230148
1496263874680700934
1496241694467100672
1496238563561807875
1496192905903489025
1496186500089790467
1496186498361741315
1496168713162301447
1495942600104284160
1495935627212341260
1495777345428504576
1495488499604144128
1495458547060125696
1495103451201744898
1495103407916519436
1495089866102775809
1495088418228949004
1495088406371700744
1494819525405126657
1494815792193490948
1494696452525895690
1494467066069499905
1494465528932577280
1494427544396959745
1494422207325523977
1494422205186428928
1494417572745383940
1494416168458850309
1494407057222643712
1494406373827878914
1494384954876346371
1494380195637338120
1494372340578279424
1494105640184258566
1494096345292017665
1494060963993116687
1494060962118348803
1494022228303880193
1494012292643446785
1494009364033769475
1493992567612096514
1493970668463042566
1493970666416136199
1493753213069127686
1493722056952725507
1493697533251629059
1493689404271079429
1493673640856113160
1493655061314027522
1493655058965471232
1493636923759419396
1493364333677584384
1493340279268687886
1493339572436148226
1493326981550727177
1493230171750555657
1493230167447199747
1492973870810337288
1492899040790466562
1492899038693367808
1492642036620615681
1492566391966375941
1492566389479116801
1492550709065175043
1492273961807265794
1492269339382370304
1492262816866258952
1492256212464898050
1492251522993950726
1492248738529779722
1492228085147750403
1492228083037974534
1492151904754978824
1491922178085994502
1491902624714555395
1491880105806864388
1491860915335143427
1491846920431714313
1491592943383232525
1491584734983512064
1491575715833294850
1491575713950011401
1491575712784035840
1491575708455473158
1491560351397199880
1491556149086367745
1491542958914560006
