1534568652716101632
1534281202844282882
1534170324522131463
1533923175364435973
1529214043805868038
1527410593061392386
1526958859985817603
1526221862329524225
1524819194935660544
1524442534583410693
1521085732001038336
1519015570255011840
1513863999548538888
1513481584741171211
1511773080363929606
1511745213793980425
1509245845576855562
1504111859603062788
1502370101609349120
1501685885695320064
1501571800081309699
1501563838210134022
1501278198331588612
1501247100465684482
1501236116783050759
1500550327505989641
1499139585967861769
1498860285398065157
1498785530405924869
1498724258134085638
1498373802794827779
1497556549476261893
1497291048996986882
1497193801533718528
1496933133593239556
1496875458742431751
1496857938585354240
1496826757151870976
