1534685294552915969
1534650871929540609
1534650416637566976
1534637868211179523
1534603654896009216
1534572097950867456
1534530858295537664
1534270688340717568
1534238594059182083
1534195780055191553
1534180432950042624
1533914494224809986
1533883527548358658
1533833160756236291
1533821025569357833
1533567396786626560
1532799890861981698
1532766237943554051
1532754294306398214
1532424040715100161
1532407193319915521
1532077913457184768
1532052104377933824
1531997104125759489
1531791146619482112
1531734897882284033
1531705652485230595
1531689269793800194
1531687919278342144
1531642729750573057
1531254916802654209
1530626552991567880
1530243427295809543
1529952143054196737
1529923751575535618
1529838355847995395
1529578703184875521
1529572244543918081
1529533130188771329
1529477974403207171
1529465474018381826
1529459534388944903
1529229444019556352
1529190217894223873
1529159122717122560
1529157733588557825
1529089907234328576
1528835321181380609
1528804445387202562
1528393214050320388
1528392885640601602
1527744255053156355
1527709453209960448
1527668173021102082
1527376882546552841
1527356867302739971
1527325237347377154
1527281741970280449
1527103983457865728
1527074304260726784
1527050795987894272
1527038011459911681
1527031530366935046
1526978251847081991
1526958330748538883
1526911000166993921
1526713306718904320
1526696404370042880
1526665378553901062
1526622634607271939
1526592123553849345
1526590660719034369
1526574919248658433
1526370311985299456
1526349772898160643
1526310443832180738
1526262616531820551
1526241457673318401
1526199731445178368
1525997545243254784
1525881625648807943
1525630849730891776
1525265405463482370
1525185615444250627
1525184528809136129
1524903159231139840
1524866065259544580
1524842053938597894
1524823424538923014
1524782445991714819
1524509969361559552
1524492342538948608
1524466336910483457
1524446219514396677
1524433030126915584
1524210177498566657
1524193977464930305
1524178679089274881
1524095999295299584
1524031483668799490
1524023802287599625
1523774209507627009
1523725751740108800
1523288286298402816
1523013488570138625
1522641079446777856
1522625452787081217
1522604706186543107
1522273778956394496
1522232304478916608
1522232138904621058
1521911001934970883
1521882534694600706
1521877069935882240
1521599914396069890
1521584376261365766
1521553013952888832
1521553012728254471
1521553011511857152
1521501047881097218
1521172292453244929
1521171895462375424
1521146944877441024
1520820785371361280
1520488620033032199
1520141146734878721
1520119456848134144
1520087559652610048
1520067780212625409
1520053125461291011
1520050944045723653
1520048572426821634
1519795691324903424
1519784774663086084
1519747876846510080
1519747006880788485
1519699062714425344
1519435461068046336
1519415998369120258
1519392124659277825
1519333831962247169
1519322526735904771
1519313614691205120
1519081481766944768
1518988499248197635
1518987073432264709
1518969046678523905
1518765447885168640
1518659862275706882
1518629167281156098
1518241974620459009
1517635368136417285
1517635191069724673
1517591672279994368
1517505024737386497
1517241523909365760
1517192263864139778
1516849785529114626
1516838845819633665
1516802585705033729
1516515705889464336
1516482763557425154
1516415954363764743
1516090153135136773
1516063498991808520
1515691314351951879
1515042379874639872
1514990650198007809
1514722301589311494
1514681436216909827
1514659887132909574
1514402986574979077
1514315880527716360
1514275634490621954
1514275558540165128
1513950040171155468
1513912358732713987
1513642492897513476
1513606873710317571
1513605332752289795
1513592450400636939
1513529000781615119
1512843512626176003
1512518874968858628
1512444886267613192
1512443485890220043
1512189235842977807
1512189009568710662
1512138191653933056
1512107669733191682
1512060916057133063
1511867062863474698
1511854919984287748
1511838579315597314
1511463801341759491
1511457707831791626
1511440904271372289
1511388953668198409
1511351223856902146
1511124196407054340
1511087130642194432
1511001639053926403
1510994121711882247
1510994060160421891
1510804368978845701
1510371474389057546
1509993416406487042
1509975952624861189
1509975143673700354
1509932913009303583
1509892071569739781
1509675928464601095
1509623885691592707
1509608728005390342
1509602059032711169
1509584212000710661
1509276316113285131
1509253027840110592
1509232077681700869
1509228362446815234
1509163016239132677
1508945600103989255
1508920423223865344
1508891638105526273
1508840610207252481
1508798784158973956
1508583326315126784
1508500906693734402
1508496027623567368
1508444273267642377
1507903151344660488
1507458314221010946
1507410157558538248
1507404518417473540
1507375522518642695
1507045479191920650
1507038652429438989
1507008312335761415
1507008137923948544
1506717284471087108
1506690714578661377
1506675099193257984
1506665176032030726
1506654570151391240
1506392599275487239
1506332422920720396
1506271428383055878
1505997231752728580
1505972960884109313
1505972046261534720
1505628918157561856
1504897499890335744
1504853626329743362
1504845613501923348
1504827012334206986
1504575500202692615
1504539030830174210
1504175300409798663
1504175246903242752
1504135840397770757
1504124001114898433
1504123557919535110
1504100756001071105
1503849637664460808
1503831944987127809
1503827584118890499
1503815699038408708
1503745157514080264
1503732274323460098
1503471319618408450
1503402031762984963
1503401784827645958
1503095287333720070
1502379442273931265
1502316783914606595
1502022799992496129
1501787656904134659
1501777526380761091
1501631203631407106
1501576175105318917
1501357256872448001
1501300459511980034
1501209504213573635
1500980065953357825
1500956224208216065
1500956098945241092
1500882379405156356
1500845398054875141
1500526990109159425
1500526868080046082
1500526696260423694
1500482561335873536
1499858553116442639
1499855096422748160
1499828203296284678
1499809999945711625
1499768022004871171
1499474361564250119
1499452862681825288
1499411926786453510
1499130223526301696
1499108238041698309
1499108183612313600
1499084912913178626
1498861657149390858
1498852912428208130
1498850880799617024
1498849220467515394
1498847176688082947
1498845881793232898
1498805813124767747
1498728006411591686
1498673320073609223
1498665390641233922
1498463589606342658
1498455401733537795
1498419982513971208
1498413377173004296
1498407283889516562
1498388946241347588
1498376339195416581
1497674361137991683
1497353427566804996
1497289521624399876
1497278020440281091
1496926475458654210
1496884244601319434
1496619379231969282
1496601947079684106
1496534137167126529
1496531679351029766
1496243548903071761
1496228893711343619
1496196110444027907
1496177652373368832
1496177401306439686
1495798400150876171
1495779499325235200
1495434570254241792
1495433535242616850
1495137941018062849
1495096515475517447
1494816720158183435
1494728550959747076
1494423913241067521
1494401801541537801
1494394485920382982
1494335728834121732
1494054942662967298
1494052865568088064
1494019245012836352
1494002871016337414
1493998711193620490
1493983581156356096
1493691223240060932
1493684231003942923
1493663725525610506
1493626956306337793
1493343130342629383
1493338780274774018
1493318386830430209
1493312840798724097
1493299695480975368
1493296686604632069
1493265014844792833
1492568498085761027
1492245827326287874
1492209901644484614
1492173540933742596
1492162519997329410
1492155344641875972
1491894848223391752
1491870084767301632
1491822059395207168
1491795031077711873
1491547863897321474
