1534679473739730945
1534655211167424512
1534648944218845184
1534648942742355969
1534643452146765824
1534628395853791232
1534616565097832450
1534272606517571585
1534272426904891393
1534260386203066370
1534255740139061251
1534248389373837316
1534166875277512704
1533936911558901760
1533907364017053696
1533894556068069376
1533894368075173888
1533882877334757376
1533882791556956161
1533880581129392129
1533847538826203137
1533273397798612995
1532789021511933960
1532525339011850241
1532518133902331905
1532505396899872774
1532432927505666057
1532398719278137349
1532393240661569538
1532364090869522432
1532352178110742529
1532350047861342213
1532349219918467073
1532132535647539201
1532097410498969602
1531790579981508608
1531747606434656259
1531693140599615490
1531653519119372288
1531251077865144321
1531250771412533248
1530238865868525568
1529962502632661000
1529958356865146887
1529877087196172288
1529815305941401601
1529418234998534146
1529261831163940865
1529219277470830593
1529215162082795521
1529215104461459458
1529174531113459712
1529174529326686208
1529174526667411456
1529133306645827587
1529118795234693123
1528918548466307072
1528836549319720963
1528830953677783042
1528778787143426049
1528080035785195520
1528004665899622401
1527755528641855489
1527751399068540929
1527728926713331712
1527710566894149634
1527691667297513472
1527391718139514883
1527391658425430017
1527345981632630789
1527345829207453697
1527326879169929222
1527281477800857600
1527041680284819463
1527040083802693633
1527031753369608193
1527021121446584320
1527003064233869314
1526984845976641536
1526933200437641219
1526906489365053441
1526712842648539136
1526652303918637057
1526652301175402497
1526652297442381826
1526652294149832704
1526652290970570755
1526652287388729345
1526652284092010496
1526652279964721152
1526652276814774274
1526652273656532992
1526652270426857472
1526652267046350849
1526652263288143874
1526652259735678977
1526652256094912512
1526652252706033664
1526652249803567110
1526652247869882369
1526638642139222017
1526636757042724864
1526635069963632641
1526633978610044934
1526566758672486402
1526558567226122243
1526363432882212866
1525684355464560649
1525673616536489985
1525600597839323137
1525600596178489352
1525522885154070528
1525501830033203200
1525499898841407493
1525210983463112704
1525152975437672448
1525111603183616008
1525106688805769217
1524866702495957028
1524866700675629057
1524829890352140288
1524816430352449543
1524755986317295618
1524512003791990784
1524511670671921155
1524446447743213568
1524365539522621443
1524213586255663104
1524172458756087809
1524165524539813889
1524131164054863872
1524104206071783427
1524104188971696128
1524073860391440384
1524053201271537665
1524036152616960000
1523764935289085952
1523757296463282176
1523757293544034305
1523757290603499521
1523720769364426756
1523688102513889282
1523688099662143488
1523292665772752896
1523012766340108289
1522959616908406785
1522958175770918912
1522957310280310786
1522953775538839554
1522599084720377856
1522599075945881604
1522292183218495491
1522250261170900992
1522011781115387904
1521971694130376706
1521925422543523841
1521900384788361218
1521899660004274177
1521895551234674688
1521895532020518913
1521543090389102592
1521474495420289025
1521318790168039424
1521269442738634752
1521220269402116098
1521218973324525569
1521218331260432384
1521206913857470464
1521176133110272002
1521155330402574338
1520791243130867714
1520105006183157760
1520029703926595585
1520005382659362819
1519802867640676352
1519771610554802177
1519680844599894019
1519680674369875969
1519680525945954306
1519492354117357569
1519432661059706884
1519322547472543748
1519305501409951751
1519003449014341634
1518960757651787778
1518738542523990018
1518694441497804805
1518665231601393664
1518654955044941825
1518654057069568000
1518652578220978176
1518651609680695301
1518649852103692290
1518577440221810690
1518383770264612865
1518368079905964033
1518037540816760832
1517983605665976321
1517964397154549761
1517963685968420867
1517958003932250112
1517956991330750464
1517951957230620673
1517887220669112320
1517556981661413377
1517541331652026368
1517519211341434881
1517243083330576384
1517205982304251906
1516888323415060481
1516880926252449793
1516880737991118849
1516877822534500358
1516843395234385920
1516843393384697859
1516812477878652936
1516592137541935119
1516520544233046023
1516520393254883336
1516504875173036035
1516504871842762754
1516097912606015494
1516046974960779273
1516046973488578561
1515649916080697347
1515350393672417282
1515343098016157709
1515022311426039811
1515009129538072579
1515009127327707146
1514697444659011584
1514673260545380352
1514668207197634560
1514620744180899843
1514606580381089792
1514342127332999185
1514342121561542673
1514308901881225227
1514292046080655361
1514040495672115203
1513952021262516232
1513940494627315721
1513916636146847746
1513911162676695045
1513854019982213123
1513587868349906949
1513548517037518851
1512900341481807872
1512900340189958145
1512615946703286280
1512507787703734275
1512497970461265921
1512490459695878151
1512465870555160584
1512392311971332098
1512181802366124039
1512156819615006722
1512144360539930630
1512139070142615557
1512127211725283330
1512114378082070542
1512100489923604486
1512100487969095687
1512070972794294290
1512058619809996803
1511769669526597641
1511745779748200449
1511730006203973638
1511713054261657600
1511704765524287495
1511691911765102595
1511528492445450241
1511459876081385478
1511435839141732361
1511398839021883396
1511376744359636995
1511358081028042761
1511108212279361538
1511025787960533005
1510987281364131840
1510663194259435523
1510004440702595077
1509967048000028673
1509887609429966854
1509698077422194700
1509646949758210055
1509638061642194950
1509609366462337030
1509601629359812623
1509592540164636677
1509270413184016390
1509270245017542669
1509262579608305675
1509238144352325632
1509152209128275975
1509150234982719488
1508941820893478922
1508907084364103682
1508907082212429828
1508897625965219848
1508845206816317441
1508845112968708097
1508788018097840130
1508504339207401485
1508406043440828422
1507907427366281220
1507768813835718659
1507711747343409158
1507425034675097603
1507091901861744647
1507087449763233799
1507063846824992770
1507040949226151947
1507029221276794885
1507015929175048199
1507004837291986945
1506816470629687302
1506742857092190212
1506737238847143942
1506737187462778887
1506737185927708676
1506734074903285775
1506730310385418245
1506715501380132867
1506630333759905803
1506372080358543360
1506347074878648326
1506259866331066373
1506021505045520384
1505993344417210384
1505983992822128643
1505918539592577025
1505912191333150723
1505684785452269569
1505182303386972162
1505173847598940164
1504904670967382025
1504894850231156737
1504886812690591755
1504868856434724887
1504833756040937487
1504826066367623174
1504555884986384391
1504512991353528327
1504488072389398528
1504452108296331266
1504206225109655560
1504157351502360577
1504157347740102660
1504125713338798084
1504125711912771589
1504096363440656384
1504092337860972550
1504081317146804232
1503860490455465993
1503860489125826560
1503856081554092038
1503835364427014147
1503802622976966662
1503789153393254400
1503786821859569667
1503786130025717760
1503784126566051846
1503783402398437377
1503783401173749766
1503782989452529671
1503781658796990468
1503726409826680835
1503532789488050177
1503450541967478800
1503434609677189121
1503402266799353871
1503375665424437254
1503152457349693443
1503151682515054597
1503150024359874563
1503032857895346186
1502442558332588041
1502363455755538439
1502363450730766337
1502363445710233600
1502363443512365061
1502363439662080005
1502363435077713927
1502363430317142026
1502363425980174352
1502309859001262083
1502296020864192518
1502102631279476754
1502019675693236229
1502011217887514624
1501987197800620040
1501942838333898754
1501937946403823621
1501937185431306301
1501927718656557058
1501927717297704962
1501906137226035201
1501906135628103685
1501729374239870980
1501593617928011781
1501567326784786436
1501378793256202241
1501319548305383430
1501304813954514945
1501288461772353538
1501273892983349250
1501233444180963330
1501184050064723971
1501174961175764997
1500978451871895553
1500978450697441283
1500964094291365890
1500902477125890050
1500901599216128009
1500873752762007555
1500853979105923081
1500852926960521217
1500680030283878401
1500678089407356930
1500214116568514564
1500109415730581504
1500109412689752088
1500103693202567170
1499892904936017923
1499892903539351553
1499874884750610433
1499837232034861061
1499796986949771265
1499497519675543559
1499441629593325577
1499441400580087812
1499441091887648769
1499433866205016066
1499375170779328512
1499176693491240969
1499128152047726597
1499108623838064650
1499089242483564556
1499042746643980288
1499005759547482113
1498878450748301317
1498871273736351751
1498866227120332802
1498856613159084042
1498856286091415553
1498856284992462853
1498843210361315330
1498842212838350853
1498813288309788674
1498808069043666957
1498716828973125639
1498686715606798343
1498433370891685895
1498431636811268097
1498412118865072129
1498401690344726529
1498391347870552075
1498334507472195588
1498330118539853832
1498319967330177025
1498318466893369347
1498310865694732296
1498293805975576576
1498292493816844295
1498032357110124554
1497781325570445319
1497659374763974660
1497331396750319619
1497262884971233284
1497259799368675335
1497259695958077444
1497052933472538633
1496946750489169942
1496885252316401669
1496885211811880962
1496885199040352259
1496876023450943492
1496691857354633216
1496600493405126657
1496600491513585672
1496600489064026129
1496600362907754501
1496583673415716865
1496578748971458561
1496578747457323019
1496578745720885255
1496578744093483010
1496578742046625793
1496524328409653249
1496288419705769989
1496242614596681741
1496233969657987077
1496134494952251406
1496134492825821186
1495838265332674566
1495427027645644802
1495423664648511490
1495247785112834056
1495202120047415300
1495042776232501254
1494867002753753093
1494823162911072257
1494766796129382407
1494765617844527114
1494757143064588293
1494750768892723205
1494750565854810118
1494731225956814858
1494703428920037377
1494425343301726210
1494414070916820994
1494390239888035845
1494390236327071746
1494066563300872199
1494054704803983365
1494041363020750850
1494036582101360643
1494001967584186372
1493998680126500872
1493979305331859460
1493765026867556353
1493745968247984129
1493708914910801920
1493675151262724104
1493675139384422405
1493675124238823425
1493675112259858436
1493675094698344449
1493619537308274693
1493581534972022790
1493581515883696133
1493353339563778054
1493348756158361611
1493348406592524290
1493348221372051458
1493348219505496076
1493342823252381701
1493342810124304384
1493308538936082432
1493308533697388545
1493307868967223301
1493307591467978759
1493284121409429507
1493284119308120069
1493227909875740675
1493227811473178624
1492523653270937600
1492523650637078528
1492243511864872961
1492241703662673921
1492240625462296582
1492240624300576771
1492240620613783553
1492238629057568771
1491918949507817476
1491903426766200837
1491903425021452292
1491881607774588931
1491866601301360642
1491866599724400643
1491849759254056969
1491837005067653124
1491836388773441549
1491804467750215681
1491804466076696579
