1534664182343294977
1534617785657176065
1534590135370764296
1534551489292537856
1534543230204887040
1534543229101740033
1534543227994480646
1534543226413240321
1534268709174378505
1534231212281110528
1534207702418788355
1534189262597496835
1533898016385474561
1533863794883051521
1533847002164903936
1533822268047958017
1533806703266897921
1532816676047228931
1532785687304425472
1532759568673128448
1532457188450615304
1532422544413708288
1532395113531334656
1532370151588478977
1532084567338692609
1532053110285377538
1532021128386031622
1531751120506220545
1531736330677387265
1531724421311889413
1531627906518114305
1531390639421767681
1531259826201829379
1530240668538396672
1530240663173873665
1530240662196695041
1530240421502279682
1530240258671091713
1529988683419602951
1529558810809053185
1529209499223040002
1529209296638156801
1529082616821043211
1528831491349876736
1528785947520819200
1528001412197519361
1527754283969560576
1527725706679144451
1527669475327221765
1527645005472485378
1527366924283195404
1527355593387757586
1527328765491044359
1527314083279609859
1527021647022129152
1527015377334636544
1527004846582165504
1526986289857417218
1526940569985069056
1526934766213382144
1526694783061737472
1526594391917223936
1526572700373770246
1526358313704759298
1526314210371809285
1526279109680189440
1526230903839772672
1525501169233174535
1525200091983880192
1525176021938487298
1525144123107328000
1525125438175076354
1524854425986052096
1524838068137566209
1524816479887183876
1524802090421432320
1524485531006119941
1524443346772631553
1524368255523164160
1524166765181288449
1524151203327795200
1524119161420623878
1524091764709203972
1524040411387473921
1523735895878549505
1523691974855131141
1523297444288765953
1522679091949830151
1522661515584851973
1522642714105466880
1522599436404367362
1522575592184590337
1522308920966062083
1522271205218258944
1522255593016381443
1521943495400960005
1521906370882191360
1521901719914954752
1521884478032986113
1521317562553937922
1521232533681225733
1521217969640071170
1521163026963083264
1520134575627845634
1520124509793173506
1520097833789046784
1520072919451418624
1520061232341991424
1519778563700011009
1519750293453348865
1519728399387967488
1519708239381909515
1519405270023114752
1519396639835934720
1519363916983320577
1519332008341741569
1519001106952560640
1518977019819839489
1518648282041307136
1518628131309080577
1518353281092923394
1518050106154565634
1517600880425586689
1517598795047092226
1517585431159783431
1517577312291729413
1517577195790737408
1517519343780868099
1517489396492079105
1517234717778755586
1517217508427771905
1517190174815309830
1517171710725967874
1516847164202397700
1516816613688942593
1516790104265826304
1516507173999677441
1516489874257420300
1516454193078362114
1516417971077459972
1516147398938136577
1516122354228903937
1516100075977682955
1516081668112666624
1516079190096941066
1515678463264497675
1515048562652028930
1515007120101494785
1514975244867547143
1514684780582948872
1514650595399016450
1514619097027268609
1514591994324320256
1514367709848514566
1514334384484237314
1514325047757922310
1514290318937632780
1514260701820424198
1513980036973572099
1513962659049349126
1513938338457214976
1513912148895969292
1513882629979877376
1513859104430772228
1513612573324857349
1513571015409995788
1513553796844163085
1512537526191505409
1512522621665087493
1512482164847353856
1512444182916485123
1512166757020192782
1512141110440771588
1512099147393945601
1512089431615803399
1511812741127938054
1511797006204874753
1511770652579086342
1511743988692357121
1511731725201723394
1511697077251854347
1511443306680492032
1511427411476455429
1511413788905558021
1511378067796762631
1511369511991226368
1511357915323637769
1511337393667907592
1511068598265122818
1511033355915173889
1511009447891460098
1510991983329824770
1510402951445192709
1509978167783866368
1509943484752531456
1509912909039738905
1509631870601871366
1509617526610841608
1509602678891945993
1509556604475252741
1509544782091141124
1509253628535652360
1509244787492364292
1509229972895924225
1509215551364685838
1509197508597137410
1509179899562668039
1508918028771241990
1508867585089183758
1508822327861170178
1508793441853054985
1508564839936913411
1508544648792444935
1508479655304646656
1507481749806321665
1507439676063371264
1507365436978987013
1507069148530098186
1507048838120583174
1507020262839050244
1506730002603118593
1506707829930999814
1506690056244895750
1506663063507902472
1506364462479118349
1506345437409783815
1506303814873268228
1506280075087519759
1506002685585199107
1505994859391422464
1505963169843458052
1505924816846704648
1505910353288384517
1505301292750680079
1505201336232599553
1505201334215188482
1504921250078113802
1504906735726723072
1504885190916775937
1504879819485548545
1504841069858537489
1504805855060971525
1504554707632766979
1504549192701779978
1504514015539650563
1504501997952770066
1504484201357266944
1504460478239719425
1504449046357987330
1504211459294863369
1504198974768562182
1504170293966876679
1504148669158895622
1504134396814802944
1504124751278710786
1503865894635806724
1503823348790226946
1503805730792488962
1503787132799889411
1503749779788120065
1503437297408258053
1503379494962446336
1503379493754490883
1503379492445868035
1503379491158118405
1503379490063499272
1503379488952012812
1503379487647584257
1503379486481522697
1503379485323935746
1503379484065607680
1503379482920509444
1503379481616125957
1502411040776142859
1502346252339531783
1502311001198313480
1502039845237051393
1502022732870946827
1502007781993459717
1501974077778632708
1501958206288924673
1501631572801376257
1501586341179580429
1501566185388789763
1501314314397007879
1501290658254016512
1501274800106389508
1501243825636921344
1500962244376481794
1500936826877460482
1500931422563053575
1500918267698888710
1500893201590280193
1500871750350946315
1500859625293463560
1500156181083533329
1499839093731176451
1499806348137177088
1499776990928330754
1499486268819922944
1499463560619036691
1499437283023462401
1499404644161892356
1499397042057134081
1499141513766481926
1499134278550097927
1499118322461429771
1499088682330042373
1499075814272372738
1499063246590029833
1498859326722686981
1498847812934590467
1498822128090685441
1498739347255963658
1498721652913356811
1498708789759029249
1498696214606450688
1498406403299553285
1498390045463621634
1498380248781623299
1498366641163415560
1498343992160784385
1498327115888046080
1497750973258911749
1497750972189216769
1497750970608099335
1497317695745835018
1497317694491795459
1497317693204176901
1497317691711004678
1497317690616291338
1497317689500569604
1497308921710608384
1497290417750134789
1497276206181404683
1497246809927950347
1496973392263716865
1496973391085305859
1496973387927023616
1496916500376358914
1496693727817043968
1496693726537736195
1496595722161979393
1496583141569404930
1496564403138924546
1496553867953250304
1496518811964563460
1496518810228166657
1496235347579219968
1496225533050425357
1496200618784047112
1496181523132866566
1496169161894072331
1496150911932063750
1496117992811380743
1495893354634227716
1495844378744692736
1495756399128760328
1495488654936002573
1495109575841923087
1495088105539448841
1494803062959091712
1494786118717526019
1494775037932486656
1494768314622611462
1494411022936985606
1494369638171516928
1494346728241344514
1494054981103759360
1494035100023021568
1494017004818284547
1493990511669137412
1493668181847822339
1493622868479025165
1493330708294733828
1493312222000553985
1493292347060334595
1493270049779503105
1492264143335968768
1492216113819754498
1492191241718616071
1492145045230821378
1491883673427320833
1491865051015397378
1491844163062669315
1491826493370081289
1491789618638770176
