1534638416301895681
1534638415060377601
1534590839162298368
1534590837715247105
1534561498642755584
1534561497384423431
1534561496151228420
1534561494712688640
1534532237697351680
1534532236619534336
1534532235403173891
1534353379509551104
1534353377987121152
1534353376439324672
1534353374795243523
1534353372983218177
1534297876708352000
1534297875580076032
1534297874204348416
1534006969467654144
1534006967722979329
1534006965952778241
1533986502035775489
1533901852227641344
1533845561757024256
1533845560461078529
1533631925688180737
1533631924262121478
1533631922844360711
1533631920923344896
1533575200817795078
1533575199408508928
1533575197944647690
1533494050870927360
1533494049176526849
1533494047578509312
1533453620091420672
1533453617897816067
1533172930779267073
1533172928833019905
1533172926714888194
1533172924856913920
1533083728091693056
1533083726288240641
1532807589431545858
1532807588395499521
1532807586227134472
1532395505690497025
1532191248542576641
1532191247330320384
1532191246155915270
1532191244461432832
1531692758351728642
1531692756829102092
1531692754450931715
1531692751787642884
1531692750021738496
1531654708397588488
1531386563275390976
1531386562344255489
1531386561161461761
1531246382153187329
1531101996652056577
1531101994592641025
1531057539630129153
1531042990239666179
1531007032328847364
1530928880701390849
1530928879342432258
1530665773676515330
1530612225668431873
1530612213903409154
1530548434469625859
1530365746987032578
1530365745196060672
1530312916444098560
1530312906868416512
1530236415929421825
1529886582391685120
1529886581359792128
1529886579996639233
1529848541169995779
1529848539697885185
1529589206493929473
1529589205277593600
1529582307719405568
1529582306473787392
1529582305085468672
1529496167486201856
1529420559381053440
1529420557472743424
1529420555564220418
1529420553555169281
1529420551688691713
1529251345986899969
1529251344384925696
1529195863469395970
1529172709355270147
1529172708201795584
1529172707056689152
1529172705848737792
1529172704590430208
1528734728211386368
1528734725732454402
1528509921653923841
1528509919271477255
1528509915656032261
1528476549153972225
1528476547065200640
1528436163597459462
1528436160816717825
1528436157754875904
1528412749054844932
1528412746705952772
1528389390124339200
1528389387867807745
1528208144618426370
1528208142668029953
1528140075766190080
1528064075162329088
1527788760645226497
1527788759693107201
1527788757327433730
1527706044046135299
1527706038987800581
1527638150096510977
1527638148695695361
1527413525546684431
1527368012654751762
1527355684743893010
1527355683317829632
1527355682005331973
1527355680453120016
1527325748763443201
1527280101989449728
1527280100546211841
1527240534108131329
1527240532484927489
1527100965219930115
1527072794072305664
1527053999169589248
1526995064983015430
1526989574127370240
1526989572978139136
1526989571724132352
1526971175632572416
1526971174420467712
1526917166515249152
1526917165076602883
1526759949254148096
1526759946905427968
1526759945412157442
1526759943864557568
1526675478962126849
1526675477796102144
1526673714905026560
1526605458403893248
1526550126663188480
1526550125232930821
1526294448744849411
1526294447486648320
1526217143490072578
1526008845549637632
1526008843796467717
1525962187096858625
1525962185301696519
1525962183011708929
1525903476995330053
1525903475313369089
1525805810638589952
1525607581514866688
1525607579220590596
1525519863174799363
1525519861086097410
1525519859446079488
1525443434072383489
1525443432436703232
1525443430540890114
1525226794860912643
1525226792809791489
1525226790939152387
1525195830675886081
1525184055905554432
1525142349562761228
1525101318704181248
1525101316900519939
1525101315147317248
1524912358379905025
1524912356811210756
1524884047268306966
1524871803415453711
1524871802228461571
1524831470958825479
1524831469503496193
1524831468161323008
1524831466944864256
1524831465636253701
1524831464336105473
1524831463027445760
1524819814270787585
1524819813016784896
1524819811443818496
1524744098976051200
1524499880810536962
1524499879720099841
1524499878633689089
1524444397152215042
1524378428509675523
1524192062043795458
1524164330748616704
1524164329100226561
1524067570583842817
1524067569338044416
1524067567916232705
1524027584195006468
1524027582777331713
1523871742833352711
1523871741126266881
1523871739343773698
1523871737548619776
1523871736068030465
1523787213963939841
1523747265680396289
1523464816031006722
1523464814265131008
1523464811882815490
1523420771586277376
1523420766674427904
1523399282816348160
1523399280660475904
1523399278563012608
1523399276453236736
1523399274595483648
1523399272657416194
1523399270912520193
1523289222492286977
1523044702706094082
1523044697404440576
1523044693336023040
1522934382188797952
1522934380418768903
1522756782657052672
1522700582280122368
1522594787051945989
1522594738054041600
1522594617820073984
1522594536194822147
1522556700607324164
1522556698812157954
1522329707991216129
1522329706091139072
1522282266495528961
1522282265149153280
1522260572187901955
1522214976575877124
1522214805637009410
1522214617123938306
1522214422940319753
1521996625425666048
1521996621025792002
1521996551865913347
1521951222344916992
1521951220998578179
1521891823383367681
1521891822146048001
1521680633881403392
1521680632342003712
1521680630752366592
1521680629015928838
1521620038884773888
1521620037748117508
1521620036548505606
1521567015563051011
1521567014292176898
1521549688465498113
1521527347824009223
1521185978140053504
1520935499623510017
1520860374500794369
1520832569872461825
1520791858540163074
1520791856694677508
1520751316162813952
1520493735640981505
1520413799358021632
1520413797642551298
1520399685340573697
1520243099972562944
1520243094674845696
1520133420822806532
1520128821093093379
1520128817372749824
1520068974062546944
1520044501322063872
1520044495823380482
1520044494607032321
1519794109900279809
1519788256220565508
1519788254706470912
1519721642150219777
1519478392759926784
1519478389777776640
1519343122190581761
1519118849412579328
1519118844081721350
1519097948474335236
1519082608910548993
1519082607102861315
1519031939184930817
1518792068520370183
1518792067073417216
1518792065143951362
1518792063722168321
1518660750620954629
1518328695668330496
1518328694162567171
1518328692023468033
1518328690396078080
1518230045495640066
1518053281985183744
1518053280479420418
1517979596234317824
1517979593822593027
1517979592040103939
1517916473922138113
1517916471971700738
1517845922398588928
1517591441291284486
1517591394617024513
1517591393396477956
1517534313843146755
1517497883385335808
1517296300441669632
1517270115338838018
1517270111786356736
1517249260777086983
1517249259220971522
1517214775511506945
1517214774009946112
1517214772546215937
1517132544239714306
1517132542935289856
1516921632266334211
1516921630567636995
1516876073505628162
1516875908103168000
1516847776721739779
1516810872928276495
1516775648739700740
1516775647548485636
1516563727453143045
1516517594249023488
1516482968772280321
1515678898394218507
1515462941046460416
1515462939641266189
1515462938244562944
1515399396724297729
1515399395193335810
1515359366190297089
1515319342799409155
1515040371763466243
1515040370199089177
1515040368370372609
1514990170138894345
1514990168511586307
1514753591478833155
1514753590048571397
1514724213881511943
1514724212811915264
1514675709171707912
1513948254978949124
1513948253598982149
1513948252294496261
1513298943966330884
1513298942804512775
1513298941621719042
1513273607471910925
1513273605953671175
1513245283932647437
1513245282691125251
1513245281105633292
1513216559480721412
1512948361338437641
1512948359480414208
1512901277117816832
1512901275955957761
1512885804439416834
1512885803244007427
1512863197140766729
1512863195861557251
1512520051668180995
1512485814940405766
1512485813682069505
1512485811539038214
1512245182648963082
1512185664359567382
1512185662870540290
1512174270788640772
1512174266577469443
1512169991617011713
1511856347029164034
1511856346098028545
1511856342864125956
1511828778221293568
1511828775926964227
1511725763770343426
1511725695306813445
1511457785137012745
1511457783689920512
1511429055802920961
1511415527369023495
1511415525989101584
1511415524672028679
1511415523417989121
1511415521756987398
1511356136062074882
1511009086850088966
1511009085419835395
1511009083993862154
1510753020564455434
1510753019658387460
1510753018693787650
1510753016932179973
1510724503583797253
1510724502405136396
1510724501109149698
1510680537152868360
1510680535366094852
1510651283136471041
1510651281664323585
1510396211735502850
1510396210431119364
1510369936379727878
1510369935356268550
1510369934299353093
1510369933322080266
1510324947679387655
1510324946295267332
1510324944726630400
1510000547981631492
1509643252676370433
1509643251258736653
1509643249648082944
1509316189914345479
1509316187607511043
1509316184151371779
1509275326974734337
1509275325775106051
1509275324659470338
1509275323422199815
1509275322092511235
1508981185212567559
1508954674912768000
1508954673641926663
1508905329068761091
1508905327705608194
1508845214173212675
1508814570214895629
1508814568210014219
1508568944965267461
1508508728445833218
1508229223521165319
1508143542518046721
1508143541352075266
1508143540328620037
1507863416316309505
1507840698502025217
1507826893457928198
1507785915409874957
1507785912993914885
1507752084485165066
1507752081800765440
1507490366727016453
1507414909755138049
1507414905183375364
1507019370727321600
1507019367468437511
1506740583695532036
1506740582273540098
1506731830090911756
1506709817074888704
1506709815736909840
1506386970938941442
1506354333121716236
1506070162465865741
1506070159391444992
1506070156597940231
1506070154039418881
1506070151489372168
1506070148624572418
1506070145902522369
1506070142408699906
1505913900272918530
1505702984168226822
1505686524238745625
1505686523047464964
1505649013592309766
1505649012464132104
1505649011423948800
1505620519927918592
1505620515960070146
1505592011730079749
1505592010685702144
1505572144490717187
1505352983751626757
1505352982740746240
1505352981742596096
1505352980903698434
1505323055022841862
1505323054045532170
1505308123791245314
1505267914299088896
1505267912009039875
1505230784822661125
1504917363946311682
1504917362541309957
1504890547781214214
1504890545566535681
1504890542982930435
1504863100582957057
1504863098305490946
1504834323421278210
1504529567695912972
1504529566378962948
1504529564248293379
1504466808623017986
1504466807280783362
1504206464658952193
1504189305190813700
1504123950556721155
1504118938015350787
1504118936497008646
1504118934957707265
1504098173027033088
1504098171907158019
1504098170724405255
1503910657619546113
1503910597234237440
1503839653920743432
1503839651081170949
1503825170234019841
1503744409376022529
1503744340555972615
1503744237438967814
1503473961979596800
1503425423400652803
1503425232845119497
1503396372137058309
1503157357416783874
1503157356045410306
1503131938693029888
1503111853957955596
1503083038690926599
1503032170381721602
1503032168691425285
1503013360438235147
1502734311061131273
1502734308955594755
1502712770265034752
1502702546883944448
1502361556683825158
1502361555207393280
1502361553642868743
1502356037814341638
1502327386204954631
1502327384900612097
1502327383512203273
1502144021141106689
1502075931791347717
1502075928876396546
1501955861069107202
1501955859697516546
1501763397054083073
1501665937992429570
1501608196116557829
1501608195189620738
1501386685283807234
1501386048202584064
1501339491935694852
1501283224244436994
1501283222499569667
1501283221245358080
1501283219710390277
1501273553370431489
1501273552288468996
1501211904748007434
1500885925412356104
1500601432420012042
1500527920967782400
1500508107872608261
1500508105251172359
1500492641489887244
1500492638717415424
1500492634590269450
1500327284884049923
1500318715367333888
1500318714285244416
1500220680700407811
1500193836668231681
1500193835565166593
1500167637644496903
1499909608508436484
1499853211238346757
1499853165491113987
1499778872551911425
1499534300626173952
1499529389570240517
1499529387246510080
1499513289532977157
1499513287964250116
1499458092614000642
1499433793551224836
1499433792137838592
1499425876500492288
1499425874634067975
1499406566637936641
1499406496240746497
1499207112815267845
1499186526764347396
1499186524948160523
1499186236774400002
1499164895199305739
1499118088834461707
1499066700930719748
1499066699336851460
1499066697780809731
1499066696182775809
1499066694530179082
1499066510383501313
1499043736722055172
1498867576205627393
1498810395385077761
1498810394298793986
1498810393178869761
1498805920607973376
1498795782144671748
1498793622745010176
1498779817013096454
1498770139537412096
1498748162588254219
1498510502984622080
1498476943699812353
1498423256625336323
1498384302098337793
1498119988376444931
1498102537496449030
1498037844350324737
1498019509587824645
1497736229365993473
1497724940262551553
1497702069813317633
1497644379145707528
1497626859546329092
1497342661124100097
1497336152583462918
1497297770394308609
1497226207267536897
1497226205459795968
1496926217295081482
1496903843124334596
1496719764701470721
1496704255939563522
1496610910571581440
1496591477102850051
1496581845051449346
1496566843913510919
1496203625940537347
1496147580669116421
1495878130661212161
1495534496405467137
1495481481925386240
1495451879840653325
1495451878519459851
1495451876854276097
1495149605931130881
1495097985168035844
1494850984614543368
1494850983016415234
1494819589192093697
1494679994286723081
1494490644156452865
1494460771631341574
1494439220227756033
1494439218336215045
1494438986059857924
1494408136559583245
1494147339673550851
1494093683947302914
1494086830274322436
1494081080185569283
1494049695764787204
1494032223774941184
1493771707009564680
1493771705671688192
1493727321605480449
1493710927996370948
1493678582224371722
1493644699785117707
1493388436677574656
1493388435582820354
1493373489948114947
1493294093430108166
1493273868450029571
1493273867367948289
1493273866151600134
1493273865010692099
1493273863609856006
1493069017774448641
1493004928951934977
1492909594099732482
1492667484574519298
1492667483685277697
1492641837085073411
1492626799389556736
1492599596606005253
1492599594299101185
1492599592017448969
1492583807786131460
1492331318272835585
1492331309770936322
1492301958530707457
1492278827044806663
1492278825861931020
1492278824649822208
1492278822980493312
1492278821806030850
1492278819222396935
1492210746402426882
1491976606654607360
1491905377176326148
1491896345036308481
1491844087682678786
1491803712972488710
1491803711252754444
1491581762073468928
1491581760739627008
1491581759309459465
1491581757728215041
1491556324097859592
1491541176771563525
1491541175379107840
1491541173986541581
1491540925469929478
