1534589843946209283
1534260374362591233
1533890336833122307
1533839619720105986
1531993308284821506
1531735186651729920
1531264015824977922
1529184902171791360
1527290139923255297
1527050545969741829
1527050544803631105
1527050543679643649
1527050541414727688
1526995526297829376
1526658947763011584
1526311002521931776
1525171359856398338
1524801768298799105
1524420044666642435
1524416167804391425
1524046303373795329
1523306728049487872
1522622963278884864
1522267605335162881
1521952887089377282
1521937876803543040
1521899304444735490
1521899302976729088
1521214282360360962
1519762133478686720
1519742723384877058
1519708443770331139
1519696583146840071
1519693677148479495
1519689666634604545
1517507295713898500
1517162144936124418
1516025393899257870
1515677923193327620
1514650749770285056
1513919810207371264
1512482383143976970
1512482380786769924
1512081859097759761
1511451432867840004
1511404822901276676
1511362933003071488
1511037145204637696
1509940563243581454
1509919405593042952
1508882189089488911
1506649970325467143
1506303209371049997
1505919660470018049
1505190385613684736
1505190384464543751
1505190383093006342
1504893616543739913
1504467646506582016
1504170718442962949
1504128294589018119
1504113758557376514
1503776569818558467
1502384890343526403
1501675028932403201
1501610979737624579
1501229609089527814
1500928548151906313
1499507141220184069
1499451781801287684
1499125691991924736
1499116961841795076
1498861520582815756
1498742408762339333
1498705868350754817
1498394842723983360
1496966168523194369
1496608348451528715
1496178720377348105
1494774980680327170
1494766800986427397
1494719533067689984
1494017904353894405
1493232753516679178
1491849445864099842
