1534648190405836800
1534647771755601920
1534647572136136705
1534533356398039047
1533910301380333571
1532868465693949952
1532443186718818309
1532443138597568527
1532377384300732416
1532377318202777600
1532118537707438083
1532057293021294592
1531739988903215111
1531739884402184198
1531738678225211392
1531738588647460865
1531687123660808195
1531259142723104768
1529248792465362946
1529093501849415687
1528856379385077761
1528074830322475008
1527754438990909442
1527727297226317824
1527383383772434432
1527382916724322304
1527382518629998593
1527055542849523716
1527054976140337153
1527033533449089025
1527033178174652421
1527030792781692929
1527030028118130690
1526666799714025475
1526666465570697216
1526652809982222337
1526652594428514304
1526335139273383937
1526334963011964929
1525187198303277057
1525146635722018817
1525146248826785792
1525120073458917376
1525119465452601344
1525115801413554176
1524854376036179970
1524836584780189697
1524787067770789894
1524514735093334023
1524415931019051012
1524415662948589568
1524415371826143233
1524180235255697411
1524106860168630274
1524082458626568193
1524082128690061313
1524081850720956417
1524015989733695488
1524015757427888128
1523801184775155712
1523390694538477568
1522695492009877506
1522674702015209472
1522314948189339648
1522256842444976135
1522217932796833803
1521992657941237761
1521992109653467137
1521929847500640256
1521882914358763520
1521862832266088449
1521562763163803649
1521562421940346880
1521234621622595585
1520391267271819266
1520136504902832128
1520111376479531017
1520078111995572224
1520077655139360770
1520055287247421442
1519756701922205696
1519430641691078656
1519369717311541251
1519369242663165953
1519320923991592961
1519320422814257154
1519298467407044608
1519089155707490304
1519069211175309315
1517597509362855938
1517593238990905345
1517194802957361157
1516448382381957130
1516122212285173761
1515676457640632323
1515344268700749829
1514982637831602181
1514790683869032448
1514721611039055881
1514628994368421894
1514034714725736455
1513617903362445319
1513616874348716040
1513616573919023114
1512907668230397957
1512907292966113283
1512504994792189957
1512479362989309954
1511695476629852169
1511441072806936579
1511345559872970764
1511345121220075529
1509643000380600320
1509293334292017158
1509284061704908800
1508813614064586752
1508551914832764934
1508477259451097092
1507468261025193985
1507451344965148673
1507438852260208647
1507402079706484749
1507108664489951234
1507087953872527361
1507037429492076551
1506736253345087488
1506698513777844226
1506653647006019592
1506014877604798464
1505987452430860295
1505978495758966789
1505939248347762697
1505170524569280519
1504902120314753027
1504593428453146628
1504584574222934029
1504237623572934656
1504108598028288008
1503850073658175502
1503451262565724160
1503398603729129482
1503382852385320961
1502705986221621249
1502660697871716357
1502413111021772806
1502403841505087493
1502403196811157505
1502402663702568960
1502378592298225675
1502336006699298821
1502320798257893376
1502056709640044546
1502044588260958209
1502044327777865730
1502031115770605568
1502021325593919490
1502020995384844294
1501940445487632386
1501687466532683778
1501652987701342213
1501338183493201926
1501323537457496067
1501323123236425730
1501279308861648905
1501216325842214913
1500957827619299331
1500923949936427009
1500923549795631105
1500886514238201860
1499765508450705423
1499765281232728079
1499148456564301832
1499057407816777730
1498878494889197570
1498801898572464129
1498780067677224974
1498472916421337091
1498408410622185480
1496970803472175106
1496970733439774747
1496933529393020928
1496933446513577984
1496572014991224834
1496206792241598465
1496206625861947395
1495767766523076614
1495058091297042432
1494799121638899714
1494798737671176192
1494767217396834304
1494738348681969669
1494738150886936580
1493722745426747394
1493305351848009737
1492483634657468416
1492214035676286978
1492150023177576455
1491894855005528066
1491884458223579143
1491851797807472640
1491822351834656775
