1534644720110034945
1534621538858717189
1534608549199896589
1534576143566835713
1534556380375535616
1534536044628025344
1534326017078222848
1534325974359212032
1534274044736028672
1534265524716199939
1534238388001329153
1534236829288910848
1534216862514483200
1534211830457024512
1534205088608157696
1533916233963282432
1533903927279857665
1533854821761032195
1533838996597514242
1533465410967945216
1533182056515133441
1533096991357558785
1532839167167803393
1532826623988449280
1532736338415460353
1532736149864730629
1532736088229482497
1532736021321990145
1532461318661365763
1532442616096342035
1532424816682213376
1532416814570930176
1532416413117317120
1532416377390350339
1532116550014099463
1532099971276754946
1532030215517519873
1532007735310565377
1532007732567498754
1532006377794699264
1531746097835778049
1531733825604173824
1531715016981889025
1531684175140511744
1531684173777457154
1531670031196618759
1531277951274258434
1530633331590803456
1530324836031004673
1530233096079122434
1530233041175683072
1530232995180838913
1529907270296948747
1529875969548226560
1529875920248377348
1529875876220768266
1529875831064891394
1529869240353816580
1529558541832445954
1529540655919288320
1529528473055858690
1529513811216056321
1529504847313215488
1529504795924504577
1529488377153732609
1529210251278438403
1529210249780920320
1529151245637898241
1529151244253769729
1529150712806088707
1529150582375821314
1529130736833421313
1529126865599856647
1529108318899392515
1528828799466590208
1528789575660883970
1528750515433222144
1528750220682608640
1528750191343443970
1528366652584337414
1528160184157233152
1528160157972193282
1528160111037923328
1527795737307799553
1527741692048203776
1527719269600993287
1527693182548467717
1527693136037916679
1527693096129122306
1527678752964108289
1527389509607837696
1527380078304210945
1527364315833323520
1527346484433211402
1527342263172419588
1527338029479649293
1527331776678334465
1527331771276091408
1527311944490754052
1527295603952062465
1527288430677241856
1527035661773045762
1527013932027748353
1527003739617476611
1527003482921762817
1526963989489532929
1526963398021357570
1526962989945040896
1526962943576915975
1526689617860247554
1526663594569515009
1526606728451739648
1526606391666003969
1526606353002905602
1526606312729100288
1526304734721851396
1526300286029021185
1526300226620907522
1526294702445711397
1526256234382479360
1526227658652233728
1526227624078491648
1526227596199055360
1526227572115361792
1526221968361635842
1526221335105617921
1525520322136612864
1525222122490036224
1525216815940509698
1525216814409605126
1525180751850897411
1525180710197370880
1525178626681016324
1525152344467464192
1525141597607936000
1525135583525445633
1525135532736520194
1524891317058392064
1524862722281816064
1524849456809656320
1524827518775218185
1524773209651961859
1524772238918049792
1524772200418525184
1524573088557506561
1524573087047602176
1524573085118382080
1524573082106609669
1524538026575212544
1524492579965964291
1524482279808057346
1524452354707365889
1524410876341673984
1524409186762772483
1524409092294467584
1524150324491075584
1524119889128357888
1524077194208763909
1524042601699098628
1524041141468995585
1524041068408360960
1524003596248956930
1523793417243074560
1523793415376617472
1523781546548744192
1523708391562317824
1523708110501998595
1523697755243180033
1523462240350851072
1523306704683028480
1523301219632095232
1523053519976091650
1522953274780835842
1522953272243408898
1522623938437828609
1522623936793612288
1522623935287865345
1522623933585014786
1522603844349444097
1522603125911310338
1522603093078294537
1522603057527365633
1522603009116712960
1522602927935873024
1522315898454958080
1522315896454328321
1522315894508171267
1522315892654325762
1522315890917785600
1522315889164570625
1522315887302348801
1522315885616275456
1522281148956741633
1522259187257987074
1522259111919988738
1522259085441253377
1522258029688807430
1522250347162574849
1522017258796634112
1522004966231228416
1521929247887089665
1521907343231008768
1521905562266521600
1521891511130112002
1521844524980576256
1521640771501363200
1521608465835347968
1521578801871958016
1521549565266206720
1521523192791285760
1521521563090276356
1521487047684509697
1521297411297230848
1521223780349235200
1521223740830461956
1521223523687182337
1521205579842215937
1521160258089111555
1521160222433320961
1521160185154318338
1521129320491716609
1520887392173006848
1520853601521913857
1520600056092626944
1520426381418639360
1520154574606188545
1520132305729486848
1520112610049511429
1520109073169006592
1520090212411584512
1520088998181580801
1520088945400365057
1519779116798648321
1519762661508014083
1519746825430913025
1519745626245943296
1519745511217115137
1519745447082045441
1519424141916520449
1519392493795786753
1519355691466694659
1519331996660604930
1519061121071726594
1519040565656100867
1519000294759317505
1518979464411156481
1518953064241278976
1518659149332205568
1518634529703010306
1517940607594995714
1517682089130434563
1517648122201137154
1517607756789960705
1517593155444658176
1517587794679549952
1517579583276699651
1517579578734268416
1517555013870133249
1517551558669611013
1517542920999550976
1517535943930130433
1517523769304170496
1517274371655618561
1517265783528767494
1517246939712167937
1517246937661120514
1517183351379181568
1517170466565328896
1517170465491591168
1516908351036133376
1516866990354358277
1516833994289172480
1516833162030202881
1516802889649463299
1516528398016954373
1516492880101220355
1516453510778396674
1516442429485989891
1516210128797720586
1516147621399777284
1516129792323641346
1516117009179856904
1515688763762135040
1515087063221211136
1515026263542575110
1514974872891535363
1514698709380046854
1514678050008490005
1514674563245879303
1514337054204829705
1514276926239776774
1514267759688957961
1514259543936716809
1513968121077501955
1513952418735833091
1513944041800577028
1513944038017310720
1513690108314234882
1513645270378102784
1513623720471969795
1513601617274228745
1513593321268068361
1513588838882553858
1513168023670169600
1512918689837993992
1512863075925438464
1512555784743305234
1512547485943832577
1512532412617699337
1512532411459981314
1512532410264698881
1512532408486170624
1512532407043436547
1512532405676085259
1512162388757426194
1512132587996782592
1512101484296609798
1512095673314856960
1511835274447306756
1511834850474475523
1511765420306583555
1511740815403794433
1511470529689042944
1511447181378605070
1511425438698123267
1511406836607602694
1511381499035193348
1511083657624264709
1511083656193974280
1511057135832031236
1511039585207341063
1510691747961225223
1510275151849562113
1510246920626884613
1509990715098554371
1509967305891012611
1509952761009430531
1509626701483065345
1509609886816083972
1509566950288015366
1509566945946914817
1509542008595132421
1509272565587615745
1509254727531388932
1509253684756205574
1509215516707233792
1509215508922576898
1508926897861939200
1508926894992932867
1508901973294264325
1508886020892368896
1508846826874712069
1508831404636975109
1508585010781073410
1508545549355700237
1508498260704563206
1508471916390236172
1507747419508850695
1507410402061144067
1507362977674145798
1507362971193913354
1507362963602223117
1507112569508614157
1507076478374227976
1506738363193298951
1506710275126444034
1506677131102806019
1506369530053996545
1506340506795708426
1506320684514951178
1506293486542372873
1506061183765385216
1506024007916785669
1506012597858222081
1505998731853901831
1505990426884509705
1505547545052954626
1504999107034767368
1504945895267352578
1504914270244515840
1504890701582061573
1504877548672630785
1504855203979436045
1504642166848638977
1504609854404583430
1504587357323935752
1504568238520389632
1504546031161294849
1504541256281640970
1504532043048394757
1504198703892025350
1504187525983883269
1504165260705546245
1504126178080264196
1503861878149337092
1503839980531167236
1503771509638238217
1503516446042828807
1503479864556408837
1503458567499751425
1503415400306036736
1502687212395241475
1502394235533905924
1502372552399855616
1502121697788448772
1502057076281028617
1502050403868946433
1502035425606647808
1501958734028886019
1501686312038019082
1501673857954074638
1501655446272282637
1501319838853181443
1501293272123068417
1501236453413695494
1500993036276408325
1500937856398811141
1500505708349042692
1500228088927510529
1500147641908404232
1499867741129523202
1499852366996283398
1499811039705284611
1499811038149197829
1499792693450395656
1499435677070598147
1499123949522796544
1498888432973713411
1498771184325910530
1498742089538015244
1498741082502406150
1498723270648115204
1498723264419540993
1498399346810929161
1498392491376189447
1498348800267755527
1497311701510746124
1497291343957274624
1497291342808027142
1497291341537161225
1496950607273508864
1494764338447540228
1494334547550294023
1492892331246301186
