1534651500911382531
1534634009770311680
1534616187920961537
1534604284372860929
1534566425406447618
1534272542130716672
1534206555280789505
1532817459912351746
1532771163625119744
1532755327011143680
1532427688392151047
1532398155505053698
1532088057251475460
1532003183479996416
1531275033087205378
1530243752555696130
1529938537499574294
1529918772743655437
1529880159817441280
1529824276064284672
1529497233569239042
1529213384348119049
1529184998011592705
1529131767256555523
1528865388418650112
1528381840813350913
1528046042779901953
1527707249153560578
1527368762222993408
1526983387499610114
1526968962566832128
1526681160729956352
1526636368356691969
1526574430083768330
1526352983767891968
1526293183121989638
1525933527686070273
1525161523122999298
1525129766378033157
1524905527494463488
1524843765285933074
1524459748967526400
1524423848799649793
1524174582730657793
1524157801425248256
1524147272312893448
1523767339686461440
1522624984019083270
1522616404104597519
1521943188231143424
1521634667476099072
1521605894609551367
1521567782135078913
1521567778523734019
1521536159851159559
1521524604166189058
1521306858346229761
1521294553378004992
1521223500970741760
1521223462462930945
1520222781601992708
1519796180150013954
1519739076479496194
1519677273179406339
1518436129049128961
1517577978678583298
1516471282979815429
1516099567854440452
1514732572588355593
1514732065408929792
1514648756544811013
1514628103036932107
1514356880986054656
1514293609671106564
1513603536394899465
1512154815295635457
1512133353348247552
1512076810099429392
1511844251113566212
1511820326400835585
1511480049668661248
1511460204537339905
1511044016401522691
1509618871296217091
1509612895671394305
1509575947128819726
1509245591523667971
1509241404467335174
1509234387396837385
1509183352703791113
1508918135625289742
1508906589343916032
1506660613396877314
1506333658088673285
1504929415532363785
1504922568922472461
1504919426780614658
1504915796497211402
1504857374598782983
1504479542110404625
1504463821775286275
1504170681524793348
1504153332377690113
1504124794295488514
1504115085131894786
1504096538393550850
1503820231730413578
1503820185312112642
1503762334292090887
1503750928519897091
1503749335435067407
1501966291556569089
1501726905623621636
1501644691388964871
1501310331141955587
1501297273455611904
1501256913551560709
1501244759440035842
1501242108514127873
1501235400332959745
1500890688875024387
1500855468373258249
1499868740707565577
1499850261107548167
1499836275091718147
1499822972223340546
1499783064796475393
1499062453543620608
1499031528516595716
1498858554975002627
1498858474712846340
1498856383541882885
1498854495211728896
1498853410329747462
1498851803177312257
1498850994196725762
1498850118929367043
1498849459345702913
1498846875314802692
1498845292564824074
1498801662068244483
1498794396979978241
1498776524929089544
1498702712191475716
1498678394447437826
1498428920164753414
1498333709002489869
1497248334804918291
1497236105049133057
1496855777369329666
1496854077761900552
1496605144632414209
1496593766613987330
1496593724637339662
1496579624448446473
1496539355686612993
1496537233049985031
1496505129104719874
1496229836091707402
1496220471469256704
1496220320679800841
1496177662024429579
1496175882477711365
1496175801963790342
1494732275619086336
1494718898083672069
1494427989806833664
1494427739679608833
1494402533518893064
1494372483989975047
1493344397706027010
1493301514189869056
1493299385748316168
1493284185494147079
1491819324297854981
1491807993058447363
1491787678752276491
1491777279504142339
1491548754251497478
