1534672369289252864
1534642491621793793
1534642257374203904
1534620238142111746
1534610116380590081
1534587650421792770
1534532383776579585
1534530783167258624
1534304444623507457
1534270964095238147
1534186668361666562
1534176985597059072
1533901960881090562
1533851477504139264
1533784519114899456
1533563814574178305
1533451826728538112
1533185573489233920
1533109824010866689
1532799448866340864
1532737212294496257
1532463759985369099
1532441915056177153
1532416098204798977
1532402686502518786
1532368802507259905
1532118792788131843
1532065069500362752
1532020598519566345
1531761689581957120
1531666978183725056
1531244038883401729
1530972238559686656
1530609852015206400
1530549453978886144
1530247463881347073
1530217515451916291
1529926476329631745
1529892062602084352
1529885155594317824
1529570036477837315
1529459846969532416
1529190333850038276
1529143430349213696
1529093471901999110
1529088675832811521
1529070456644304896
1528862334982098944
1528831009755742210
1528790483459244043
1528756023879663617
1528722916900327424
1528435019403776000
1528368581603254273
1528066088793153537
1528003425413242880
1527796747254345730
1527711511770275840
1527684082599092224
1527654623145762816
1527427633121615873
1527399962023276544
1527366198056611841
1527302261822541827
1527287849493708800
1527065243700056064
1527037225820688385
1527011956569300992
1526995124781256704
1526957135455735810
1526945906435796993
1526922342210887681
1526919609655369728
1526896804779986947
1526896802686984195
1526641867667947520
1526549914821480451
1526345573934239745
1526315194774847505
1526244956356108288
1526226930936303617
1526219639105237003
1526185950551736320
1526033749800099840
1525935298277806080
1525874648876998656
1525807707256545282
1525508989211004928
1525466458993528832
1525203346671419392
1525120506327973888
1524879594507030528
1524842465345294354
1524780838205931525
1524780837073563650
1524780836062744579
1524780834061942784
1524775214487330821
1524762784537403393
1524746904294227968
1524530038422482945
1524496775444418563
1524437823511834625
1524400057159667713
1524387639599812608
1524380556619829250
1524358665150640131
1524165385704161280
1524136061508763655
1524135624567140361
1524097175613018118
1524069189505490945
1524046843189022720
1524024304429580291
1523761680333045760
1523677400357253127
1523666052550643712
1523662641666748416
1523426179356979200
1523413430954299393
1523326032132153346
1523277283942838274
1522990141689810951
1522967557527183360
1522939810259869696
1522720771885486084
1522711886831177728
1522681639771463680
1522641395881758721
1522632368221270016
1522589962838941696
1522351644981272578
1522301960589819912
1522266866252759040
1522208448276049920
1522204231133978624
1521986528704032768
1521963561681104897
1521932135388655620
1521904048533868545
1521862219956252673
1521847000295215106
1521608172364079105
1521587995597578243
1521560605383086080
1521560530774810624
1521525459326050307
1521525456738074624
1521475353922920448
1521249294669463552
1521224190321479680
1521184913642471426
1521156362595676166
1521136207236943878
1521130135960752128
1520895590913257473
1520852556641091587
1520795682336083969
1520767719347572736
1520473307555848192
1520381200958906368
1520126933702426626
1520126932716867586
1520126931106250752
1520103680749584384
1520103661585772544
1520088667175411714
1520088665875173379
1520052910016638976
1519781303264153602
1519714353825656833
1519671357159747587
1519433064266571781
1519419433860665344
1519405459882622976
1519378199003680769
1519347320915124227
1519328037975863299
1519311183798489088
1519056394632192001
1519003762639216640
1518949095695654919
1518706810286444549
1518677886550618112
1518386804071837696
1518232282989047810
1517989600052097025
1517900549525540864
1517874256830414850
1517862075292393474
1517695966740193285
1517634371917959170
1517568245326360578
1517552633552117760
1517529690931666946
1517483868621844483
1517257612940746753
1517224373350019073
1517185043818557440
1517143700341551104
1516916944040988672
1516872330001137664
1516854965813354498
1516839920077348872
1516488933357637636
1516460850453917698
1516184549369298954
1516161016173899782
1516136307004788741
1516105186795786249
1516079569694081034
1516066104887631874
1515661854126731265
1515394341182873602
1515362380510769153
1515316830352470017
1515090086471294979
1515057445621616647
1514998734559580161
1514944627991851011
1514706847864967168
1514613424772116493
1514352224658345987
1514305164307480580
1514276196984532997
1513995121263620097
1513947908223246345
1513862852448243714
1513531908097032199
1513519990456012804
1513195854647246875
1513142755127562241
1512868950912094210
1512787664960835589
1512533886722531336
1512498258253385733
1512458490924736522
1512217862538252292
1512156541801177092
1512144663028850699
1512099017567752208
1512099015948746765
1512092564635197442
1512067341147725830
1512061192843546629
1511837403601797122
1511774523896573955
1511756378083319810
1511735734025310216
1511721382983479301
1511703899144691716
1511700752837844996
1511475848515358724
1511450600134914058
1511435621616824324
1511423472014180352
1511391094394789891
1511345888702173185
1511340803569991690
1511312705814253568
1511118667752345601
1511094665013039107
1511062244414603271
1510985792008560642
1510979829553901582
1510743948293148678
1510687644048662542
1510616861045506051
1510320911093751818
1510290712130203649
1510260261344710665
1509986496933244942
1509959107004014597
1509700850272325633
1509631871134674952
1509587929705992194
1509577726776258560
1509573363378839555
1509554519973281805
1509534772204388353
1509297337071460359
1509218076125974546
1509191574630158336
1509173845856595977
1509168667837280262
1508918872430235659
1508867566122549256
1508822862542647307
1508517941893029900
1508455254299447300
1508192888756178947
1508151868559532036
1508091218953220101
1507788977255952398
1507743678843928582
1507704420691288069
1507541084490149903
1507449513610559502
1507392321393991691
1507373613086912513
1507341474609967105
1507102426419060752
1507073495724920834
1507060484314386432
1506994728994316288
1506772026463191044
1506754010908352514
1506723911366586374
1506719565207777288
1506676326970937345
1506660890824822788
1506638644584628243
1506629042694500365
1506402340517068803
1506378445042987016
1506357024040407052
1506292622498934791
1506286412886417408
1506249527426174982
1506241251179483141
1506046747314847748
1506025592596189196
1505983528898596869
1505981301874216963
1505981278969077766
1505981266407088132
1505981250489696261
1505981223612604424
1505981197226233856
1505907580765450242
1505676809744093193
1505574202522361859
1505206789800931331
1505168460690563076
1504900223528747013
1504848556431134720
1504574798696837131
1504521801438830599
1504511761185222657
1504473424957083650
1504447581602168839
1504233549804802052
1504195442317402116
1504161513556295681
1504093500006178825
1504090738061152256
1503851047743279104
1503805258920861701
1503741444259029004
1503707769546891270
1503461932279504905
1503435939875782656
1503383004739215366
1503076676850184193
1503008729742123011
1502735679901429761
1502692143688683528
1502652381032419331
1502404684895735813
1502404683150856196
1502404682043609091
1502345865612173322
1502345313503301633
1502314237338730497
1502126809734864903
1502085613247418397
1502062908070670372
1502062906195816470
1502051463455035398
1502050090000732163
1502031780177747971
1501961901324091393
1501953689300475904
1501953688138563590
1501945845016502272
1501920568077320195
1501684159290519564
1501657465561169924
1501647103197687810
1501637879587606533
1501618305353887748
1501550369746432000
1501339218852859906
1501304417231978502
1501259313469399048
1501258680058228736
1501241628694138887
1501210928624418821
1501194045946843143
1500958970403602434
1500919112515661828
1500897946883272704
1500871933549813766
1500548518166945792
1500510825060212736
1500157186600849409
1500121957412614145
1499838507396784131
1499794433142894595
1499792871490265092
1499751911213445120
1499533327379881985
1499470646929248258
1499447340649914372
1499409125524094985
1499160841752621065
1499153025071562762
1499127110228664323
1499035643539767297
1499020541214269440
1498885350533517315
1498810763888279552
1498801060760240129
1498767037325316107
1498721521791033347
1498671413439442953
1498448956413644800
1498416772470702085
1498388971466141696
1498353389750702085
1498343659682545668
1498326364201811968
1497955683337064448
1497679767465869316
1497660835312848900
1497638342434988036
1497587759426387969
1497353216186458112
1497329922825728000
1497320968850534401
1497272898519805959
1496988043579998209
1496895109152980992
1496895107076919305
1496895105298489344
1496895102534680576
1496604138167226372
1496578826683490305
1496533135928004615
1496510970377785348
1496510960160411650
1496266226166861826
1496249849133547525
1496235416466432005
1496210285664907266
1496210222423195651
1496182140589031425
1496158980791582723
1495783621331931146
1495745621172494336
1495556848535150595
1495431299439345665
1495418073205063684
1495096342703751172
1495037957614432257
1494769180561883146
1494764053801091084
1494738551841640448
1494695334802513922
1494695328121040899
1494385776376913929
1494327029168099335
1494320364188577793
1494086954618556419
1494083180860784647
1494016900266872834
1493972582093238275
1493960967423672328
1493738374485753856
1493725019943415814
1493693685283930117
1493693684130496515
1493657274887426049
1493598410246696966
1493367303647420421
1493305165679575046
1493277804984741888
1493241873166524430
1492910629132419077
1492537229893201920
1492499229842948096
1492249920023285768
1492221165770846213
1492183076599914505
1491890546213851140
1491843014788100101
1491817522068348928
1491780829437116416
1491776805761699841
1491547678769135623
1491547676697104392
