1534581358445592576
1526995772381745156
1526995766807494659
1526635098883465217
1526635096341626884
1518227167779471360
1518227166143647744
1516129511263420416
1511377078368845829
1511020292935663618
1509593021272276998
1507071759371190279
1506785979646070786
1506318011782860805
1506318005336223750
1506317994560995329
1505210249703313408
1502051977651441670
1502051950099062793
1501249017589735428
1501249016239169540
1500229008616738817
1500229007203344389
1500229005701697537
1495371319914991618
1495371318224691200
1495010675306995715
1495010671607664641
