1534658242181308416
1534639249118711810
1534634692598812672
1534622198463451138
1534605024478765063
1534604961719402497
1534598070276706306
1534595297837473792
1534595219894697986
1534584398611349505
1534577776862318592
1534577644427255811
1534577570716561408
1534573556822118402
1534530349505687553
1534525017890881543
1534291278732660742
1534278092822351874
1534194795173842945
1534194403392233474
1534193683322617860
1534183506443702274
1533908533489573889
1533824927534567424
1533065781570830336
1532776063331336198
1532770615458938881
1532746255897702408
1532499608768860193
1532485839728660482
1532448842033119234
1532361352165335040
1532087055722893317
1532071661893083136
1531740685887590402
1531740647711031302
1531683258777346049
1531371516054609921
1530263669895987200
1530257591309414400
1530164110985502722
1530163456967593984
1530155646942908417
1529954298632802310
1529911446317965312
1529192575428853760
1529189402165268480
1529186289060155392
1529185655082717184
1529181365073088513
1529179641482813450
1529174165646888967
1529173940081500160
1529161590099939330
1529159445669810177
1529158261852712961
1529121469757800450
1529121407338176513
1529121327482822659
1529096040351248387
1529093945573228547
1528877421902327808
1528838134712217601
1528769531124105220
1528072313685815296
1528060501992906752
1527829450443919365
1527792840650235911
1527706449048109062
1527703207039975426
1527695528955453442
1527644996035391489
1527617085530054657
1527344978329862144
1527329832878542848
1527309328767946753
1527288711838318592
1527285724827066368
1527284205046177792
1527279572508504064
1527276704817123329
1527275954896519168
1527275810402476033
1527249045948858373
1527249004383305730
1527091377653354496
1527067568036630530
1527045483897700352
1527031276297138176
1527030548836786176
1527023364103077890
1527022037839003650
1527021300622950401
1527017440353345538
1526997005750489089
1526996945432092678
1526984682331594753
1526974222932795395
1526974192511483907
1526974139080355840
1526969098021765120
1526956633967931393
1526955832788787203
1526941982408310785
1526941784697348099
1526927814758391808
1526926273259372545
1526926167441297410
1526878255017603072
1526878158296862721
1526877886749229056
1526752991566614534
1526727701423443971
1526714322805833730
1526690022178574336
1526656551142014978
1526652682970222594
1526633878588366848
1526628328018526208
1526626500656697344
1526623667186196482
1526614342594174977
1526605026721992704
1526601355619606529
1526600644823588871
1526599892919111680
1526597131796205568
1526518390839549953
1526381651776913409
1526330390050373634
1526286944111558661
1526266287701254153
1526262564832718848
1526260646500831233
1526245167824445440
1526237154309029893
1526237095932608512
1526237054891327490
1526237007923621888
1526236951606697986
1526233548063137792
1526231265241968640
1526229232459849728
1526227787601874948
1526225344361005062
1526224040335114243
1526222450693898241
1526219535535292418
1526217309848625153
1526192732603133954
1526192687421980673
1526192643130241027
1526192576700764161
1526192515904413698
1526192444903247880
1526191632978165760
1526149937255395331
1525924225235750917
1525833921690312704
1525542688862478339
1525496961067098112
1525455550867197953
1525200889019092999
1525199655784665088
1525145144252571648
1525142631977738240
1525113630139858947
1525079733561659392
1525076651066986496
1525076617172865026
1525076551749992454
1525076540152750082
1525076513841979392
1525076484955820032
1525076450860224514
1525076422309646336
1525076406446739457
1525076382555983872
1525076355255246854
1525076320845238272
1525076217799528449
1524852518798471168
1524848942994931724
1524842058271313923
1524802245082206209
1524790859446755328
1524790355849273346
1524769302934704129
1524767918944366594
1524765702187585536
1524765662186553347
1524763406716256257
1524763047566401537
1524760203991949312
1524760129769517057
1524733438628048896
1524726314342752259
1524714659189776384
1524705613854482433
1524705418118897667
1524705328021094401
1524705174320787456
1524697325590958084
1524550541984124930
1524519352829100032
1524517583852130304
1524463115479490563
1524454676246278146
1524451356739878912
1524439894797471745
1524434264024039432
1524427945997185025
1524427559026446340
1524417563131879424
1524414078227263496
1524410648490397697
1524408714895273985
1524407643313676288
1524392848304521217
1524391891147665410
1524391485357101056
1524373337622908929
1524366398348275715
1524366351061688321
1524366265829179392
1524366073667141632
1524186041443401740
1524157982770184199
1524129108774563840
1524122250647158786
1524111322237050882
1524110235157381120
1524106984483700737
1524088251820126208
1524087777016659968
1524074406833799168
1524072148922421249
1524072005024235523
1524071948006924294
1524029044722962433
1523984297056690183
1523984238852415489
1523984205746774016
1523984157399003137
1523756346109140992
1523755924858433537
1523686029445804035
1523473974503608321
1522925867491594240
1522689038662180866
1522666488779448322
1522666412849913856
1522611458193903618
1522579550164688896
1522564352754212868
1522563490531057665
1522530064025460737
1522290593803739141
1522264387196755968
1522214438765428738
1521954367510913024
1521896944674738181
1521862198498320384
1521496687289810945
1521213293356007424
1521209577718665222
1521114968699113472
1520496260381347841
1520151599028609026
1520137732084977667
1520093997867352066
1520069803779710977
1520069743696297984
1520026634249777154
1520020231346962432
1520014204761214977
1519774724783579136
1519756776127832064
1519752251287474177
1519738795217805312
1519717116374564865
1519707468628217856
1519705039748710402
1519703202253443072
1519703176173211649
1519700919906152452
1519697853945417729
1519682878539550723
1519682366284910592
1519673943812096002
1519673895711907842
1519673643344834560
1519673556975730690
1519673521143750657
1519673461391732737
1519646554298138624
1519487786524499968
1519474651365318659
1519423222156079107
1519404292247101442
1519404252480876549
1519367952759468032
1519364402813747201
1519332939879923712
1519315564560367617
1519315462940762114
1519315426576060418
1519315389775331328
1519315198078824449
1519122230604705792
1519101861499965440
1519101222736834566
1519063391335329793
1519063093028225024
1519029881966891010
1519028940572086274
1519024536045375488
1518982001902116864
1518958646612353028
1518958505243328512
1518958272568512518
1518958193828929540
1518927120487092224
1518743607406215169
1518740089484066821
1518740043866771456
1518724965188710401
1518723889395871744
1518718019643625478
1518717788206116866
1518717724897255424
1518717541883027457
1518665789175259136
1518664887433666563
1518660778903097345
1518650759377731585
1518650628880453633
1518642132629790722
1518634465387597826
1518620009555181569
1518617656806494209
1518613144980971520
1518611310812049408
1518611290276704256
1518609508846682113
1518605666725814273
1518602317469204482
1518594975629512707
1517560731918553089
1517282238676799488
1517229592217628674
1517164322782433287
1517153459018952704
1516944779829030912
1516153688062312448
1516153090700763136
1516101946763100167
1516067595912454146
1516067001827045380
1515775081821130755
1515686497067966472
1515661863899566088
1514379183249661954
1514276743783268353
1514276682013855751
1514270673446879243
1514269945424756741
1514269654767869954
1514241709080731650
1513966003276898307
1513868300706623497
1513587279457099781
1513104883536343042
1513078947516338179
1513078853375127552
1513078793673400322
1512913907047796737
1512561827229675521
1512461568277102593
1512389236065857538
1512388103033729032
1512199287970574341
1512162305374629893
1512151417158619137
1512136229562851332
1512127766141063175
1512127275587805196
1512113882063462439
1512090224137965571
1512078779471982597
1512030428357607430
1512030263399825419
1512030176242282501
1512030130553688070
1511868810382516225
1511867729648758787
1511846827078955009
1511827601223995401
1511827600188002306
1511827599135322117
1511827597973458946
1511827596744564740
1511827595494633474
1511827594257305605
1511827593045155841
1511827591988187149
1511827590864068614
1511827589832359947
1511827588792176646
1511827587726778376
1511827586619478020
1511827583389908994
1511800174292746251
1511795176607473667
1511795105694429184
1511794150131347457
1511780528609013762
1511773919417708550
1511767721133830144
1511762787655163911
1511750586810601472
1511736706525016064
1511729234183602177
1511723787091431431
1511712482737500164
1511703326773198855
1511694989180522514
1511663122486120450
1511662967452061699
1511662830688382979
1511662695367553035
1511450692837384198
1511425438626758660
1511420704079716366
1511395998232424452
1511394802461552642
1511386498716909580
1511383110595792902
1511383077003608066
1511376285792194574
1511350299700641804
1511346554749214720
1511318681069961218
1511318150108921857
1511317964217331713
1511293562088009736
1511293405443280899
1511158417154580486
1511158369884819460
1511107835018440705
1511094252062785540
1511092332283658244
1511083927183704064
1511020161796653060
1511009881179967490
1511004573510647813
1510630981513973768
1510603546982551556
1510368003212390403
1510318773194170368
1510265202478039042
1510239749507854337
1509998221841547273
1509971434751381506
1509955900148228102
1509950296780423176
1509931866744365107
1509898753188278277
1509875347118080006
1509858140296204290
1509693107117375490
1509692879232548870
1509630400469086209
1509616199168110592
1509603662661881863
1509601639434534919
1509601361272389636
1509598318636285956
1509598244552298503
1509598189711724545
1509553560211632130
1509550327095336976
1509535833124126724
1509509918788923399
1509509712802373635
1509253416102645763
1509237483762028544
1509193594602721291
1509177838120931332
1508919221887066113
1508865338863194126
1508840658051780609
1508829024239423493
1508822436296507398
1508822206549135362
1508804535686504451
1508582098680000516
1508569920749117456
1508507068050849792
1508476670260428810
1508126022973235210
1507757101841629194
1507732223356809219
1507447477649260548
1507412691232731139
1507402912665845762
1507381097172242435
1507381016117321735
1507360120900005892
1507349979807035396
1507339150596493350
1507158263334412288
1507131646264455176
1507109681184980995
1507102589783007243
1507080442712834070
1507053460012814341
1507028492352987137
1507028308164231169
1507024784714084354
1506999502753906695
1506999316279435270
1506994274432425990
1506990765154652167
1506754246292738051
1506754207776395265
1506745539391459328
1506743929319788546
1506741831207374858
1506700304149987328
1506651076296159241
1506630267338903563
1506624707730284553
1506421970543517699
1506346066412720142
1506292905832554510
1506252603776192521
1506063819310776326
1505978619453067265
1505942877259542528
1505922378823573508
1505731726991147008
1505714407044698115
1505635778004762628
1505551772512829441
1505365583784783872
1505268871858573312
1505193198003666950
1505017882245226498
1504942983183061000
1504919206336376833
1504894635965136897
1504889145512153099
1504879365506703366
1504879016070819845
1504862990981607425
1504862863265042436
1504844646077378562
1504844310461571076
1504832996670586895
1504828429031690240
1504789880991371265
1504789817867051012
1504557982096531462
1504552624456089600
1504550974077251606
1504550883484487691
1504541794096320517
1504505313034219521
1504474323746058255
1504449386826416130
1504448924530184200
1504448876438241282
1504448708464758785
1504448601052913672
1504246851578572809
1504188906018942982
1504163337323565057
1504139813963792390
1504087456655675398
1504087396106870785
1504073281619599366
1504069664493682689
1504069627357376512
1504069574756646914
1504069510982156289
1504069456854761477
1503860603777073155
1503809248442081281
1503799853306028032
1503778316700073996
1503764570497716224
1503763089656889355
1503760737654693899
1503727651214737414
1503727498043006977
1503727397572870145
1503727278248841218
1503510091005321222
1503401674618150913
1503394063378227216
1503394014070034432
1503366614636445699
1503002547166003208
1502654169529913349
1502642138810667015
1502641865333555200
1502641510164086786
1502383762532880386
1502368520532905996
1502336828065652741
1502287489003929600
1502281229122641926
1502066342320615426
1502058892125163522
1502057695926493185
1502045766495490055
1502045360465797126
1502044566094073866
1502010009030479881
1502009902398648322
1501987033602048012
1501935958039486481
1501934407166300169
1501933955745939471
1501924836771340296
1501909881363865603
1501713229474635783
1501658582852505603
1501653939346886659
1501630475093356553
1501614518622998534
1501611576243240961
1501610149357793294
1501598656046059520
1501598563159138309
1501559728362635277
1501550861557850116
1501550814070026245
1501550749637038083
1501537721621307392
1501537683268587521
1501537609415376898
1501381916951470081
1501342330476851201
1501299125249269762
1501295440028913665
1501266660073820161
1501264836830941187
1501262804929507329
1501253750853287944
1501247120090836992
1501245306905706509
1501243143861280775
1501242197722767360
1501238638016970756
1501238513014132737
1501222303069356033
1501220033850130434
1501219721928077315
1501218459878887439
1501218066318991377
1501207386408820756
1501014589202485253
1500958215789498369
1500951617885159432
1500933211395923968
1500913401622581254
1500908403392192524
1500905481077878784
1500895462773112834
1500895410067492871
1500889619633692674
1500885113965527054
1500857782681182213
1500853280091615234
1500853233388077063
1500851822550040576
1500817132749271041
1500817086808997890
1500817042462625800
1500816999856881668
1500648261904117764
1500637392771948546
1500572157050597377
1500474197830688773
1500279705244741635
1500264955995693060
1500186633597038609
1500110887306285057
1499841050969575427
1499829022489989123
1499789254083289090
1499774352891461632
1499768018993356806
1499736210805301250
1499574005652668418
1499506532504977412
1499496170506313731
1499483457751334926
1499469515352068096
1499462182475644934
1499444970280914952
1499437555133173762
1499409199079514116
1499406729347481601
1499400353296510994
1499399283820220437
1499397488482025478
1499374999265755142
1499366742468055041
1499366662264573963
1499366595495399430
1499366535533678595
1499366431351320586
1499354919203135490
1499351300072480768
1499193245863227394
1499192243743248391
1499192006031065088
1499139412931846144
1499122162086653956
1499076349725659137
1499074474070654976
1499072979208134658
1499068980438474754
1499057693037846528
1499053253090328583
1499048936035790850
1498867674859855872
1498864110762868737
1498860881937117185
1498860731055419396
1498856129723613188
1498855577665032202
1498855396500516866
1498854954844491782
1498854158027440129
1498853503355207687
1498852062767026177
1498851701658431490
1498851543306674182
1498849299094032389
1498846137612214272
1498845211514048517
1498837745623572490
1498837634994606081
1498816857838534661
1498810390385414150
1498807759533400067
1498804440282841092
1498801442676740096
1498784282533371910
1498778005140918278
1498777104980316163
1498776805368602624
1498776719578304524
1498776502921568263
1498741923770617861
1498741626306535425
1498733766726103050
1498726259261677571
1498713713481863177
1498713630388494336
1498713576818847745
1498687385739005955
1498685956827791360
1498680413224636418
1498679819776757760
1498428693454151687
1498420174793457666
1498406317060415488
1498398619254202369
1498378396144967682
1498321810844172296
1498298536760389636
1497998722667528198
1497554484301549570
1497298971391401986
1497274503256236035
1497271356303548424
1496936063411101704
1496870155233546246
1496712707218804738
1496606829719265292
1496573491230949386
1496571252412198928
1496570428277633024
1496570378143125504
1496570319418630144
1496570262900424711
1496230755898433540
1496228615436046343
1496212724304465920
1496209910664777733
1496206363873230849
1496204551732486147
1496142672171515913
1495985538448474113
1495882963933872135
1495882559770791936
1495882478673969157
1495882460005122050
1494699466871480322
1494508451048869892
1494506195654225922
1494490316581351429
1494472992008642560
1494472914493714436
1494389193857978369
1494358124278554627
1494344458271395852
1494344422171029513
1494344260640034816
1494312120657317894
1494153864894898176
1494102400814231552
1494102346414149634
1494051121165443073
1494001573499965450
1493994867726372865
1493686615184744451
1493686279585910786
1493598170785402887
1493384707379236867
1493344277493080066
1493301364201607173
1493246207996702724
1493230412105191425
1492912870669135876
1492684074598731780
1492665879158566922
1492603161026125826
1492286408853270530
1492128738456358926
1491969801576755203
1491969720677027849
1491969668403404806
1491939043097075719
1491857007854432258
1491823492316246026
1491795525724631052
1491793484847595520
1491791845730390021
1491780830934581248
