1534685293466554369
1534685292174663681
1534684648726482944
1534636929970470913
1534629574537097218
1534566791904739339
1534562169769140224
1534547181666979840
1534547050725003265
1534526638662230018
1534252952919089152
1533802085975736321
1532736303804063745
1532729660286685184
1532428563051335687
1532405475165229057
1532405020058058752
1532139636268707847
1532133261991985161
1532024890571767816
1531989060989984769
1531259137107054592
1530238529569185793
1529235335829413896
1529165453259587584
1529144455462273028
1528761906235953153
1527353909131751424
1527331906203041792
1527326177647480832
1527305337841127427
1527287285170905088
1527274692339552256
1527272320276090880
1527078878111535110
1527026235280334853
1526940385779630081
1526934896282898437
1526934848602050560
1526720787625000961
1526644882856615940
1526604217565200385
1526544744343654400
1526335895271616512
1526290229312860165
1525320570031710210
1525149347633053696
1525112216210505728
1524852738831667203
1524840644434350126
1524806961102979075
1524770413078884354
1524767743408549888
1524510619415855108
1524424611420643328
1524389646922309633
1524139885824811008
1524066497588609025
1523448949012525056
1522993316228485120
1522679226805194752
1522657025146109959
1522592748028801024
1522327138917093376
1522326372122861569
1522269162340601856
1522205713329795072
1522069150146912259
1521948791225659394
1521871418484477953
1521570227842129920
1521126824197169152
1520411397556944896
1520408587675312129
1520074334911582208
1519840715194445825
1519839494681374720
1519724825232777219
1519724744760774658
1519675269312823296
1519492573278130177
1519353640800161795
1519309024138862593
1518994163995394049
1518991786663895041
1518973191389126656
1518707247551066114
1518704658042269696
1518636527500369921
1518624335367397378
1518076116485001219
1518074705252651010
1518074444010475520
1517524746828607488
1517522716982751239
1517499653847240704
1517239939125190660
1517213443459272704
1517191738888269825
1516819736578994185
1516468888011169802
1516199184252157966
1516196192555872258
1516148223299182592
1516102603683282961
1516099071341219858
1515352277481144325
1515016766480695314
1514624486301220868
1514354680662528001
1514348502108749825
1514339055252787201
1514309767942057998
1514258936152694790
1513988643689484297
1513938609300287494
1513877424483840012
1513875345044385796
1513874612895031300
1513873951096819731
1513723569318113280
1513623349955641345
1513622787482607620
1513557930460725251
1513542515969908740
1512500824341192711
1512500632284016648
1512167863477547015
1512094600428756993
1512077995015475212
1512054223344742403
1512051656799703041
1512047962800762885
1511811821715570704
1511809980986535938
1511799803402932230
1511774488857399303
1511715390711382022
1511686002645127170
1511681987211415562
1511672742629855232
1511447178774028297
1511445167164870656
1511350091025637393
1511345983929659396
1511024775627481092
1511011979141566464
1510382342950600709
1509948474141421579
1509905705830133800
1509582023941361678
1509306357148700676
1509303145968635904
1509205967103303686
1508949333747679235
1508926492557852679
1508852292690358273
1508848385129951245
1508611558892576771
1508539994905919494
1508468635148472325
1507064088198795269
1507051044433547267
1506706044529041422
1506645718928441353
1506380164720119811
1506350145524449290
1506333300041949190
1506280395268046860
1505953612966637568
1505933694346924038
1505028742787342340
1504900878939181056
1504838809900433414
1504622539447877646
1504621892900212742
1504486018044465153
1504471857013002241
1504444118642089989
1504431201305743362
1504428849471361024
1504426631728934913
1504207823118516239
1504116501040832512
1504084178152964101
1504063443338465281
1504061609693655056
1503898579940909062
1503779162976362496
1503767302864609284
1503764148433346565
1503763201384661012
1503761169546416133
1503712359864582144
1503495734271918086
1503495689996750850
1503429982823059461
1503408708801503234
1502350543670370307
1502277905119858692
1502009485807792131
1502005166714806281
1501975366327537666
1501752179178225664
1501740381830098956
1501652635388162054
1501634560328708102
1501591369718054920
1501332750292463620
1501305476834803714
1501225366060691456
1501221085018312709
1501210076480213004
1500922857198690321
1500842559987462155
1499856046847889413
1499815057743654921
1499814804969689093
1499782782498885636
1499549313680220166
1499483585639763978
1499088966066352131
1499077583098585091
1499041369108660226
1498988965487120384
1498847754159894529
1498791381682343950
1498724281869553673
1498687246760882177
1498680842884947971
1498659383118606342
1498653252069597187
1498502006138458112
1498359837356404740
1498338543713849348
1497269198174703620
1496913139224518659
1496601436871970817
1496535300868349963
1496505786847088644
1496326227753414657
1496221440668049414
1496219168349335559
1496136603915407361
1496136398348464128
1494737856903974913
1494073472699482112
1493977681813250054
1493701182203875332
1493695788836347909
1493627953204371456
1493627552409260037
1493624832373760003
1493621875657916422
1493601065475915778
1493255613626949642
1492985515980767235
1492189190284615688
1492124675954073605
1491907664359661577
1491873986472460295
1491872121680711682
1491850410507882497
1491797617948299278
