1534619020661514242
1534557026348634113
1534234273858871297
1532762192835231744
1532731391229800448
1532537889799667712
1532346580245831680
1531979367466815488
1531316157810200583
1530896503941779457
1530307578529558529
1529860928237453313
1529572908217016321
1529513010288533504
1529504245959036930
1529261596547112961
1529210452391215108
1528738806089887748
1528737599149461504
1528733564833042432
1527693268766580737
1527693266476466176
1527693255961362434
1527315435737165828
1527315432243245056
1526960525351047170
1526960523589390337
1526654290605096960
1526654288877043712
1526547388168536064
1526545632533655552
1525646341405294599
1524855429012111375
1524855425233043464
1524514456927096833
1524439743433433089
1524397379050520576
1524061465094856704
1524039283602071553
1524018041205497870
1524018039439695884
1523291287872360449
1522647128190898177
1522647122121793537
1522594847374336000
1522294516459487232
1521871662194565121
1521590381271519235
1521312236656107520
1520440258982203392
1520033912990445569
1519766155275214854
1519766154109202434
1519380732535267329
1519310990931808257
1519065580568989696
1518990366456057856
1518617041762193409
1518617039069495296
1517492065264934912
1517285144129908740
1516878755398135814
1516525940809027585
1516058026385592321
1516058024405831692
1515676900877819910
1515088474751344642
1515085332907233294
1514998601365209088
1514959619516416001
1514756035621400577
1514707162433474564
1514707158457278470
1514648475807404034
1514292257033236492
1513908170346962948
1513592284989825030
1512841901644341248
1512536595517300742
1512141264619282452
1512129323171467271
1511805326085050370
1511788649398030337
1511788646755672071
1511772152718106631
1511736716549402627
1511736715395883014
1511730490990071812
1511432249895489556
1511397143847784456
1511381907912732672
1511381906021097473
1511074124118085642
1511007814113710080
1510053468773486592
1509921628532219908
1509898966221139974
1509660424140206080
1509626611594895365
1509593350080540673
1509526500793593861
1509249892375486471
1508928179637035011
1508928175916601351
1508898027783831558
1508504166624333826
1507745403005022216
1507745400731672583
1507066333028134920
1506763251757076487
1506660995531427849
1506308874759987214
1506267291746504711
1505927621024047111
1505927619354800131
1505179152617558021
1504852879915499522
1504532299710357508
1504476641933754374
1504185831682154506
1504142615121379328
1504093671288889349
1503888847502983175
1503868831269335040
1503799506512588805
1503799499734634508
1503461420729614343
1503417319367847939
1503417315345551363
1503416119281033227
1503381092929355781
1502787575756558343
1502755811575177222
1502375504032280580
1502009195012448258
1502009182454697984
1501570936692162567
1501349330543943684
1501281145522212882
1501252890316480522
1501213484377423887
1501199347232423940
1500946687979835398
1500941064705826818
1500940978756202498
1500925268097224711
1500924630546190343
1500911455318720513
1499798407019474949
1499778279343013888
1499777731260817421
1499396688456286212
1499179729903099908
1499152213133963267
1499043808939552772
1498859298696409089
1498670047925047306
1498670046075367437
1498663402062983171
1498435659568234496
1498435657647243275
1498435655243808778
1498384022447312898
1498384020727640064
1497674052219060224
1497629493795635207
1497271566064918533
1497269567248285696
1497228350368190470
1496872261114019844
1496604826209333252
1496493379408048131
1496238679094104066
1496203242644152321
1495582600240504833
1493709827826147331
1493618587067691008
1493618584911818752
1492684906832580613
1491906568891346951
1491863617892986881
