1534619374627311619
1534544444938149888
1534542871486947333
1534283194211737600
1534283126129758215
1534260126911176704
1534232522015576065
1534230922039545856
1534171354265698304
1533887681805131776
1533835863888625666
1533593004946214912
1533487092445106177
1533486640148189185
1533485797328015362
1533484127164538885
1533483299254976517
1533245486630682624
1533107715400081408
1532903000615931912
1532848693166186504
1532846387947257856
1532846365092503554
1532787560157696001
1532787558844866562
1532783337718304770
1532468692684005379
1532410334564208641
1532171905729499137
1531990309021929472
1531650716397338625
1531421826164957184
1531291667491323905
1531291423886147584
1530697222278586371
1530361771483086850
1529852615697342465
1529248908379299840
1529186113587499014
1529159650377187328
1529112195946135552
1528762088767750147
1528753159056904194
1528731085680660482
1528730349659906052
1528545971621269505
1527730688832700417
1527705476883959813
1527630328696918016
1527331792717373457
1527327390463975430
1527301649886195714
1527034850372460545
1527008191791476738
1526968989682900992
1526653517984825346
1526642430526767104
1526637996321251329
1526563418592919554
1526323156126171136
1525090920118484996
1524777042956500992
1524772736186429442
1524750763829850113
1524480411606433796
1524444939807035393
1524419393534443520
1524405623126904833
1524393323741560835
1524138267402280960
1524107178545754115
1523768139338903552
1523767629130870784
1523660094000762885
1522994243018633217
1522653359777406976
1522594480796446720
1522281382566899715
1522261549779505152
1522248490331652098
1522232658402725888
1522212324055998464
1521976550907908096
1521654279781720066
1521574549598449665
1521559348824227840
1521123569060794368
1520883445249064962
1520831677186162688
1520478594153299969
1520174719974133760
1520121806543282177
1520121686355546112
1519727337687900167
1519697080922607617
1519690171335196677
1519676415708475392
1519663496866193408
1519435978611515399
1519407335629807619
1519407273315028992
1519387418004234240
1519335460056743939
1519327094311985154
1519060809879535620
1519037857645711360
1519031009932685315
1518920713805119489
1518320054932226055
1518298643262054401
1518298321366167552
1518042123710386181
1517493475373162501
1517244743113138176
1517211726671929346
1517148355746426883
1516883254284013568
1516819315009462280
1516817837498720267
1516817678597505028
1516797738133958657
1516472422937108480
1516418431234592788
1516064971251195908
1515736824345468931
1515674042581360643
1515332486183723015
1515332319267020804
1515112144555159555
1514363364960579591
1514355591992561666
1514340329641631755
1514334752928636928
1514242956135481346
1513871086768775168
1513622783598768136
1513567041105674246
1512547567124504597
1512490301692289034
1512164626653458440
1512163796827185152
1512127475417067533
1511805427540967433
1511770133408235523
1511760500778061830
1511437140856647685
1511427324356481025
1511325433031282691
1511325239015321600
1511074257626931200
1511014808811880452
1510780361776799748
1510763396580446214
1510753681423183876
1509992603634188289
1509963846114582533
1509963618342871046
1509905654504435728
1509594459167727619
1509574278345338888
1509260250586697735
1509210258702544903
1508919544731123713
1508877213306871817
1508825846957715459
1508820006703976454
1508544078333550595
1508514304542351362
1508114620648730628
1508112791445585920
1508112014006173702
1508111003216752654
1507777425639460869
1507493061475057671
1507435430471471114
1507355796753035282
1507095450045792258
1507054342456684544
1507054182125219850
1507046866969632769
1507017131312881667
1507013733716951049
1507013634546802692
1506980308515803143
1506743138559397896
1506738082212630530
1506700863477272580
1506700794229411840
1506691842875838474
1506689406165520386
1506388198221561863
1506359903669178372
1506282938647957518
1505948141916459008
1505572833564442626
1505570196664328194
1505567935116500997
1505565452742836226
1505185810425028609
1504892677153820677
1504844779057823745
1504841934333952004
1504557658707267590
1504547641589317653
1504508181057257482
1504491198685356032
1504474960747663361
1504474875649425416
1504471847303213061
1504161506908327939
1503897139386142729
1503880353311830017
1503835686092386307
1503814348715790340
1503781144793391111
1503475438282289155
1503462442449477632
1503444851064557569
1503365495499759620
1503148914794545157
1502002416639692809
1501991156649013256
1501972491962621955
1501931394397736964
1501925198119018502
1501680633608876036
1501661299637469198
1501637963893157895
1501305620531761160
1501238865151115273
1501238751204413449
1501218685331070982
1500947568485879811
1500935274423009289
1500866335412264960
1500127798287077384
1499874640558276617
1499855716122775553
1499794782742327301
1499761847767117830
1499422735222648843
1499422618763546625
1499381471869603843
1499155517851250688
1499134038992379904
1499124668380372997
1499057173275549706
1499040328715751424
1499026805562429445
1498864010011287552
1498864008815955970
1498863688736034822
1498858176959111168
1498850559876603907
1498848040723136525
1498845782694412295
1498819606194106371
1498797845045993472
1498791526775861251
1498783066428485632
1498779449239736325
1498778954794246144
1498763622717272076
1498756062371102726
1498729064135380994
1498725383704924162
1498715875750387712
1498685987169390597
1498685097544978436
1498672986919952390
1498665262152916999
1498403355118510091
1497978333811941380
1497305917834121217
1497231558322831364
1496889097947856904
1496717001007509504
1496553495717199877
1496232537504591874
1496175045038821377
1496174922456080393
1496160132874608641
1496159934597185537
1495783044875231234
1495166372959199232
1494777186255089675
1494777099743379460
1494742138365616128
1494700852975702016
1494452014163636225
1494451887126548481
1494412984600481796
1494361669736275968
1494333210230026244
1494071136568623106
1494070820775288838
1494067531866415104
1494023317631733766
1494022055557316608
1493989093121961985
1493722071095984129
1493678423478317057
1493658841090830340
1493653117333905418
1493605501334130694
1493341444563783684
1493335466493546499
1493305570257948677
1493002367553486851
1492948237728337935
1492148491883319299
1491863130481307656
1491807987006062595
1491782066673008644
1491781895021019143
1491570872938897409
1491570814067560453
