1534556628355362816
1534151232792698880
1533876931724189696
1533796151522168833
1532765112569843713
1532415471617966081
1531999007022661634
1531660332216860674
1531290951095881728
1529924653162151954
1529849202829938688
1529098170365579264
1528751178275864577
1527312880063811585
1527307088300367873
1527063048334229505
1527054124273082371
1527051552929767433
1527021942947168258
1526974071635836928
1526955970013937665
1526949059218526212
1526905327219769344
1526645025089769472
1526636350413340673
1526558199326953473
1526321961944629250
1526321614081638401
1526246482541682692
1526231127584911363
1526200984791293954
1524757936781893635
1524377454898552832
1524028112413110272
1523741017484439552
1523741015655731200
1523331521993715715
1522248408341393411
1521903795579543553
1521505052447420416
1521189727235448844
1521156713029771264
1520135467936751616
1520063644029095939
1519764770857095168
1519707418426490885
1519684972600246274
1519647914401972226
1519358044328628230
1519007262454517764
1518647533563781125
1517870838053277698
1517619614364098561
1516769234554077185
1516515309582266389
1516164455767453712
1516054228355194888
1515689843044626434
1513864912552042503
1513512828061290499
1511796445250310145
1511777442683400201
1511748480137670659
1511726812036014091
1511066193482121216
1510966949433458695
1510695009217093639
1510303667160858629
1509919347069919234
1509183885229309958
1508927937428574210
1508523065050771458
1508505378165772290
1507337938430009350
1507109514151182338
1506790932007600137
1506753652286963721
1506673546206011396
1506654998993641474
1506378426579664902
1506377924496269315
1505929822245199877
1505929821112705026
1505179363112849411
1504838933821145111
1504541208676384769
1504202719342612486
1504072607653629957
1503843662366654471
1503812248187416581
1503798390186033161
1503428648321359879
1503428645896998916
1503357404611756033
1502311256635674628
1501932946617364484
1501597362141241348
1501284957557182466
1501284953748918275
1499763190594482183
1499763189478830081
1499496875094851600
1499458496332509184
1499407102732914688
1498390621987516420
1498320851036524547
1498320849945903111
1496997885375913987
1496901976990564352
1496900110785159172
1495485424671805441
1493999123992924176
1493999121476243460
1493625766147469313
1493597641497845762
1493597640424050695
1493272266775445512
1491803474471702538
1491803473033064448
1491803471405731844
