1534317607498694658
1528875029840203777
1528875028351262720
1526700009470795776
1525281025609371648
1525238231473741827
1524836883364192256
1524516631296237569
1524476179847294977
1524476177829830656
1524226581920632833
1524192589074812929
1523838390625398784
1523838388062748672
1523049985448718336
1522684875949625345
1522627482674937857
1522627481102127107
1522387941154332675
1522339548100972545
1522300346395148295
1522026357680713729
1521951576222486529
1521647387353223171
1521524706226147328
1519862409510457344
1519461506043326465
1519461501488218112
1519409540789383178
1519382579924848642
1518756289580572673
1518691777452072962
1518642009015259136
1517657194505850881
1517295663528226816
1516959692538486785
1516959690416082944
1516812797161754634
1516491496169648134
1516140797439139848
1515782224733425677
1515421053551620096
1514788088618225673
1514034148339503107
1512568606000832513
1512521613249593349
1512190994309160972
1511859396829134849
1511493889999441920
1511417662349447173
1509936956351860750
1509657003991388168
1508961282954866690
1508587879018205185
1507468057341530118
1507092458567610370
1507024450104877070
1506804629132169218
1506343356007428101
1505931351375106059
1504927901711572994
1504638720628166660
1504599379142922246
1504207636350316546
1503918321284141056
1503833463614590976
1503798242647101443
1503798241120464900
1502422383088521223
1502381027569934338
1501766921162682370
1501766919778492416
1501355472045105166
1501256471891394565
1500911532879847431
1499564548218662917
1499512947441381380
1499460080168849417
1499184182156795904
1499148962019827715
1498869138806099978
1498787853593108490
1498752818265604096
1498462251275149313
1498423872009367554
1498349510979985411
1497356547286081539
1496929605868933130
1496591561320185859
1496320837154381824
1496241125308387329
1494790458765099011
1494471396784807938
1494471395119706114
1494471391638339585
1494099511463010313
1494099510313861122
1494036164419874824
1493720004650577929
1493708978374823948
1493385542326792195
1493359665106796544
1493334347419734018
1493273984825057280
1493273983545872384
1492172484619214858
1491921749218263043
1491886671918366725
1491567562534133761
