1534665417628737536
1534649103728185344
1534565158525317122
1534558368957865985
1534307234942963712
1534228708063690755
1534190528438456321
1533976535077507073
1533921982424694784
1533907332572250112
1533848165404667909
1533142538449608704
1532805568938876929
1532759428486729728
1532521839171227648
1532521838034624512
1532521836671475712
1532440548266500096
1532115521432428545
1532077772889198594
1532011521617735680
1531731434712334336
1531307446580432897
1530655400323784704
1530609346589118464
1530599028823498752
1530223554393804801
1529963483487277056
1529556911896645635
1529243292327677953
1529142933970198537
1528856547127873537
1528848997191909377
1528819551672184832
1528408595192115201
1528067598490800129
1527744722097299456
1527686904573005824
1527053076611403777
1526996038602481664
1526963574093905922
1526941933028921344
1526682175810174976
1526612143268941824
1526376706684203009
1526289273934254082
1526275540734423040
1525674360027025408
1525552023004913665
1525248019406508035
1525217065518260224
1525176802276257798
1525144588884770816
1524875313678667776
1524865499355439106
1524838707274076179
1524494182143901697
1524489773187960834
1524476184112758784
1524443454448709633
1524442210002825216
1524416589981896706
1524414729107632128
1524192565221728256
1524155692034187267
1524112323257978883
1523743606565216257
1523714681642397699
1523369070095060992
1523356807665643520
1522687900663664641
1522399349740912640
1522399339271892992
1522322306424614912
1522322194646372353
1522275935940083718
1522255651807899649
1521992316696895488
1521967757725736964
1521957137404018689
1521911592585101312
1521593646255992832
1521567484645568514
1521533595571003392
1521516111728062464
1521516110331273216
1521245395132706816
1521207039413788672
1520145911518744577
1520071273614827525
1519794900291760128
1519730916159102977
1519711030217166849
1519710295660412930
1519677564461088768
1519421057949708297
1519382041409765377
1519351938474725379
1519342294905798656
1519017467762327553
1518718494711242752
1518688603727179778
1518626853421912064
1517581754659450880
1517545541118296064
1517530135167062017
1517236956484317184
1517186765785817095
1517159781588426754
1516887241112666119
1516852717561524226
1516558763695607813
1516528061444857857
1516470438674804745
1516470437219344388
1516148812590559236
1516104077205073921
1515722251915522049
1515493916514025474
1515444169237434370
1515383016591347712
1515316012761026562
1515059132390416389
1515016609219416069
1514645355643609167
1514362859190333442
1514316232022921218
1514316224070488066
1514005690934833154
1513973441996607490
1513904357753901066
1513639779820179456
1513614451433361412
1513574539350851588
1513544015366434819
1512475582579150848
1512138307173437453
1511874648941625344
1511828595697758216
1511820536912957447
1511797392852594702
1511762464400199687
1511023822106939399
1509953489887186945
1509949318714822663
1508861772459134990
1508844994169229315
1508822578676129797
1508553180824563712
1508459698701234176
1508217048169689100
1508131094708645889
1507471637620219905
1507455960993841154
1507429860972503046
1507406860940312580
1506732829463519241
1506676144912830467
1506413173569568771
1506034948737806339
1505930444919001095
1505677816502890500
1505609113694257158
1505590491370434569
1505306620431003648
1505241189410353157
1504929384674832393
1504625633342758913
1504544644062978049
1504503609924501508
1504495059949002753
1504468660131229710
1504211509856985088
1504211507663425539
1504150020806909955
1504118846210600961
1503849016018317319
1503848137752027140
1503813294121009158
1503783180880560131
1503754169131446273
1503495911019884547
1503430374101340161
1503430372826169344
1503120465434345475
1502756819227144194
1502713535205367808
1502703216068337664
1502445769567182856
1502425937425534976
1502418831490256898
1502399655157501954
1502055474237100034
1502017950550691846
1501942469302181894
1501697699350986758
1501601149052493830
1501387546646827012
1501280871344660488
1501261950868672512
1501229268071714820
1501228408340103168
1501218936116977670
1500971345475162112
1500969075006132226
1499873080453341188
1499832298836881409
1499806090560684038
1499533209931030532
1499523010918633485
1499476379347394572
1499471013633044485
1499420359090577411
1499192080253571072
1499162887817809920
1499127749558030340
1499065031476101122
1499058698718781444
1499055679532900354
1498871647763419136
1498865294336483330
1498852399028523009
1498851457382109184
1498844156143230979
1498842215300349953
1498801432430002177
1498770067596718083
1498751381171470336
1498743625395564546
1498714432934928385
1498702036019339276
1498692020503818245
1498410179536179200
1498397536264073227
1498007525068886026
1497659229880172545
1497608640085196800
1497317981575077897
1497248523930144777
1497016998252978178
1496981133438902273
1496964340217532422
1496964338648817669
1496537884622471175
1496523323437731844
1496309586818707456
1496246009856471041
1496156830334177282
1495842028688576513
1495088541176639492
1494808497673834499
1494775038725132289
1494499410339713025
1494433514984456197
1494391601371754496
1493989781692465152
1493720498773139456
1493636174086352906
1493309820467875843
1493269117083668482
1492563905570230273
1492252352862167050
1492182356148559872
1491896244448473095
1491843042218754054
