1534338270452240385
1534252712086347777
1532817317142441984
1532791451922448385
1532473434210459650
1532439344581070865
1532119354594164737
1532041275129704449
1531453936959381504
1529208644176293888
1529093202694774785
1529093201629528064
1529093200249606144
1527778796262268929
1527761731249917955
1527002188500848641
1524835243018047514
1524511815320932353
1522587135139893252
1522250333346488321
1519497073430835200
1517627222634422274
1515041696060522506
1514252634563256322
1512542041355522048
1512157330217086981
1511818633462308875
1511816605747105795
1511704424548376583
1511397760108531717
1509199019070955524
1509184315980238852
1508578514601189388
1508578513179267078
1507464060710920206
1507411024898838528
1507091810295898115
1507082074590695436
1506738048431947776
1506707747143835663
1505704119469813770
1504514834955657222
1504215023245266951
1504153208415199232
1504111183812567040
1503844129381535749
1503785694937989134
1502040893842460673
1502009875693461517
1501759898358530053
1501756690810683393
1501600957561552899
1501600956085063693
1501356920287997954
1501245806640308226
1499506523600351250
1499391540107436034
1499391538039644165
1498451336823775237
1498379354795134988
1498339108959182848
1497279162993627137
1496986080809209858
1496905882315145221
1496605151997706242
1496232787011149832
1496216653989875719
1495868536736075788
1494705404231798791
1494671171836645378
1492322008780050443
1491889913544982538
1491837791533256709
