1534259884350480384
1534252750875283456
1533885515337981955
1532398204075098115
1531277838191665153
1530301036639965184
1529849762253524993
1529843453215006720
1529223066068602882
1529212593214308353
1529128167058903040
1527307342382891016
1526925906811539457
1526633321131823106
1526307495311974400
1525147788396331009
1524874535677444096
1524864954926612498
1524817251366584320
1524793982001225731
1524756998327312391
1524457748292947969
1524161392328294400
1521968160186023938
1519424699041816578
1519357202745769985
1518037667824480258
1516160707238236161
1515698847007350787
1512136477215531025
1511768780313174020
1511753367865143299
1511356113857437702
1509929882515615747
1509929880972140554
1509929879126609926
1509575210269302789
1509278492260814856
1508931139007832068
1508574265670615043
1508574264458465280
1508574260624859140
1507397608725225521
1506348791368196102
1504554026251309056
1504516005887979525
1504089755377618945
1503851160360390659
1503829233814102016
1502125159012085761
1502124771064139778
1502124630450053121
1502124468776448003
1502123723381526532
1502123721733160963
1502123719774380033
1502118598055182337
1502118595924574215
1502118593982611473
1502118591830933525
1502118589914095618
1502118587506606128
1501967386399891461
1501652668971954181
1501618912974323712
1501280501868507138
1500933565894250500
1499436931163344898
1499147153784115205
1499124398380527622
1499105881501450246
1499084824031727617
1499029431444197376
1499029429707808771
1498869952232804354
1497263387927097354
1496859455807533061
1495777659065978882
1494460497164443648
1494446544606707715
1494445223187042308
1494416952453996545
1494009804750266369
1493650652710547456
1492204690787946498
1491781251363188738
