1534605661828530176
1534524421590994954
1534235714791038977
1533931443218432002
1533931437052907520
1533931436142731264
1533864939970076673
1533846158942117889
1532430972448296983
1532415437727735810
1532388088835604481
1532359253628952576
1532072715242606593
1532072712856031233
1532011035653193729
1531718366137929736
1531717514148945922
1531711860512268289
1531275800716140544
1530246075453427714
1529911426147569664
1529890218756780033
1529216262387208192
1529138309548625921
1528812247102930946
1528094449615740928
1528094394620182528
1527814359724052481
1527814331928395776
1527813840217460737
1527813813579354112
1527813606825414656
1527808741055283201
1527730819258802178
1527730774132367360
1527716289430663168
1527685554707615746
1527669865275858946
1527663298434433025
1527639865025867776
1527637043131596802
1527614395244847109
1527384690356850689
1527381741605769225
1527338183197081600
1527318106674438145
1527011124259995651
1526966403269640196
1526938611404382208
1526670828439576581
1526659937442701312
1526617253155946501
1526617251864100867
1526617250354044929
1526616948318130177
1526296752764198912
1525127260805681152
1525107797473562624
1524765720269271040
1524489825918894080
1524472757723058176
1524472756238172162
1524439527955529728
1524377242981310465
1524174100251484160
1524097794620985344
1524076811348549632
1524031386260230145
1523747112869003265
1523716407535730688
1523317557964558336
1523100342224883712
1522744762293530625
1522654353814867968
1522264990933299205
1521932997531947013
1521932996181438465
1521927280754401283
1521572123210301440
1521213759557148679
1521156763021684737
1520811520883572737
1520446597141782530
1520116854370545671
1520109156421746690
1520109154999971840
1520081383313620992
1520079329669136386
1519795630532616197
1519733918060232705
1519707752364482561
1519389393290776576
1519334295629967361
1518997155591204865
1518769162461532166
1518687403535446023
1518669925555965952
1518652279586439172
1518378400217546754
1518304507599405056
1517891703256100869
1517548571372961793
1517226698160459778
1516955191186280448
1516860425178165249
1516819740899135488
1516818687134679042
1516485320795119618
1516485317188063236
1516478025533390850
1516442144977862657
1516176502999683081
1516119359453810689
1516057264951595013
1515685776104767493
1514993997420367878
1514677906529734659
1514660610302267397
1514660582099767297
1514623576024002561
1514284350015164419
1514273728753975298
1514241214970839046
1513970369320914949
1513955344573247502
1513938222786744323
1513930187473362954
1513930186085085187
1513930184352751626
1513689922795880449
1513640080207982601
1513614994407100419
1513614990435131406
1513578554235236367
1512506663873523714
1512444468925980674
1512146100572012556
1512121664695320584
1512121662816329733
1512093720426033157
1512092425577279493
1511789539450400774
1511760129779249156
1511714991157784580
1511711901419548681
1511434070340816899
1511370522881409034
1511062605619736595
1510020739226820614
1509566898488422415
1509520695260332036
1509193335256363014
1509193333645746180
1509193331519246336
1508915952251031553
1508800292409810961
1507046686362939410
1506456889059590150
1506338716452888588
1505922526626598915
1505197870781186053
1504510664739631107
1504148354506309646
1504127937708277760
1504098821395128336
1503788502567337986
1503719059149529089
1503021612463017987
1502290171047424000
1501983849382912006
1501740785611513858
1501600092029136909
1501369219149086723
1501210330655072270
1501036184239280130
1500647566714810374
1499428390557954049
1499397976002727936
1499063092306755598
1498874947996991497
1498744002182619145
1498409444392194057
1498404416470372356
1498404415128154115
1498328406995484673
1497598261640802310
1497264441976569867
1496870406321487877
1496503805181054978
1496500457644212229
1496220964912340997
1496200204227334149
1495071845460103172
1494014594515415040
1493982023698030599
1493961303983104003
1493293752894603270
1493248115352166403
1493238899925299204
1492931050389098513
1491882907790680069
1491855073940496391
1491802410938822661
1491794414779334661
