1534660710747316224
1534643934156230657
1534643883929370627
1534569706929143809
1534537474889883648
1534294447403552769
1534160184200806400
1533897511844433923
1533804445380792321
1533804443975688192
1531676722218901505
1531666747572604928
1531261619371749376
1530282246577569793
1530282245025570816
1530282243377319938
1527370484009971724
1526706882513186820
1526689445944168451
1526689444673343488
1526689443301707782
1526689441905008640
1526670781337452544
1526670779919872001
1525638268565573632
1525605241588264960
1525277023173763074
1525276964403220487
1525256251957035014
1525255973346091009
1525231627768668164
1524860869032787989
1524826717965144078
1524826716870529024
1524826715536642052
1524492999169826816
1524450732438700033
1524431733059428355
1524419878928760832
1524399976373268480
1524399974544560129
1524133314491256835
1524100073373712388
1524088330073296898
1524070251071213569
1523760016171634688
1522685851154759680
1522335167146250241
1522292655950110725
1521964615613173761
1521954013431881728
1521906055650893829
1521605069438955532
1521605067832545280
1521601705183432705
1521216286587510785
1521216005766328320
1521203406509117441
1521174201490710529
1521174200106598403
1520045363486416898
1520044767266152453
1520044764799942656
1519833285953736704
1519833281608491008
1519809282836992004
1519769051211382785
1519744708263751680
1519088432345100288
1519079728484917248
1519079504022495234
1519076781424361473
1519057161032282118
1519047028831051785
1518994454602043392
1518686377596104708
1518682745723097088
1517564139094351873
1517555048666046464
1517554512994652162
1516478723884728322
1516160059134603266
1516116482484318212
1515661853979983878
1514716122150539272
1514705697149267968
1514685293928103938
1514622513896210432
1514307584551014414
1512521410786168834
1512506059755249667
1512488694955053059
1512472336527675398
1512447402460033024
1512181702675861504
1512171605744517146
1512161559224766471
1512141871534985225
1512108668875067398
1512068175248064517
1512062934947663872
1511827899745243137
1511820955894571012
1511819032529354755
1511810746350452746
1511792341333553153
1511791601688977417
1511783022374404098
1511775027011719177
1511775019860381704
1511771457021526016
1511762865639903240
1511742745660039173
1511728408367087618
1511471744334315521
1511462510687399944
1511437650942701572
1511395854007119881
1510669960858660865
1510639872901632001
1510639871743963142
1510639870573793282
1509637407389491203
1509624824280363012
1509622274781073408
1509594417132453894
1509297920234901506
1509285337188630530
1509279563704119299
1509275987187580934
1509275986025754624
1509246974511439880
1509216769130614796
1508926859995611136
1508920027159875594
1508909936645918720
1507775603205976072
1507775599015870468
1507764006383144961
1507764004348903440
1507705820632563714
1507705754714791941
1507423724492017666
1507423723023970312
1507423721778294789
1507423720469577765
1507411373420158984
1507094066323984385
1507036537426485259
1506749377276260363
1506747248402739208
1506743657763901442
1506743656765702157
1506739847343611912
1506722206537199623
1506722204905582595
1506722203546660880
1506722202342801416
1506691588101218311
1506659639907299333
1506393353591656457
1506379670656331786
1506364708554694665
1506342450750791684
1506319758500810766
1505996354639777792
1505274064503545857
1505003190768525314
1504514150667632642
1504491088639406085
1504491084331855882
1504203605112504327
1504197124896010246
1504190814196482049
1504184386320797702
1504176846103101442
1504119993096720387
1504119990508822529
1503723564964405249
1502069157826867205
1502063252745990149
1502063251512864779
1502036249225445386
1502012023181357072
1502012021939884036
1502012020610191366
1502006045274693635
1501957704188895237
1501698019732955136
1501698018449494028
1501698017254158337
1501698015937142785
1501663031033573380
1501663029670424577
1501636537221632002
1501636535921385475
1501636534512107525
1501636533249626118
1501616081043181579
1501616079537381380
1501605436881047555
1501605435731808259
1501602009870483456
1501602008628965385
1501602007416725504
1501602006112296963
1501602004778762241
1501602003323166722
1501602002060591112
1501323670152691712
1499502731559677958
1499502730469158912
1499502729244385281
1499437938429550600
1499437936982605829
1499125156538732545
1499123132174675968
1499109828987392003
1499103113508233217
1498777384018976768
1498777184621707272
1498764704088530948
1498755861509988361
1498719073563254788
1498404296173445124
1497331927765983236
1497331926213873664
1497319540845334535
1496912732221841412
1496912729906593802
1496912727968731149
1496592145133752320
1496584366574784516
1496562998068092937
1496514603215372293
1495806540795854858
1494062382972346372
1494062333760577537
1494033051977986051
1493731096575549442
1493723612217442308
1493717089823215618
1493688657844314119
1493657604500905984
1492593482535477253
1492563243650498561
1491910890488279042
1491910889276166149
1491910888009437184
1491886328732073987
1491885358727979010
1491880165890301955
1491857577646473220
1491534346880274433
