1534655024579723266
1534655022591627265
1534631860743114752
1534605790463549440
1534605788035022855
1534553117219512320
1534545295626932229
1534539686550568960
1534308723836866560
1534258608057245696
1534204298481045504
1533961183379734528
1533943937840332800
1533837367760457729
1533829051642695682
1533820644646957056
1533530083973074945
1533079369349996544
1533079364698619905
1532891948037640192
1532830734192214016
1532758134141227008
1532745771157708808
1532743187063873537
1532737866664759296
1532735049216544769
1532477158697885736
1532467830351880213
1532467780464828432
1532454028201934860
1532436779789340682
1532409145642651651
1532372203815116800
1532366048401530882
1532361456943042562
1532176893604134912
1532172737741041665
1532123151433453568
1532093114793570305
1532077153281781760
1532052388680458242
1531969534697123841
1531802392768962562
1531802391229743105
1531738649955553280
1531696698745044993
1531696696656273409
1531656608937234434
1531354002901942272
1531301758634532864
1530285075174150145
1530282241183600647
1530282238784552962
1530270124829200384
1529951944281886720
1529917822972874759
1529876885567639557
1529876884015747074
1529834350660943872
1529463439428575232
1529225535770873857
1529218363980779520
1529193111066357760
1529105633332678658
1528827797233352704
1528195765981650944
1527423539523076099
1527415065506369537
1527415062662631431
1527388684005167106
1527377241122144256
1527302410040881152
1527042268334542848
1527035446232072192
1527035445082742788
1526995191852421122
1526931208629796864
1526669214311931910
1526600179557625856
1526595226709762049
1526260067389022208
1526234096359329795
1525966186198011905
1525855110714339330
1525463187910381568
1525189390661713923
1525187392520454144
1525187389844496386
1525160836406337536
1525160835378814978
1525117926818422787
1524869816871444481
1524860717978906625
1524851577630113797
1524837142123499520
1524523998855372800
1524492266378866691
1524492265179258885
1524492263849701377
1524481051329970176
1524177468348936196
1524168545755615238
1524148013773602816
1524148012435521536
1524117644776980480
1524108322705747969
1524090913856933890
1523708628070727687
1523708626644639744
1523708624693972992
1523695849007882243
1522721503766355968
1522659172705255426
1522659171639955462
1522659170566262784
1522659168859082757
1522625696295698434
1522619742468587520
1522610322296737797
1522589237832519680
1522580515815108611
1522575762364194817
1522569629310279683
1522569626760138761
1522566497155133442
1522548177458638848
1522364866216009728
1522222254058352640
1521827480687894529
1521641002020184064
1521628148617592834
1521594340354801665
1521567860811780096
1521549716143710208
1521541181242499074
1521316075043962880
1521304604625059841
1521175853522202624
1521175851492122626
1520853352883625985
1520809135943651331
1520187493827686402
1520187491390836738
1520178939989221377
1520128326576349184
1520107682530664448
1520088714554142723
1520048697672880128
1519997120052346880
1519791817373278208
1519776534596407300
1519735903220117505
1519717862717415424
1519717860792283137
1519457363433951232
1519449265369751555
1519342279332347905
1519328734792364033
1519328731852124161
1519047556717854724
1519047555488751616
1519047554163523592
1519047552892559364
1519047551315492874
1518998477140856832
1518697336674869250
1518365368355545090
1518010463019323398
1517885658244730882
1517658853529329664
1517607377259962380
1517596576193171456
1517581503210803200
1517576950893752322
1517551521059287040
1517161402921885697
1516914609906765824
1516884410771070977
1516874343019474945
1516871425277235200
1516871422949441542
1516861761080676361
1516845732837404675
1516820236867092480
1516808350159286272
1516801990436605956
1516801982408843266
1516801979212836866
1516801977644199943
1516801970941698051
1516462015484776449
1516444749502234630
1516431709276885000
1516138095867011073
1516089552460517379
1515100340428980236
1515071463421734913
1515031408900816901
1515012084374773763
1515009498586533895
1515004524771094541
1514983930545377280
1514967105212452872
1514690255487893504
1514681198353735682
1514646013969018880
1514605839151108108
1514385580473339910
1514370473055993856
1514348572698894363
1514325045203509250
1514307015702683655
1514299978511962112
1514289626307088387
1514004283838144515
1513995497136177153
1513986406938464260
1513976709552513043
1513962624416899088
1513910310608023552
1513542330493583365
1513494572864729090
1512523277540937730
1512431164539260928
1512211208899903495
1512203818250907696
1512156757845553162
1512138638393593861
1512130009732952069
1512120471973679117
1512078996309118983
1511810530645848069
1511772623021170691
1511739859400118288
1511699494576001025
1511489863408918546
1511477783855308803
1511454564813320195
1511447079859757060
1511439087189770245
1511425439155195906
1511422670059053064
1511415844391329807
1511403429121466377
1511139052006912002
1511109508575248390
1511023330882736133
1510671644217561097
1510241638974570505
1510040784942284804
1510023008341090309
1510010223951556611
1509961470137749504
1509650275681853441
1509622781159387138
1509620797811277829
1509605832345985026
1509592488004182020
1509590795963219972
1509578025016430594
1509543460486922242
1509284242513174544
1509271931761184774
1509258638317264907
1509231281455996935
1509214905395818504
1508903224551649295
1508903222643150853
1508903220382519299
1508903218197237769
1508858605843406851
1508858604442554376
1508835237698093056
1508592310254243845
1508592308001943556
1508521081434513408
1508492711728459789
1508051960728997895
1507859678100926479
1507455475083714564
1507438940734861315
1507367786263171075
1507113212730388480
1507113210972979219
1507112328982142980
1507100270509047826
1507083540806184965
1507082039203348484
1507065151534555144
1507065053123694601
1507042782283718669
1507004510601981954
1507004509309992978
1507004506990592002
1506753673673723904
1506745453651632130
1506710471201763330
1506696475383898112
1506675803769167876
1506406334350176268
1506367892413112321
1506312707791802374
1506312705942200322
1506288453394350090
1506288452173762571
1506288450370162688
1506281492980318214
1506269872405233665
1506269870886899713
1506044017770999820
1505975700171415552
1504897531137904646
1504878346487971843
1504854943529848832
1504854941583740939
1504614056908501000
1504565983595438089
1504558020600213507
1504551511807963136
1504550036478349327
1504542586161274890
1504530003324776451
1504519719377854467
1504519714474758161
1504519709697490947
1504519704328777728
1504519680593215491
1504492439201009667
1504492437770838025
1504216410523844611
1504183139811442693
1504179559847108613
1504144867764670471
1504106143945273350
1503853553714012160
1503840180846923781
1503840179047604227
1503823145815400453
1503807508141461506
1503807505524219909
1503771973695987716
1503747512695414795
1503738558359736322
1503489459928633346
1503483057684242440
1503483056497348612
1503483054983102466
1503407225917878272
1503407224454066179
1502978278835068934
1502812763105734659
1502704625841057793
1502704306675499009
1502660420758298629
1502423120350793729
1502399952139476996
1502380219294003201
1502380217800740869
1502347145919217668
1502340210167848960
1502062835135918127
1502062832728387600
1502043195978440713
1502013115650748430
1501948909291253762
1501684513755353088
1501674188326809604
1501663560774127620
1501641243675213831
1501641242395951105
1501330906824548360
1501324643394674688
1501315355649536000
1501298267916849156
1501298266058768384
1501286632229523460
1501257001644482561
1501228831595954176
1501228830182105089
1501228827837865984
1501228825359052801
1501207963079483398
1500945725886246917
1500945724481093634
1500906516597067776
1500898052361666563
1500897299194601474
1500152531846144004
1500144787810365441
1499898988299968517
1499882128254902279
1499849348435390471
1499839065843191811
1499795978961969158
1499775885876019202
1499560195533508609
1499559551007436803
1499524149898850311
1499518264086515713
1499518162202775552
1499481219968475139
1499454764131794948
1499436199034994688
1499431331826184202
1499160710173151245
1499156878005309442
1499138852321173516
1499120316899110917
1499098362875981831
1499068269440999439
1499057203029975046
1499057200710434828
1499044344417996805
1499044343277043717
1499044341486178313
1499024179785605120
1498866078302326786
1498857207026307072
1498841697639448581
1498827143882719233
1498826663811031041
1498815805898829827
1498801791978377218
1498787917375971328
1498786383049240579
1498773696529539073
1498761947076087810
1498761945318674439
1498761942948794368
1498694046398791687
1498694044247113730
1498675273658740743
1498659699138437122
1498461790132445184
1498409852137267214
1498388218265452546
1498365436995551244
1497666424923373571
1497292497055358981
1497261221241786369
1497235731663802371
1497235730564726785
1497235729335951367
1497235728161329154
1496987729338548224
1496968556671496205
1496968553739677709
1496954633864069131
1496883254552453124
1496877488324100105
1496688278573129738
1496581709579575304
1496530054691627016
1496518947604209669
1496518946551382026
1496518945549000707
1496518944517206018
1496518943422435333
1496518942269091840
1496140571114717186
1495831339433701388
1495802321749655553
1494792246394343425
1494792245089873920
1494733650725900295
1494727577105317892
1494727244211798017
1494693319477235717
1494437249638875144
1494417208709193736
1494406303573319686
1494351211348303878
1494076579751804928
1493999513429843973
1493994050537537536
1493978367527370753
1493962223387086852
1493717003508408323
1493708916731092997
1493623195118845955
1493378271462887425
1493348159816441857
1493320783946518531
1493320782109450242
1493306087222697993
1493284485563142147
1493283527789527046
1492256462952935432
1492227187130322944
1492213553155166211
1492211839555411968
1492177005185486853
1491821195301425152
1491549998508650499
1491549450065657862
