1534633173291778053
1534626544366362626
1534615130830413825
1534553318596481025
1534269752142610434
1534218690312519686
1534167270921994242
1533924210879483907
1533909979706626050
1533799939226193921
1533791648500555776
1533090943603187713
1532749963427463168
1532713120292036610
1532375614807855108
1532120018342883331
1532090620721889280
1532065790421192704
1532061958689947650
1531991115511042048
1531780307233415169
1531702347482685442
1531669362666573824
1531629365099995136
1531263116566224896
1530283761174302722
1530269190774472705
1530243016379727872
1530204784501858304
1530191640295624705
1529919774955819033
1529252635815120896
1529162421390163970
1529159187648892930
1529120536726491144
1529114981979107328
1529114981031104513
1529106596898521091
1529089727839739906
1528888190777671680
1528874310705741824
1528706212417658884
1528070351460220933
1527688811471421442
1527658068196073472
1527358213565272067
1527293855292280833
1527289020278919171
1527264933620199424
1527023383363346432
1526979443880779776
1526963354681626624
1526851376361492480
1526700794879389703
1526642263949967360
1526625847796547593
1526555700184420353
1526246120329969667
1526236897491701760
1526236612966993920
1526219994765336577
1526137823115456514
1525489335101009921
1525462557552787458
1525243995231866882
1525187605809307648
1525180770578464769
1525173329321250818
1525168377916018688
1525167144320770050
1525157284799823878
1525149710297726982
1525125787187298308
1525110465961119750
1524913121776779265
1524913120606552066
1524913119520243712
1524913117137870849
1524849136603959296
1524836864200523776
1524835292506726400
1524756963585835011
1524745262211678208
1524526064067878912
1524508884467073024
1524465850622873603
1524382125377691650
1524140270958391297
1524140147826118657
1524126402651512834
1524117958733275137
1524033803790000130
1524018113506910211
1523718282829651969
1523709472480567297
1523693296291553280
1523690341815455746
1523682821319000065
1523384059052785664
1523299693886902273
1523022039396896769
1522661059668156416
1522364830967123969
1522330976747016192
1522299895478210560
1522274093323763717
1522245572178104327
1522230865853616128
1522208215915769857
1522205006836994048
1522049760416473088
1521955249908592641
1521908802622312450
1521666871833022464
1521621689976643587
1521591027529928705
1521567969813446657
1521504859467534336
1521480978216202243
1520776370594459650
1520583390847774722
1520562456313085953
1520548495203180544
1520488810815045632
1520067238237290497
1519972341077491715
1519796988589531136
1519774539672133636
1519755747025899522
1519751050877710337
1519738885424693256
1519660424408489985
1519449792916688896
1519303665470824448
1519037941498228743
1518995174587781121
1518994781078183938
1518925150850371584
1518676005342392329
1518642579276980224
1518641252463525888
1518378571433226243
1518070559766106113
1517891213164265475
1517496883920396288
1517294929545940994
1516840716923715585
1516451028660637701
1516080493342732294
1515871152945700870
1515704728575004685
1515704212604264451
1514983591335321607
1514952718061916167
1514628275078930432
1514610209536155657
1514303847036035075
1514303837162586117
1514282102665236485
1514226709746405379
1513912056965218311
1513616993450086401
1513601725101482002
1513255558828240909
1513221162016325638
1512795794633641985
1512787437646491655
1512414723299581954
1512056786668462082
1511781817275322370
1511769807691165696
1511693278789480452
1511422911902588937
1511416798633205764
1511404857688825860
1511372101680259075
1511326753230401544
1511049835855687682
1511045650393227272
1510316828005912579
1510294721180184578
1510034847439503370
1509635437534461955
1509618010084061184
1509618008985116678
1509596002038292485
1509549916695187461
1509243136710782981
1509205200120209411
1509190431053168644
1509189870064910346
1509162388884447251
1508920978482642944
1508911614245982216
1508898279752450052
1508835855418408964
1508792471463112715
1508778469240496134
1508580211083853828
1508204592185716746
1507768263526301704
1507743676805566473
1507673967691190272
1507468594627633157
1507385580673507356
1507357828826152961
1507343317054468103
1507123710091833344
1507029019497218048
1507018758719787008
1507011250013683714
1506965560445353989
1506775524928012289
1506763768767856642
1506739528287072266
1506726580814589963
1506705462561054728
1506696007022788629
1506666947206946819
1506628899245019140
1506436032337571844
1506387430223536129
1506363953072549892
1506337640907345922
1506322975993352195
1506245537883955217
1506042724453130240
1505972244161482755
1505951538040262659
1505896004259831811
1505261891232358400
1505191944770752519
1504981710827626497
1504945904255647745
1504900005366280192
1504863884313870337
1504839883768086532
1504814714790027285
1504552495082844169
1504545147375214596
1504489648239915009
1504468620214247424
1504455948647161859
1504455892649009158
1504437967233892359
1504432070843682818
1504193230572765193
1504189792162041869
1504161181325479943
1504141092207439883
1504122759126958081
1504092329103273985
1503901496475275269
1503899935879708684
1503899771504898052
1503894939574411264
1503797032347127819
1503730644471406601
1503721545650298882
1503683042128314374
1503683010843246596
1503533212550709254
1503520508557602816
1503509581129043975
1503501432003215364
1503493019911213064
1503492912998408205
1503478491676917762
1503475345730777089
1503454652192497664
1503451888280297478
1503437176192778243
1503437144513253394
1503422774240591879
1503398049774813188
1503386324627300360
1503386302431088650
1503052552044175360
1502727944204136455
1502421895957958657
1502404911757250563
1502394322276261889
1502332461098938372
1502119059894190086
1502104959290122241
1502019157063348230
1502004175324033041
1501955794157330443
1501918736156184576
1501584605626961922
1501555388684152832
1501327553956618245
1501313715064512514
1501271342229950467
1501219195857559555
1500991719726321666
1500938980925358081
1500938936851615753
1500938718571466753
1500937117106507776
1500905430138109955
1500841859433832448
1500824648690327554
1500182385274540033
1499921246707859456
1499863253446369281
1499811638626557953
1499572383870554113
1499481801395421186
1499417717216002053
1499398354408599565
1499135772372385797
1499124900711309315
1499059276802887681
1499059275666182146
1498877926670012419
1498877737439834118
1498863297063538689
1498860011782561793
1498855467275198470
1498855278892179463
1498854740930621446
1498854042109419524
1498853809870749703
1498853407653863430
1498851868310745092
1498851697665445892
1498851191559794696
1498849388608774146
1498848878442991624
1498848231073189888
1498847733616197636
1498847376991207429
1498846897301303299
1498846009446776839
1498843268565643276
1498842914683863040
1498842841287729158
1498814593006641153
1498793639966822412
1498780081132650499
1498731542516056073
1498323269681827851
1498105600940642305
1497610423612448773
1497566649918107652
1497301688771756033
1497238579122257925
1496865634126385154
1496514184623931392
1496206396521648131
1496149616617832458
1496125947640229895
1495855175235514371
1495805162568441865
1495771474866679817
1495437187734724613
1495426195068014597
1495425937151868929
1495242707081613319
1495210628604125190
1495210617556373509
1495160604318998535
1495159590429806595
1495073290485997572
1495073289273815053
1494791198065758219
1494791091484254209
1494744392074149893
1494744170325499910
1494673345647890435
1494358607047151616
1494325404282220563
1494317395737026566
1494317394768150530
1494302328547069967
1494048102927503366
1494040420128636932
1493990872731439106
1493962261131677698
1493946605942325250
1493930881853100033
1493410374216994816
1493364992183259142
1493351844596391944
1493325656897245187
1493314551634407425
1492657690950127617
1492657689675055111
1492657463904157699
1492206495542517762
1492198532090056704
1492184654555893760
1491943074922172417
1491931031901028359
1491910741531709446
1491903426996981764
1491841312257105920
1491818951147405320
1491773258668154887
1491765740827025411
1491756528189284353
1491603262960717825
