1534651488248778753
1534626406495309824
1534612606304100355
1534590195143680007
1534566122565017600
1534545791045537792
1534524421741940737
1534294185355972608
1534263976355418112
1534250446273101827
1534212270657527809
1534183352508506115
1533914131501293568
1533882679686488065
1533860023406837760
1533834859457675265
1533818569795981313
1532814486159204354
1532760277447499778
1532733527581765632
1532470878990225409
1532452113112088608
1532391842301501440
1532340084590186497
1532075231132516352
1532045567404163072
1532014193477574656
1531983259692851200
1531758677014855682
1531727716155809794
1531697104258838531
1531682920963813378
1531665831746215937
1531263353561272321
1530247608337416193
1530217382047801345
1530194448004567042
1529936677577310208
1529917913683087384
1529917912408018960
1529887344001687553
1529855027585732608
1529812822372360194
1529622460169129985
1529569550517288960
1529505301208121344
1529475779742076928
1529210681974824960
1529194285937172481
1529166556034367489
1529143828480937984
1528858425274384384
1528828252575485952
1528782906654695424
1528752698975211522
1528728922543861760
1528150161691750401
1527772410988089345
1527743469271322630
1527717070699474944
1527683081704026113
1527673015546392576
1527648600033050625
1527392404063535104
1527376655005560862
1527362209319268368
1527340810529755161
1527315590884782081
1527303124188164103
1527288717534081027
1527265321467379712
1527046621304745984
1527015694054871050
1526977071934844929
1526955926925807616
1526930615093936128
1526911272368979970
1526714223778209799
1526684016673529857
1526667741876436993
1526649504081989633
1526607757532712961
1526554691592671233
1526304188686270465
1526272986529112067
1526245222891536385
1526212131368095745
1526185638676123649
1525983414209462272
1525864866338185217
1525249544321122305
1525234530843508738
1525223838245605378
1525189750214348800
1525159031265959937
1525129488849424384
1525104843307761664
1525090638198460416
1524853671124774913
1524841037507743773
1524830528804888576
1524815960938627077
1524797821605511169
1524766431266680832
1524740270859894784
1524513436163526668
1524495063929212928
1524471921701793792
1524454310159032320
1524438965335568384
1524422783178100736
1524167416246378498
1524144768787353600
1524135438226575360
1524128140326359040
1524120338728046592
1524107383865229314
1524097236958912513
1524081292350046210
1524064243351445510
1524049454218858499
1524035191832027137
1523825049089806338
1523772898628063235
1523754759450243072
1523721927046668289
1523683895102910467
1523649386793865216
1523361553617018880
1523317106410147841
1522979392808697856
1522685635093352448
1522671743608963072
1522649720975462400
1522634638770028544
1522617183473389568
1522602163813466114
1522582195650670594
1522572678359662593
1522350274387582976
1522322326410432517
1522311424822984709
1522307648506499072
1522291293040398340
1522282488156020742
1522271172620173313
1522261951795052547
1522250319115309059
1522001472463982592
1521952826150248454
1521930071107379213
1521897513602756610
1521877999280398336
1521852130264551429
1521634466657181698
1521620634689806336
1521611826139701249
1521597103054770177
1521585392381829122
1521575335766241283
1521565295869140996
1521555195964149764
1521542994117238785
1521233088071847936
1521205398757429248
1521166381986848770
1521139195347038209
1521114383191101441
1520517150988984323
1520458057293221892
1520163522063343621
1520149692079874048
1520139614996123648
1520127034843934721
1520116205230575618
1520100647760273409
1520085002360397825
1519802405680029696
1519780079978569729
1519753352715849728
1519738327368454144
1519708126102106113
1519696699488448515
1519680696348024833
1519398346846310402
1519341858756993025
1519308701865230339
1519081887423209474
1519040924017479681
1519002981068419074
1518717236373975040
1518695184644595714
1518695182723690499
1518646762629648387
1518612647482175491
1518578996509913089
1518046508423200773
1518045866682167297
1517600385451581440
1517564025084813312
1517533819183808513
1517499968797483009
1517235724415913995
1517192697618092034
1517156343207112705
1517131098114904064
1516870576425644033
1516836091038343172
1516815028359507978
1516597048891658251
1516592908484366340
1516592906961891330
1516590832337440771
1516588918845722624
1516585959793512451
1516460338883051523
1516446015062265866
1516405592784580610
1516174830567141385
1516136992660152329
1516111088894496768
1516079535564931073
1516045272731865092
1515677725805228041
1515481527194378240
1515339247280177153
1515057442836647936
1515018391358160901
1514997050492035078
1514979365016293385
1514959268105134084
1514705056293085190
1514668566288769030
1514662876556021767
1514637120857595912
1514620754263949312
1514595103922393089
1514369091741618185
1514354999123394565
1514317580605038604
1514287369104597001
1514268429028626434
1514255293919727619
1513629215828107266
1513586437135994890
1513553720696582145
1513534426164121602
1512550928041271301
1512537056672681984
1512505639578259466
1512482918865768455
1512460408778637318
1512442048644792328
1512196771711135768
1512176368653643784
1512158298807717893
1512134738110201856
1512101984714768396
1512086327709224975
1512066707661082628
1511827344532688902
1511811070058541056
1511798754206224397
1511782314321367040
1511767360046260225
1511735647987453955
1511729281860263941
1511712222216605706
1511478074411560963
1511463760963252226
1511450340830363649
1511434759385272329
1511413897990967310
1511388422279204868
1511363690183938048
1511119615891550212
1511079919522099205
1511064822674341891
1511045946427195394
1511030846383341575
1511013960606175235
1510977620409819137
1509999129644212228
1509968956257456134
1509946208093192198
1509923669887397901
1509900892610441217
1509871219818090528
1509666927500791814
1509651846293565444
1509638589902204928
1509608529077968897
1509596415235874816
1509580036583608325
1509564938603442181
1509546618160300044
1509277880718667778
1509259270121996299
1509244186264064009
1509205064929452039
1509193740812001290
1509161764801425413
1508930760455208963
1508920433042731013
1508904340983009283
1508896887574781954
1508881850407739400
1508868030620745737
1508851637846253575
1508836522426048524
1508806267413880832
1508792246166040576
1508555787618201611
1508535656213065732
1508519411380105231
1508494129755533313
1508466461618196492
1508451561588072451
1507462404120416257
1507447302256005156
1507432252644683778
1507417113014722565
1507402430853664773
1507387293644075015
1507124348062158849
1507103460323311622
1507072268324769803
1507064412288557068
1507039639315619850
1507038510070521860
1507024531424174091
1507008750904754176
1506753404357464072
1506738807995084806
1506731265671811073
1506722953446240261
1506706114360057869
1506690740839014400
1506677221938929671
1506663447953612808
1506450968598224902
1506421724874743809
1506406627179646979
1506390666347221003
1506360558903255049
1506318538721558529
1506302422192300045
1506006489424556032
1505973725862182913
1505938542672891905
1505893362389430274
1505703730301263877
1504943234002337795
1504924356832645132
1504909259024252930
1504894170674216968
1504884516988538883
1504561972330831886
1504534784722169869
1504505350300577797
1504487805614903301
1504471353704923145
1504208750424510465
1504192492270497799
1504177136801828880
1504153478012231686
1503854049757745152
1503828380063518731
1503823576654307334
1503811518818705409
1503799942707621898
1503781667907022848
1503763704499769344
1503754392608157700
1503746035876782086
1503521393937469443
1503476165872336896
1503470965623296012
1503445950202888199
1503424236404285445
1502707249663332357
1502404127950782467
1502373893708918788
1502341753780809732
1502310355002871809
1502073092130099210
1502058447248179201
1502044702530580485
1502017839259082754
1501976184980189196
1501943830668460037
1501623861443547145
1501591835256532995
1501306764611842052
1501298711485456391
1501287387170750467
1501269805768359939
1501226738705174532
1500994783908618244
1500984692920758272
1500967036507279370
1500951769144307713
1500934318243393538
1500919639806812165
1500885244123258880
1500865937259565063
1499927932223037444
1499883644122501126
1499867370847973378
1499848747873972230
1499825764711206914
1499805857777094659
1499777949628776454
1499746709743755267
1499529050678865924
1499510004155662337
1499462113991008260
1499430658669744131
1499408007238721536
1499381614576648193
1499165907892858880
1499143632682692613
1499113014158573573
1499073032333238274
1499038879214678018
1498835370577960961
1498765080426655759
1498734866170626052
1498716197281480706
1498457256026849282
1498431009796370436
1498402673338593290
1498373697870123018
1498353051878502407
1498334232753627140
1497330605717176321
1497308830224551936
1497263885602238465
1497237223053352969
1497237221325381634
1497237219584712704
1497222262289743883
1496987103078633478
1496987101447004160
1496843894088245261
1496605898508275719
1496575764212461570
1496560579397525505
1496516463988989958
1496495285433999367
1496260261883179008
1496245663524401156
1496208735362035716
1496159095224606721
1496132246809591810
1495771558127845381
1495397918311911426
1494823025748975620
1494782021255630850
1494769186744070145
1494737729506131969
1494723395778498570
1494712056758550535
1494675408465371145
1494465836337225729
1494437752691208200
1494412595373215746
1494389434350854144
1494367127389851649
1494331797357744132
1494075224219914243
1494046159245090816
1494028963018162177
1493979726351937536
1493660703437246473
1493615314352984075
1493363433235959808
1493333811752579079
1492234497437450246
1492215617600073728
1492196852254617602
1492180923403616258
1492144048538271746
1491860773118758920
1491845682486992899
1491819995818602499
1491795958119612421
