1534282933942603776
1534162851094745088
1532831182102077448
1532782763681652738
1532465771917500424
1532401390361903104
1531285608949338114
1529921792168579098
1529821730033786880
1529565636527108099
1529227530913185793
1529209546807312385
1527374518859116556
1526676871605264384
1525965171105181698
1525965003328741376
1525940130590117888
1525226609858338816
1524738633835724800
1523335079564562432
1522378325137756161
1522293957681717248
1521888692255793156
1520784954967269376
1520437994724896768
1520088912294817793
1520088801221263360
1519447243157348353
1519337843226779650
1519063391951855616
1518641288056295424
1517927052028129283
1517562345043673090
1516072384649912322
1515720079232675846
1515034730336509965
1513951422664134659
1513875503660285958
1513684100422508545
1513617640299933703
1512899216418484230
1512533884252131329
1512444929104039941
1512101827424276489
1511838504615133190
1511796272193228810
1511507352662511618
1511071095541182473
1509206800482058246
1508525012466257940
1507323162643648516
1507060008529416207
1506718016662351881
1506373928838651908
1505185796843790356
1504593363126951938
1504591557906903044
1504549177531015179
1504129316380106753
1503857538713980931
1503134300933435394
1502334128901009415
1502331252648693763
1502065459008614427
1501752063516102663
1501750781543956481
1501749678223802371
1501379627121618946
1501346620763484161
1501193416985751556
1500634535133908995
1500220835293978624
1499860084058431497
1499857410428653571
1499851552583999491
1499394270192549893
1498866279364628482
1498282259824140288
1497325588423524362
1497322480301662212
1496914116048527361
1496877256341340163
1496875893926633477
1496875396486377479
1496638422987022336
1495912598994309126
1495855629197582344
1494367916401340423
1493667235122012163
1492994507469725698
1492881356044574724
1491806037007032320
