1534681575903965185
1534676600024866817
1534670218663972866
1534665786480025601
1534664446416650246
1534654013462937607
1534654010141065219
1534640556894199810
1534628890500648966
1534611042411720707
1534604532256325638
1534585848414486529
1534585847311384585
1534585846216671232
1534585844526469121
1534571120527032320
1534360697865441280
1534299823440121858
1534271685851062272
1534243714859679749
1534223753009315843
1534201647274008580
1534162902315417601
1534014696919015424
1534009132528844802
1533964112543334400
1533508871146307584
1533508807602716678
1533245693854470144
1532854907925037056
1532794698821140480
1532794697210548227
1532756187695005697
1532131361338834947
1532131359942184961
1532104731836964873
1532087930545754114
1532077411822882816
1532077408916209664
1532022004043456514
1531800969943687169
1531296726438621187
1531296724442046466
1530743563730010112
1530356283576041473
1530349236658774017
1530326477358698498
1530315649725120513
1530290097727340546
1530290096058023937
1529996436246564864
1529918760928301058
1529903572732755968
1529903571264753677
1529895151979704334
1529636995143696384
1529636993906487296
1529593640141656066
1529593638648528896
1529573940473077765
1529541327930773506
1529520760179544065
1529520758170570753
1529497005491376128
1529497004216311813
1529497002932846594
1529497001582374913
1529231333129584641
1529231331300884480
1529194223198785542
1528895989372768256
1528895986956914694
1528883008073498624
1528870115906707456
1528854872262864896
1528515377906520071
1528498622513483790
1527736258084196352
1527420524292456466
1527407096878202881
1527381642561654786
1527367594788786178
1527367592817889280
1527320460253224975
1527284511179939840
1527262949139693569
1527089487188267008
1527054839389339648
1527046084580806668
1527045848609214467
1527023308092362754
1527011106505515009
1526986385168777216
1526986381775577096
1526978720938205184
1526974598176186368
1526950303664414720
1526928945714810880
1526908699238858752
1526754730176913409
1526716745997856769
1526716744827650048
1526700314463698950
1526680931959980039
1526667830929895424
1526641307413843977
1526641306243579906
1526641304964300806
1526641303664177152
1526637149923287043
1526544096994656257
1526532118540697607
1526532117102047237
1526381971571712000
1526381969247977474
1526346065565437952
1526301594794479617
1526282444109922306
1526253006454407168
1525990241273774081
1525914576121995265
1525914575111081984
1525914573588549632
1525645420030046208
1525597998566281227
1525294451626745856
1525284715963482118
1525180129722437632
1525152055366664197
1525109244386746368
1524870626179178512
1524852927944441860
1524832464304209920
1524827926704836618
1524796387812069377
1524777628233777153
1524752209765928963
1524591302981083137
1524582575913803776
1524575835252043776
1524467313134780417
1524459187144736773
1524459185026572289
1524454301388652544
1524439549467889666
1524439547945308162
1524439546393473031
1524439544657022978
1524436428834451465
1524431495460536320
1524366291338993666
1524220365517504512
1524220364238295040
1524218499291402243
1524149591259729921
1523820400446251010
1523321583779131396
1523058079268433920
1522693395382251522
1522645724512628736
1522600227454263296
1522600226095353857
1522340104337043458
1522263838002974720
1522034638738411529
1521985173662883843
1521605842616913924
1521581550428643331
1521535828564008961
1521529926503047169
1521515555689222144
1521515553885540352
1521257636359979008
1521162259514511360
1520952788855177221
1520945936830185473
1520945935379058688
1520940279540461568
1520940278173032448
1520919625923543042
1520579886867484673
1520575300798664705
1520224420320710658
1520208543902834690
1520167935951745026
1520076286483386368
1520031291659407361
1519833472055103488
1519825621685260289
1519815080954769408
1519807740662759424
1519770139813634050
1519715398333124608
1519715396856778755
1519698400442302466
1519685480920625154
1519660714042052610
1519659384703528961
1519449086298107921
1519427788863848449
1519422068797976580
1519413183320100867
1519405451129012224
1519405449795325953
1519405448276946945
1519400785192398848
1519359143798349824
1519359141835415552
1519279792595640322
1519136800165482497
1519066517572313089
1519032815056261120
1518964337548926976
1518953771312816128
1518373479577538560
1518373478096900099
1517653200664506370
1517653199104188416
1517582023510089734
1517569972553363457
1517520749833117697
1517520747236929537
1517185260727021568
1516896485719355394
1516787936565551106
1516604054247559176
1516187560246231049
1516175564159299594
1516122110539751424
1516122105267511306
1516122103292088322
1516122096031744001
1516122088712589327
1516122081255215108
1515707253051072516
1515439047157727233
1515060447044677635
1515034501285560329
1514762314314092548
1514683241206366221
1514412237624168449
1514412236328087559
1514402266274484226
1514379075367931911
1514344655151943692
1514274935006539776
1514274933387497473
1514053261464113158
1513960206744571912
1513952800241332225
1513639225408765961
1513634573984440325
1512615348431998978
1512186800365789192
1512179783546900483
1512166860527214598
1512152745452650504
1512135364449865730
1512100300991221771
1512098686129553417
1512075986581393412
1512051210324520969
1512047770391265284
1511858731029569539
1511852808655540227
1511849560183820290
1511844216347021329
1511818714701828115
1511785293594210311
1511765930963054594
1511757570926686211
1511757569337053191
1511513740029665288
1511441797679140868
1511409951515807748
1511383138852823041
1511383137405779973
1511383135837171712
1511086741758873603
1511055257710825472
1511044665126043652
1511019384961216516
1511010233413513223
1510728164024139777
1510390947938512898
1510296931423109121
1510041679419650053
1510041678039687171
1510018751487516674
1509991429027901440
1509986427798441984
1509944824396398592
1509919002000252943
1509919000309997568
1509734470882054149
1509734319052537861
1509734028383072264
1509695388906840073
1509653068878602247
1509640384242196480
1509634310151802891
1509628873981378575
1509618302066245634
1509606979244855302
1509586789144666125
1509513852630847494
1509307408505577474
1509287122943025154
1509272500559040524
1509263860708040705
1509246793284046851
1509246791975419911
1509246790381539328
1509236580711600133
1509226358576193536
1509153914725224458
1508999682890027017
1508977912766205957
1508948529275936770
1508938751954804748
1508932135914201091
1508920724869758978
1508907526749831169
1508901967699005446
1508893475806355462
1508787698030596100
1508631167658082306
1508626804025745408
1508618296198897669
1508574405986852869
1508549640441974786
1508540118960910342
1508515943923732485
1508480968876867589
1508480967564046344
1508476253183086593
1507807107420237826
1507475150123704327
1507451047983386667
1507015510797418506
1507004824360914958
1506766233433219082
1506726557125165056
1506682436310216708
1506079580968398863
1505933101398175754
1505255824565882886
1504973943186366464
1504890849620111363
1504837073609572355
1504829452940980231
1504596555868823557
1504588044963401728
1504583589115179015
1504582431457824768
1504577539544690690
1504565070440845314
1504553824698126340
1504515485018341378
1504453775129513991
1504270816720138247
1504219330376048643
1504213749179293699
1504187488130248704
1504175222907457536
1504166940654383114
1504155472009609227
1504155470386417672
1504155468901539843
1504154557366128647
1504145411422007298
1504091908691398657
1504035716715753472
1504035715495174149
1503877020459089923
1503859071979597827
1503854892716376064
1503854890585661442
1503850101567066132
1503792571457294340
1503746980132139016
1503426334885875712
1503404401712631811
1502780843173068801
1502759155999907842
1502743511602507787
1502461459741265927
1502457426930507782
1502337362646519809
1502337361258110980
1502038412781572096
1501982578085093376
1501922581754044433
1501797893447036932
1501794647714279426
1501781072991903750
1501781071234539521
1501776230793818112
1501772511322722304
1501577711902412802
1501566516822786048
1501566514511687688
1501540653322407938
1501389176767496199
1501380799173742593
1501364826567852033
1501360357561929730
1501351121926959104
1501347093755183107
1501344257231269895
1501339688988205062
1501320551247360003
1501305191425089543
1501293837922324481
1501287243176108032
1501259211933634565
1501247099014369288
1501247097449766918
1501247095000514564
1501239522255941634
1501185282846113795
1501015256847556616
1501006687188271105
1500938843498946564
1500889840757489667
1500648059293900802
1500648051521863684
1500648041677742081
1500506226232373249
1500506222490898435
1500498634923810822
1500206624895553536
1500150864224391174
1499946356298944516
1499937703860785153
1499839655440703488
1499839654039900160
1499836550246506498
1499723929807638534
1499543950146875392
1499517526035910658
1499395106075521028
1499389596483870722
1499370694349570052
1499197359485599744
1499189281881006081
1499166295597756417
1499151326193799175
1499125525025103878
1499124601133142022
1499098753369878529
1499088348882870277
1499027590937518080
1499008782491389957
1498876232234110979
1498876231013609472
1498876229642035206
1498871227427045382
1498855060217995268
1498852745880682496
1498848637136289796
1498847091413733380
1498844641067769856
1498836532668551178
1498836529598373890
1498822267995889667
1498787661938581514
1498783787693576196
1498725029558857728
1498706573929111553
1498706572666621957
1498706571156672513
1498677646808522754
1498677644891766796
1498658018300416009
1498477196633120773
1498459300360032256
1498457866331734017
1498457865257988097
1498457863915720705
1498444248970051590
1498416303551533057
1498375585382514695
1498327914135363588
1497351327235592196
1497343922154078210
1497328479343460354
1497322810859048960
1497313651979657219
1497051286696603663
1496932855527653387
1496566330576846865
1496530137893986304
1496506472775225345
1496474847244922886
1496287909892313090
1496266203521765381
1496255450307780609
1495188512445980680
1495170254498107393
1494775558097588232
1494762140888145929
1494414597679468551
1494394545957658630
1494394544594595843
1494385127845212164
1494362418813747213
1494357547515535363
1494278752498597895
1494117300508807174
1494046845739356168
1494024750485680130
1493802258118623232
1493655262699442191
1493377195833798657
1493377194034438144
1493368720089096196
1493359183302959110
1493324571319144453
1493316246795964416
1493310937943707648
1492956511496282117
1492952397718732803
1492625518876839936
1492518875988217862
1492266003618746370
1492252137996402690
1492244691135389698
1492240077552066560
1492228115128635392
1492221517438107650
1492205565447229443
1492129437982281733
1491903227742334976
1491891314077716491
1491884484651888643
1491879804706111494
1491841541442314244
1491832118929932290
1491791867222003719
