1534590059759935488
1534544616078319619
1534226244920918019
1533947960467283968
1533828159715565570
1533499718038347780
1533177029381832706
1532927988299403264
1532837255856914437
1532529902217469955
1532424896160088065
1532052663038263297
1531789148830502912
1531670258599305217
1531280574765211649
1530946612113068038
1530570074037399552
1530324589112397825
1530205857580994560
1529946885552848905
1529907271609815040
1529878339682553857
1529480666504642560
1528861626484641792
1528726169272692737
1528457815299342336
1528188766178918400
1528019067206000640
1527747010350161923
1527675413622931457
1527410877330247707
1526243835050962946
1526001795029516288
1525616899966517248
1525265539282653190
1525126251903651840
1524881483978137621
1524521640821940224
1524085136068943872
1523675681045237761
1523462233790943232
1523310000592113665
1522951089280139269
1522776980135030786
1522593993095266311
1522297890051403781
1522248510682419200
1521973894369976326
1521841032274530304
1521554668803043332
1521283298290552833
1521147018567168000
1520450733958643713
1520072737519292417
1519730852288159745
1519310239010541568
1519132630209474562
1519064110041808897
1518942444322177026
1518780032071647233
1518741388434853888
1518577401625817088
1518383776870674437
1518306558244966402
1518013564350611458
1517925493210849280
1517861295986556929
1517640512379006978
1517596064110546949
1517540938456969216
1517506758767521794
1517318303471050757
1517273028119384065
1517230122025111552
1517133287596212224
1516949226445590529
1516861946221498372
1516787804864397317
1516681000767692801
1516575067060195336
1516514462026579976
1516414486781042704
1516179878999113728
1516119645362786312
1515822343611981841
1515741400574398465
1515679327785996291
1515556632461299714
1515456245028769797
1515403941999165449
1515382362670092296
1515006730996002819
1514938856805646337
1514764933455654914
1514711440367706112
1514662052467515399
1514639456690745350
1514422554886389765
1514371550635601922
1514355866543267842
1514279157928284161
1514231695851065349
1514010230195200003
1513969914897391623
1513935084902129682
1513864451828723721
1513681799246979076
1513618004868800517
1513584852746096643
1513316965309370368
1513225889701666816
1513159128855810049
1512953919055532033
1512876405478113283
1512825015259045890
1512789276760719364
1512606475662864388
1512567933205196800
1512519888404897802
1512432160942211081
1512189847968043011
1512145504792162314
1512132682288873480
1512096614814470146
1512077360702517266
1511880261780348929
1511844356646490117
1511789678072156162
1511755705992232965
1511733078590382085
1511694146825863172
1511516647055577092
1511479388650577922
1511444584265568264
1511389162129305602
1511375166491836421
1511327710597066753
1511077644338708481
1511023769510363144
1510655080818790400
1510630899666333719
1510572353876631558
1510418960541442052
1510327269994160129
1510254906581692420
1510048240783265795
1509987444128628743
1509935323601645585
1509878365964148737
1509876061617668100
1509875770864410632
1509677766790332419
1509586322184454154
1509541308167299076
1509370684048392194
1509369926183796736
1509348083909419011
1509305195905310720
1509215691123175440
1509154989540839426
1508978658190499847
1508919032107446281
1508859573423288323
1508795919487098883
1508618858302685184
1508570213654089732
1508527752756056069
1508443905674694662
1508215131804737543
1508086640039837697
1507860698877071369
1507739498209329157
1507738877339082759
1507738093335592965
1507737244609789957
1507505973472251913
1507505495560626188
1507371996971155469
1507124724366725124
1507044962608857089
1506989721737740297
1506805706959331328
1506791056419008521
1506721069557813254
1506684608691191810
1506668390131421197
1506636712566534148
1506625528085848067
1506468181745016833
1506419372126093316
1506389499030519818
1506332863280689158
1506304889802178560
1506258149434667018
1506087049111257090
1506028711178551302
1505975036594864135
1505943187310923777
1505897148080087045
1505667592266133509
1505579646448017413
1505340284347072526
1505264958224875530
1505188961014235143
1504968536237694984
1504883726215524356
1504819234882441219
1504775872770985985
1504631905622315012
1504562357795700742
1504474541669507073
1504269309056622594
1504216426235707397
1504140754620407815
1504103078416498692
1503891393068081156
1503824759263531008
1503743014107328512
1503554447342981122
1503516108346777606
1503455333192282127
1503395205382344713
1502791004163878912
1502686806273368066
1502454579895713793
1502403696142999562
1502359038062964743
1502323465520562180
1502115900610297861
1502068213038911488
1502063433306583081
1502030210954407949
1501978385047826437
1501941404217405442
1501937388938948617
1501702015096926216
1501611823380021254
1501558552242102273
1501395602952925184
1501359884843065348
1501279779911176198
1501216010715738122
1500981229696565253
1500949240499118081
1500885688048365577
1500838749323907081
1500551040281763840
1500501112062885897
1500292547809325064
1500235630462316551
1500129863570755594
1499940945097338884
1499881584299851783
1499851180813529089
1499807432108875779
1499765419539894277
1499576601289314309
1499527369018720257
1499500438282031108
1499442153185062919
1499411238895472644
1499373547629723648
1499213318778728450
1499179134760763398
1499146816167809024
1499101847730143240
1499074402419363845
1499039099172360204
1498880130290270208
1498792392769556486
1498739734193000451
1498666329980690441
1498479986478616585
1498334884057735171
1497554529562161155
1497259710126432256
1496939168555012100
1496592684785541120
1495873054584549382
1495577941215899649
1494705117270097923
1494461681573011457
1494077248407805954
1493951819256676356
1493725167964409858
1493641166528651266
1493595281463685126
1493302997950025732
1493240912922787840
1492653171281477633
1492513402656276484
1492136512649113602
1491545104670203907
