1534673242740465664
1534649079531282433
1534632407466393606
1534632405633581056
1534625772773728256
1534625745519124482
1534625691139973123
1534618181205114882
1532809780267569154
1532788514504560643
1532431587316486152
1532402285703270403
1532381210369982464
1532369255941001216
1532104263979106306
1531259255713632256
1529516408673034242
1528898183618875393
1528856409290547200
1528815570988187649
1528813690098786305
1527788705045524481
1527407948691132416
1527369187558993931
1527369186074411009
1527369183495090177
1527369181062397954
1527369179371712528
1527369177706958848
1527034287576563715
1527003193930133504
1526960417293193224
1526953007514103808
1525167215653314560
1524855703323742208
1524132174236114948
1524116399844737025
1524109398389501954
1522316125303934976
1522316118383333380
1522254337996730368
1521917384784818183
1521587823241052160
1521252280418324481
1521248555926798336
1520143051217321985
1520143049300615168
1520143047371243520
1519714971717980160
1519714969893457921
1519714968056311815
1519714966097563648
1519696243299164161
1519437679787655169
1519421474649653249
1519402895925514241
1519383726781865984
1519316968582565888
1518995527442046976
1518697722118909952
1517258043712581633
1516874190158184450
1516123312560160771
1516123311146954753
1516123309594890243
1516123308152041473
1516123306776215554
1516123305199259663
1516123303546847232
1515003012384755722
1514680515835707397
1514319121189687305
1513627142407471119
1512503950242631680
1511824508465864711
1511812925916422152
1511758450245656580
1511718113775128580
1511470165631848455
1511443853848502284
1511419962048536580
1511062015049142292
1511048486816559110
1511047205309796356
1510005577178562560
1509626340433092609
1509626338717671427
1509626336146604033
1509534989649592333
1509534401864085506
1509265583732310016
1509220324256145412
1509220247894700033
1508899327695110150
1508466686281846788
1507411002333306885
1507049999393251333
1507005472624185344
1506431718202515465
1506027290777505804
1504925078974255108
1504900462335737864
1504798672072187911
1504590807420092419
1504521702071586821
1504457002973552642
1504206932990742534
1502425341171847176
1502425337312993286
1502425333022212102
1502425329465499648
1502425324675600398
1501949819333451781
1501918454164725764
1501774700908843011
1500901732288712704
1499874824134537220
1498844288532324362
1498783949602148360
1498393209587834884
1497376671015579649
1496852781277327362
1494356932248981504
1493996409779113991
1493616042056290320
1493344474289913857
1493344411341803520
1492246627553267730
1492184664072757262
1491865470743498752
1491834683063160839
1491778228632973315
1491584673897664512
1491584497971830785
