1534575911135326210
1534521860934799360
1534521859718402048
1534515205501341699
1534266290751344644
1533862660269383682
1533862518808092677
1533836960183238656
1533812783976005634
1533579097108013057
1533450843311177728
1532770502065930241
1532441843786567681
1532441842142396425
1532405530215555073
1532405528940380161
1532405527774388224
1532405526386163715
1532029395275337730
1531250823388332032
1530278356893196288
1530278354988957698
1529585877898362881
1529219666169987072
1528846477929459712
1527741330356674561
1527323826882633741
1527301942849875976
1527301890475642880
1525628840902545410
1524445236885393409
1524405631494635521
1524405630336966658
1524405629116461056
1524405627866517504
1524402551923302401
1524123006242484224
1524081573427089410
1524081481152356352
1523764601984528384
1523764599782137856
1523764598096097280
1523747880980209667
1523282316935663616
1522670342388469760
1522343032212889606
1522283442397974528
1522211749872680961
1522033404698673153
1522033148703514624
1522033147113836545
1521953751661256705
1521887954985271298
1521541006331629575
1521541005018816512
1521541003760574464
1521541002229694469
1521157359237742592
1520911148434042880
1520911146299150338
1520151947332014087
1518032440962527237
1517560759693230085
1516192245380272134
1515705138823892993
1515688649551134721
1515113993781846021
1514951004298653701
1514951002608345093
1514612690601324544
1513879332908851204
1513879331575058448
1513879330023165957
1513689129019654144
1513689127904067585
1513551696357728269
1513551695179137025
1513551694021464070
1513551692276670466
1512163528278528002
1512152115220779022
1512152113840898055
1512125072923844612
1512125071887941635
1512125070533087242
1512082503527403530
1512082500591382549
1511863255223971842
1511809480023056390
1511809478685073408
1511809476864753671
1511795746604998664
1511453867115954180
1511453864758812679
1511431789486784523
1511431788257677312
1511418444448772103
1511022684985077767
1510752018561908739
1510424266017329153
1510047030793617415
1509962596551733257
1509958583777116162
1509958582699282442
1509958581449277451
1509917206066470916
1509535184525406214
1508941196655271936
1508941193744375813
1508941192414834691
1508941190934188052
1508941188635807745
1508907911812161556
1508866564661166081
1508857945529978881
1508839267518267397
1508786847794831360
1507808325047570432
1507416735451910144
1507416734386765824
1507416733203709973
1507416732054470663
1507089317214232580
1506980821512687622
1506714303306641422
1506708024378937352
1506692560785453057
1506683003338121217
1506347707098615816
1506048675843387397
1505930604721938435
1505897869982973955
1504498007240290310
1504451811796738049
1504160154308288517
1504160153179983872
1504160151997190148
1504109091064586243
1504109089843990535
1504109088703139852
1504109087553904648
1504109086383689741
1504109085037367314
1503832351184461825
1503827206421811209
1503827205188636695
1503444866126290944
1503444864452775943
1503444862674292751
1502408794210549766
1502280019070132230
1502121565495906307
1502121564795543555
1502121564107689986
1502121562421530634
1501930264846639104
1501930263571533826
1501930262141177858
1501689886159642637
1501671664265965568
1501331877164163078
1501220556544303107
1500883112150147075
1500883110824591361
1500154723986456578
1500154722887651340
1500154721323126785
1500098845258174465
1499755902622216206
1499437047744020491
1499155788895510532
1499029059669528581
1498869361616072707
1498869360286650369
1498869356885082112
1498385344215060491
1498291190160109570
1498291189304467461
1498291188427853826
1498291187572219916
1498291186569781256
1498038697429811201
1498038696213454848
1498038694904844292
1498038692702822401
1497949140088602628
1497786335037431809
1497314944479637505
1497298349573169162
1497298348264464387
1496965908685860870
1496965906408394754
1496965905129082887
1496965904042962945
1496965901526212612
1496965900452474890
1496842480356143107
1496842479064297474
1496663195225833474
1496587475929686018
1496587474503622657
1496587472985550848
1496125164144238592
1496125162386857986
1496125160428027913
1494763638409805830
1494762671710912533
1494440814453346308
1494418616858599424
1494061930817986571
1494016761833963526
1493753755493359616
1493753754310504456
1493753751961755648
1493713977062436865
1493597440645152777
1493597439101706255
1493597437528846344
1493597435888812041
1493597434206900227
1493597432680169475
1493339848144523268
1491841339889225734
