1534657463865188352
1534573890890084353
1534542011960893444
1534308097401016321
1534250376291094531
1534173578366697472
1533972104399421440
1533935836441346048
1533902217027149824
1533807170319536129
1533473086909034497
1532854893505126400
1532740008460836864
1532504905629433856
1532414778655883265
1532145039131951106
1532003716684996621
1531760313686802434
1531627793737465858
1531347803309580293
1531036410626691073
1530941647839805441
1530904291183104001
1530546951699189760
1530322276775825410
1530294442883702787
1530265436536938497
1530224245019648005
1529947582155440220
1529886335955263489
1529833252218888192
1529578209095860224
1529578206419984385
1529508019716890624
1529464648180846592
1529220807699857408
1529185163585929222
1529131279123349504
1529118322679336960
1529102433615495168
1528872074168631296
1528739803407306752
1528501628491468804
1528373920772018177
1528145370840178688
1528026954011648000
1528026951193067521
1528026946235518984
1527784598259879938
1527658552780902400
1527413426531749917
1527383006062714880
1527341783793139713
1527048133594726402
1527043084458110978
1526954521871757312
1526930075668684809
1526681786671108097
1526681785073016833
1526579265399037953
1526567407401283584
1526347325655990272
1526306131487952896
1526204281501753345
1525966755213869056
1525920418523234304
1525846152683433984
1525606926620426242
1525550672732729344
1525491460065398785
1525249221720408067
1525165202123128833
1525113851162857478
1524878556735627276
1524829379871789056
1524768841548673027
1524768839401197569
1524768837278777345
1524768835005558785
1524768832392474626
1524490930799132672
1524433695318364160
1524399274108280839
1524027667485540353
1523808925887643650
1523796274159534081
1523768103636975616
1523670323144523777
1523449028146388993
1523346053881544705
1523059380291256325
1522925924777398273
1522703852167905280
1522590368411361281
1522360100803035138
1522360098819129344
1522235604318175234
1521943174729580546
1521898153519337472
1521613848863719434
1521567674081419267
1521485832665939975
1521316914479484928
1521268761361530880
1520925930369208322
1520773196676489216
1520541040813424640
1520406930958782464
1520166277611933696
1520042252130832385
1519802320648904704
1519751118556913664
1519751116459806720
1519680536964440064
1519448408834166784
1519315218559553539
1519074180570001409
1518992528007127041
1518954088033144832
1518712363574202370
1518588158354542593
1518310049243926528
1518236511304617985
1518236509673078784
1517989189417115650
1517860843601514496
1517610930082885632
1517497222035918848
1517259751557586950
1517138742103842817
1516947180027740161
1516939566858518532
1516922910430187520
1516878909811396608
1516778320666537985
1516537558506876938
1516474654927564803
1516212631845187590
1516189111090126854
1516139588192018450
1516057202544553985
1515835442637455361
1515808570444460035
1515686516353163268
1515457507791183877
1515337969808424961
1515335173646204933
1514997407397859338
1514744243771920394
1514602007780241422
1514373018117619715
1514243563059650565
1514002094159663114
1513894451441278977
1513671213540904963
1513671209019392011
1513671207014617093
1513671203583664132
1513523776624996354
1513284389513441284
1513163534917644289
1512920793818173441
1512789950571462657
1512548743635247106
1512433289327431689
1512195266358779904
1512133494025109505
1512098796699856901
1512077290141720585
1511849995565162497
1511758323967836161
1511712650325073922
1511483438188142601
1511437141955514371
1511387822560849920
1511343380940431372
1511126630600777738
1511018374486233100
1510984497621307392
1510984495125647364
1510754217295814662
1510621894147411975
1510384078041718786
1510258274062540814
1510035325434961928
1510035316715008002
1509970943883497477
1509917484165521412
1509889910618136577
1509665466876366852
1509665465009946630
1509582897531006979
1509550800435126274
1509271213813735429
1509246561729064962
1509168981009174528
1508935309094010883
1508804951350390793
1508600132459438081
1508485486603612171
1508446684564570122
1508088985213706241
1507853516727013387
1507724538120921094
1507492104242671619
1507358880673771520
1507107544958844934
1507054940283453449
1506995888098619392
1506754968342212615
1506754553194102793
1506707435280646144
1506685772014968837
1506637641063833602
1506637585665474583
1506637579470389248
1506637523153571840
1506637465863561229
1506637403309682694
1506403037300019206
1506403035379122181
1506333864830062602
1506258302015004681
1506258299385262089
1506042110876786703
1506012836589301760
1505912554790531077
1505676873958834176
1505546197691510787
1505317650188193803
1505190544145850375
1504960051878014980
1504925329252659205
1504922830361792518
1504844622299807750
1504579336686419975
1504455215101227008
1504245000137318400
1504204107359346696
1504204062488735756
1504204001956483075
1504203940732321804
1504149259498803201
1504142503309623303
1503871868893290499
1503796137244999685
1503796134988464129
1503756680139575304
1503519329861738499
1503485690746707968
1503374514809364481
1503132545470242821
1503005000892624900
1502796797076455428
1502668632643543050
1502441901013807104
1502441775536955397
1502350646846148612
1502296893929529347
1502060402854842369
1502060400690573318
1502060396232028165
1502060336765190145
1502060297443586094
1502060243144126488
1502025785376489476
1501999950078566410
1501942205178470408
1501711395200684035
1501686973513277442
1501635588159647752
1501613966681853954
1501354667380547586
1501338433414914050
1501295899716112384
1501240285317287942
1501199994619154435
1500954779450761216
1500854131027845129
1500620057050767362
1500486089194278912
1500268017539768320
1500157677908942857
1500157629179514882
1500157577518325772
1500134527347351561
1499903095278612484
1499874199518724100
1499757938763833346
1499489443102797825
1499439286281768969
1499165524323979265
1499101925199036425
1499038968737898513
1498872812672634886
1498858282252972042
1498856043778088964
1498851918692720640
1498850770514587657
1498847191938609152
1498821802260320259
1498821799504756742
1498698565337636872
1498456570291707910
1498422518155251714
1498360659444183043
1498312413367701511
1497654245205725184
1497580122810970115
1497365437784408070
1497365428238266370
1497365418750664705
1497365410135658496
1497365400140529667
1497250877178093581
1497221545260900358
1496976248526020612
1496715643873382403
1496715573153124354
1496715447831515140
1496645740554297350
1496645735877599235
1496645729577799686
1496645723559010308
1496496746867970058
1496249112630636551
1496151741578022920
1496151738386194435
1495915146769747971
1495778198742867969
1495541805034741761
1495416118588194822
1495186747323473922
1495186737714417672
1495186728218468362
1495060900612648961
1494825172192440327
1494771740639215622
1494771738378444808
1494771735161364481
1494690696980221957
1494474545675354113
1494434281258692612
1494321088888643591
1494091315868585985
1494048258863382539
1493958566998327303
1493733284571799553
1493677165145174024
1493662729416200195
1493594735780548608
1493594733310099468
1493388585415888899
1493379609383030789
1493368576815865856
1493368574316105728
1493244139357487106
1493004254260469765
1492880128791228417
1492653113672671232
1492508792382054406
1492289488206315525
1492148284391104513
1491932894096506896
1491841203406610437
1491786464912306181
1491552595600719877
