1534595996625289216
1534593645973848067
1534568570344054785
1534561473388765185
1532754171723751427
1532754170134114305
1532071029233025024
1531280099412254721
1530976338915508224
1529212628169637888
1528375762927161349
1526666644868718597
1526657532160262146
1526657531032084483
1526581492461314050
1525227490259656707
1525227487965347845
1524854406730203140
1524823590096584704
1524823418985664514
1524505431065903111
1524117737295040512
1524032477131689984
1521461428170989570
1521316564947066880
1519043980998152193
1517493019045507072
1516826481791537166
1514317583482343436
1514249714040029191
1512153707185594376
1512135278256873480
1511759780653711360
1511709701276409856
1511394175455014925
1510992604263034886
1509987625490432009
1509957442054066186
1509548224440320002
1509548220740947972
1509247375755427841
1509161135974588423
1508960090686210055
1508909281353121800
1508495624546643970
1507378588508643328
1506772124509388801
1506772122810605570
1506742925757145088
1506340642695397379
1506273003855884294
1506273002094223373
1504886047582392321
1504094438909431815
1503799617028333574
1503734720449892353
1503722666531954691
1503470496880472065
1503385906857787407
1502363443596341256
1502293367358636042
1501958055033987075
1501767259009789953
1501640600956850185
1501277675746439174
1501244515058950148
1501231037166227458
1501224099611557889
1499519620184739843
1498862875842068480
1498746349810032646
1498745347472080897
1498729682451288069
1498385398715846658
1498365569048977416
1498339269957591048
1497304889030066179
1497228327916118023
1496889919159119873
1496889917032517639
1496597464186556424
1496597449464586248
1496563936283533315
1496246328967454721
1496142839432069120
1495057116637319169
1494740817176584195
1494710880361140234
1494697343974875136
1494696371810615299
1493676083249651718
1493590363927420930
1492222334706593795
1492171882132557826
1491861168855691270
1491819587519799303
