1534685455152820225
1534651481126711296
1534635079993110533
1534535725286404098
1534320551014961152
1534307968895709184
1534292868227125255
1534248839309164544
1534171184555773954
1533897274320900098
1533810948774891520
1532859683312087040
1532799635256922113
1532799540507684865
1532799417878708224
1532768674188300289
1532753993742618625
1532736069069852674
1532480929196699648
1532467345402339328
1532467299768229901
1532161717932900357
1532161716775264256
1532161715483381760
1532089444014116865
1532059500185718786
1532059435404697600
1532029201586561025
1532009489578307584
1531737531607310336
1531259135043391489
1530291925407891457
1530219145081544705
1530219087858651136
1530190175657148416
1530190132862717956
1530190060481564674
1529990771113447435
1529929114672676866
1529857585272201218
1529836001463570433
1529658455870545921
1529658454553640961
1529658453492387840
1529658452196347904
1529658451097530368
1529658449935618048
1529658448094412801
1529605820362674176
1529469808768651265
1529433348082237440
1529225090365366272
1529201821989842944
1529183825435463680
1529165412746809345
1529165370157895680
1529115143422021632
1529115078905184256
1528888509112627200
1528855791985369091
1528828112229761024
1527997641807872002
1527801115080810496
1527801113088606208
1527740945944367105
1527710753934872577
1527667839632609281
1527667765783453696
1527667693540745216
1527650362454429700
1527392539304677377
1527392401836281856
1527379904299270144
1527362906139963395
1527345032310640653
1527313864873738241
1527242676919119873
1527042595192336384
1527027496750923780
1527014336614608896
1527014278674407424
1527014224450539523
1526956980966932483
1526876500368076800
1526669496521465858
1526571754550095872
1526571706315329537
1526571657288200192
1526517898449018880
1526291398768705536
1526269614103187456
1526155505902575617
1525898811427545089
1525211781714649091
1525181582105104386
1525143848418041857
1525113646967230469
1525067077320572929
1524887146137432065
1524830782593896449
1524766347959300099
1524743026605805568
1524742970003673088
1524742790680297475
1524721063329939457
1524539860220100611
1524521168639774720
1524520439766294528
1524508396451364864
1524387304248418304
1524136800247238660
1524062538912129024
1524062537439924231
1524046503853109250
1523773553878872066
1523740711463657474
1523675577399803904
1523362096557301764
1523060107281534976
1522697721395638272
1522678840471998464
1522668427856523269
1522654110029332484
1522613097013329922
1522613045243133953
1522612968705376257
1522612618292252679
1522592036632686592
1522589783389786116
1522561827086888964
1522305113574064132
1522291473571536902
1522259655140982784
1522233779468877825
1522233707641421825
1522035164985049090
1522034924622344192
1522021297462595589
1521984263985319940
1521974436362174464
1521955322960568321
1521924368779120645
1521916381704466435
1521890917740945410
1521881126947930112
1521881082509070336
1521853105729638409
1521591749323464706
1521591659510779904
1521591565340319749
1521591511007252483
1521498236158107649
1521307997468860416
1521307995979845633
1521246905111662598
1521161209088724992
1521161158404841475
1521146400997879808
1521142467365584898
1520523390532014081
1520132266797805572
1520085512639463430
1520053213927460864
1520053156251635712
1520053089629265920
1520045236990332929
1519794836928274432
1519790761281302534
1519780719043751938
1519780670830170114
1519780613628305412
1519780553578397699
1519747155614961670
1519692930302181377
1519670267534008320
1519647624374149123
1519462518867075072
1519412364973678593
1519360727609487363
1519346046559789057
1519315428216033282
1519276421100802048
1519047412228239363
1519027632566075392
1519027570825699330
1519027502710243329
1518990372197777408
1518990315277131776
1518960893870153729
1518931588465278976
1518710190455021578
1518706183598653450
1518706182436839425
1518706180117442565
1518696379144708096
1518672321724223488
1518588171956670466
1518552296967356417
1518552295834894338
1518552294589140992
1518552293439938560
1518552292290703360
1518552291103678464
1518261396542218240
1518051276017262592
1518030076981530625
1517583293230759937
1517548791074676741
1517499303912108032
1517225073500999683
1517141108400209920
1516869316410593288
1516834218977939464
1516811407429451780
1516782472826085376
1516595403390656514
1516496592475500547
1516381974360907777
1516381973283020806
1516381971991171073
1516214947587538959
1516206402930413574
1516206401474994191
1516159640110866439
1516157259709038605
1516053940168654848
1515661350978179078
1515070546874191880
1515070449889206272
1514966787992940551
1514710091056005129
1514698639486111746
1514681800467095555
1514681638084616198
1514681572368261130
1514265689221210119
1513985307556859908
1513970608090095625
1513970553912180744
1513955259621777411
1513955152893554703
1513955082550841349
1513950205930053642
1513865529760624643
1513607824227586057
1513563515168165892
1513529373034438656
1512543861071089674
1512543859024306189
1512516880799612943
1512505558858752007
1512503634499620874
1512503526739648526
1512438552658915332
1512175838690783237
1512150232687128583
1512095978865709069
1512095878600957952
1511806245237366792
1511805737156362241
1511766514097086470
1511766371608186883
1511737542286192651
1511727935346003971
1511727571062374405
1511716789243334666
1511716418777235457
1511705208568614912
1511705144622256130
1511702282777337864
1511702281351278597
1511668738847875077
1511499354951012356
1511499326224281607
1511499226236207106
1511460373991407617
1511439233445240840
1511400891882082306
1511339696382689293
1511143253512441860
1511099798488760325
1511042004439941127
1511025146974380042
1511025098605617157
1511024997413838855
1511003149309468686
1510953611769135104
1510746276119420941
1510255732771500050
1510070762765443074
1509989735330197507
1509989670792355841
1509989611367501827
1509988680643096578
1509988587214938123
1509988528511455238
1509976357912170502
1509976245827739650
1509950788180791303
1509915603955556361
1509652758818926592
1509638075852464139
1509638000661213189
1509637896097177603
1509637779445137415
1509631039123214336
1509608358050889730
1509608315021582345
1509608233341788161
1509506319467876360
1509496981839880197
1509485658263506945
1509312012895105025
1509287105951940610
1509200858176790534
1509192668575850501
1509192615564091392
1509128302740443137
1508922766514393099
1508922715851431940
1508915651238264834
1508891103294074884
1508890938940268557
1508890880756826119
1508827541720731650
1508827492337037314
1508524677391601669
1508504195455873028
1508484697004953611
1508458904958783488
1507430924354523141
1507430864841490441
1507401936672210946
1507386836485910537
1507374722023104517
1507374660358451200
1507374587763470348
1507311338649006083
1507107488432209920
1507096162225963021
1507087800549711876
1507087580529147914
1507076389601742851
1507076338733170692
1507076293363482627
1507056626859188229
1507042647160115204
1507040333158305800
1507040300799303681
1507039740054417419
1507014739662045197
1506756511233626122
1506707492088205316
1506631860738306048
1506590329104855041
1506428010647408647
1506412911295488000
1506384188932599811
1506355975686705165
1506314764397408258
1506299504127062019
1506286273874509826
1506286220258783232
1506285993682427911
1506087424245616641
1506042974165164032
1506022452593565698
1506012248262725634
1506012185247764484
1505997673987457036
1505990126895185922
1505967480442953728
1505756083318571011
1505288003459194880
1505197409323958273
1504925615203311617
1504903740037419017
1504903437594550273
1504903368124289027
1504903296573661184
1504903154000875522
1504903063919906823
1504902979031379973
1504902874547081220
1504902805198413830
1504902673597968390
1504902626651086851
1504902515674001408
1504902450830061570
1504902357737480200
1504892566961106947
1504892495519432708
1504892431955021825
1504864306009198593
1504830453315952641
1504602212068114432
1504600971325808644
1504585872208850970
1504554349795622915
1504554301049516039
1504469953612697600
1504442436583571463
1504426068429754369
1504218297113317379
1504218174778187786
1504218054993059844
1504217939981094912
1504217883924213760
1504217749249310728
1504217633293541383
1504217516041723909
1504217421070147588
1504217359464206346
1504217140538314761
1504156451874521089
1504150651269435393
1504150577059618818
1504125763053928448
1504084840181866504
1503901411347685376
1503842221325524996
1503831207108399122
1503831146035097618
1503831087486803970
1503799275020509189
1503763049223794696
1503745580077658113
1503745529901207558
1503745415463813121
1503513809020878850
1503498900610686980
1503487430694948873
1503459150491275268
1503459117196795906
1503411299824410630
1503411236330885129
1503411149366247432
1503385469685481475
1503360376544628737
1502690885821247495
1502660698660388874
1502464393820270593
1502411546156154882
1502394038435160065
1502376391798669317
1502366505513725957
1502366452178894849
1502366357899423744
1502354103262978048
1502328497573744641
1502317289621839873
1502317222747942917
1502317177613045763
1502317118326546435
1502317070964465667
1502316980577132549
1502316889845993475
1502316834640572428
1502316790692646921
1502290763606106123
1502127398443233280
1502064402232750102
1502011620851130374
1501969845012869123
1501936107407114245
1501927078433804289
1501927036473987073
1501890614710861824
1501699351676166147
1501682834418851842
1501649680790343684
1501618823484436483
1501572442472554506
1501550277329141765
1501346836774330368
1501338485109805059
1501269486544076804
1501045042873577473
1500974454868164608
1500941438594523148
1500896650033831939
1500637356239376384
1500136266741989377
1500136265521537029
1499867282863841282
1499852183331741703
1499806888195760136
1499777107848744971
1499763047166005258
1499762959022755843
1499762882183143432
1499530659487957004
1499530610200784896
1499530551551799299
1499512445668364297
1499490841135616002
1499490768297287683
1499474702330478599
1499457648718143497
1499434421740445730
1499426461572345861
1499353898997276674
1499215488819290112
1499164199221608461
1499142511842902017
1499112955874578436
1499112910198611978
1499096906013806592
1499070185101271043
1499052539593072651
1499052511029862409
1498870921695842307
1498840207612907523
1498830378408292356
1498812474023370753
1498787667395366913
1498768114485444612
1498747198158389253
1498714160187723786
1498714099630362625
1498713941219942400
1498686191369080833
1498685636836003859
1498441576057561089
1498412696223506435
1498404242050240515
1498387435516043270
1498387336425619457
1498373097317089280
1498308306795995143
1498055926301048833
1498055891471507457
1498054935413510145
1498009224441475075
1497991053697335299
1497980411510616067
1497970422788366337
1497725787243487233
1497725642573557767
1497676649466404868
1497307915023233025
1497255074023755784
1497240730091331587
1497187120649322497
1496979806667354118
1496979763088531457
1496972684915265537
1496950560402010118
1496931942293512198
1496909697529434114
1496848522381041664
1496848427354890251
1496635994426204163
1496590586819891200
1496590208829169671
1496575593223127040
1496545762322358276
1496515199913934854
1496243405244059653
1496228307754528770
1496184058166059013
1496169467298074626
1496130088877842437
1495760229866242051
1495597119352320003
1495507948046589954
1495503525899431936
1495173083572977669
1494801661675638786
1494801400202735620
1494778753179783169
1494766001086504966
1494756101622956032
1494703263052009476
1494694659939000327
1494694628548878338
1494650403979513860
1494514185530712064
1494464425792876545
1494444209679573006
1494441208495628289
1494441138874421249
1494418091232612357
1494393715691032581
1494378769217425414
1494328247219224587
1494326060200067085
1494143502204211205
1494081284913696777
1494066637745577984
1494066636143353856
1494066633224388609
1494038880172920834
1493976251798900737
1493952052409495553
1493658962977304576
1493634963035463683
1493620705983934468
1493591023318147076
1493406748748791815
1493389605780996096
1493346112295559176
1493299006348267520
1493293164622405637
1493293078798802944
1493292956882804741
1493279315714269186
1493279313462018048
1493253702337150984
1493193310273347587
1492232147977097221
1492232094600286216
1492166539386265600
1492113691776630785
1491940046475345922
1491917397661343744
1491904868759519235
1491904433105559558
1491881354325381121
1491860356586741765
1491860281366044672
1491860052793344010
1491817583556845571
1491817481463283713
1491810228689645570
1491782850311458821
1491614394408742913
1491539908556640261
