1534616516267847680
1534606290219040770
1534584550894051331
1534560154259230722
1534263505293135874
1534211851998961664
1534173874274897920
1533901490812747779
1533883102153547776
1533853314454065152
1533850847607676929
1532825720652693505
1532800658407149569
1532781086585065472
1532508546717319179
1532410213919182848
1532079267974103042
1532054619899105281
1531733755743850498
1531714881249943553
1531259632085348352
1530243183853981696
1529893630806306832
1529552993128939520
1529535117399564288
1529280347178946561
1529211661047025665
1529143142468952064
1528821052851245056
1528786581041172481
1528736916308377600
1528423180137791488
1527751048265351170
1527694033967005697
1527667259551932416
1527652784081973254
1527444741322858513
1527363884088143872
1527345573656875014
1527312345671692289
1527070195453411329
1527037665765380098
1527026161406066691
1527026160332328962
1527010916075724801
1526886836924305409
1526696283674755072
1526696282697486339
1526692900876308480
1526683188197838849
1526665954830209026
1526624268586561537
1526293479265120256
1526261709358366723
1526256629204787200
1526234847118864384
1525606250536386560
1525469264945242113
1525469263905140741
1525469261531074562
1525271682004443137
1525226628707586049
1525199290078986242
1525188949416755200
1525188948234055683
1525188947026096129
1525177384776917000
1524838129789718569
1524825146154012674
1524785219995410434
1524514044035710977
1524502251775143936
1524456557903327234
1524441699614867460
1524136395769622528
1524076409219596290
1524046701807423490
1523768793247662080
1523707113620393985
1523280449019457536
1522679665302904834
1522677739924467715
1522653398125928448
1522612629197496321
1522596675193298945
1522309515118587907
1522305582094557184
1522002515952345088
1521952747247050753
1521927259405361152
1521882104757428224
1521865786079461379
1521861067290423298
1521786056777076737
1521785864359227394
1521606479282905088
1521316057897750529
1521260357238591492
1521235364899430407
1521213840607830016
1521191366235246593
1520531432703242240
1520476680770445313
1520115457356976135
1520099127123709952
1520079241962037248
1520059503236071426
1519775033413021699
1519734143302709254
1519734141884977153
1519716582762627073
1519716581189709829
1519502295356133377
1519404746175664129
1519357263462424576
1519357261482713096
1519320535292858375
1519070285823098888
1518970639310274560
1518938039048933379
1518703899447754752
1518686912617275392
1517602353104527365
1517571872547819522
1517548075803451394
1517548074499031040
1517519626133024769
1517242021601157120
1517233422812553221
1516871133517299712
1516840546798555140
1516830548454514692
1516463092774977541
1516139246519791628
1516137612423368704
1516135733102526464
1516112565172121603
1516112337912147973
1516110185365970944
1516076731936956430
1516058013882269702
1515675281071161349
1515071285532966925
1515036923517181953
1514996498685206532
1514996497221402628
1514752147564412931
1514686638168981511
1514635149350256648
1514635148083482629
1514635146934247425
1514635144686186500
1514588140446625797
1514433542062854153
1514433540297007110
1514333791359275016
1514259335383244807
1514234768761708551
1514214654775595015
1514039445900697601
1513987628307296272
1513987613056811011
1513987447587319810
1513941112494379012
1513941100150542345
1513904859526971397
1513656957940518916
1513591452592492549
1513591391389200384
1513548290423468048
1513522849906147335
1512496923583946752
1512131107516518406
1512086800780591117
1511815946553466882
1511776176871821331
1511735762848526352
1511734267520368649
1511450692522811396
1511444896644747268
1511311631636119556
1511096560796454918
1511096557432709120
1511092048920731656
1511060854430707723
1510368406943453188
1510346915250061312
1509957162667331589
1509913835876102150
1509850495959056392
1509692353514254336
1509669592435728385
1509629904320700432
1509574504271515656
1509521937688629254
1509259408563449862
1509229542329757697
1509169250287730689
1509164814890844167
1508939290335657995
1508923348214030342
1508901569047273482
1508885530460798976
1508849016666214402
1508568435038593028
1508546069050892288
1508495075713634316
1507845828009996292
1507416011150086150
1507091440396079109
1507050944281948161
1506745956221562886
1506739492773933062
1506727669651619841
1506653649296146440
1506369354891411457
1506272016416055300
1506012902503096321
1505927087735152641
1505926917777678338
1505914798583783424
1505008023613411329
1504905921369100290
1504865226071674887
1504858110124564481
1504839385744871427
1504786232081068061
1504782660379582464
1504589714560540673
1504526035924226053
1504227697593143309
1504215001917177867
1504157748702986247
1504144858163912709
1503867553986355200
1503843911319572487
1503843904839430146
1503824699805024264
1503800102519029764
1503436301139329027
1503436296882171907
1503432606506967040
1502439307017076738
1502385864898396162
1502301732419866628
1502050602418905088
1502041006828666881
1502022559080103937
1502010896272535562
1501996029541072903
1501775379043950595
1501775377886322688
1501775375948562436
1501726827894784004
1501721306315821059
1501617269536964622
1501585407712055296
1501583340767432708
1501345891277438976
1501309521041313793
1501298998770032640
1501241268902498311
1501227157116239876
1501001280927547392
1501001251739344896
1500960130732638217
1500935026959171588
1500916733699399682
1500595655210901504
1500595648743235588
1500260021271244800
1500205635773759489
1499861271902134279
1499846305660776449
1499601665804152832
1499508412417286147
1499508409393164289
1499491050968150017
1499483092955942919
1499474689638518793
1499474684445958144
1499420560828338179
1499167417750200320
1499147804052176898
1499102104987869187
1499071479568388106
1498877863344451590
1498858341694689280
1498855219022680068
1498851914154455041
1498850878492708867
1498850319379402753
1498841236903546881
1498833243050758153
1498812386567938052
1498809183533162497
1498800487541448706
1498792078515617794
1498678740007665672
1498467235945496576
1498467228039237633
1498460226105790470
1498454202141585414
1498451000528621568
1498449724873265152
1498449648947798016
1498437166602596354
1498437137938751488
1498427809852760072
1498411643310641155
1498384877372194824
1498322460390961155
1498322459157749763
1498322457912127499
1497984429666541570
1497984428295004161
1497332564410830848
1497262344992346118
1497234630411526153
1496852263591104515
1496852262198652934
1496621524580769792
1496590375770898439
1496520345800658951
1496506724328648714
1496247123830087687
1496135843928592385
1496135541036830726
1495837587059138564
1495775500702208006
1495459208501862414
1495407276143915008
1495147989979090945
1494803647267495945
1494752565795475457
1494418040733282305
1494415073573539842
1494399379809071104
1494084592369868800
1494024974335721472
1493727609636601859
1493691024450928640
1493664011069579269
1493656286881370115
1493636670075322368
1493383523901886465
1493383503358177282
1493342351334461440
1493313348573802498
1493271443311890435
1492312055738781701
1492251737033527301
1492251735515181057
1492228521644732416
1492220471852642308
1492198667364839429
1491866199713529860
