1534273937428840454
1533418368975388672
1533244711812550657
1532815161978929154
1532799640256618502
1532799616294715392
1532775901359919104
1532757425463369730
1532509360512958469
1532500658825330689
1532500636692103168
1532352071944617984
1532352031012315137
1532180449774211077
1532121522009260034
1532103143269466112
1532084873783132163
1532036855151136770
1531641456041111552
1531244036144652291
1530253225546469376
1529934541586153478
1529922334253105163
1529824663781576706
1529824642671648768
1529824635373486085
1529576811511914496
1529576810358382592
1529576808873590787
1529569587544588289
1529233017042096129
1529173212214571011
1529173186079752195
1529036006107713536
1529035966807015425
1528830453263867905
1528022179228659713
1527743844653072387
1527393046962139137
1527344576566284288
1527027588761280514
1527023806187020292
1527023663282900993
1527007137137938435
1526975679774048263
1526975645917581312
1526568456560201730
1526290137742815232
1526228817970442240
1525878579166334977
1525552378572840960
1525552333807140868
1525259862640304128
1525258226777874438
1525144217277931520
1525144157450293248
1524932550661120006
1524932501789200384
1524932344855023616
1524843529549271059
1524837490883973125
1524525119548411910
1524518914788630529
1524473983818739714
1524084574610989060
1524029197538275334
1523274431874932736
1522684571699060736
1522592310030127107
1522592236885716998
1522571564012781571
1522349157184327680
1522349155628294146
1522237526076968961
1522237456275415041
1521958617699790850
1521923316159762852
1521923302113095681
1521874520331767814
1521841899480494081
1521841886323146753
1521610672005656577
1521595626722635776
1521581214028771328
1521564590022316032
1521539384100769793
1521486613578145792
1521327408447639553
1521240870175092840
1521182418266476545
1520815007478517763
1520104901367549952
1519817629875245056
1519817605208547330
1519807452111331328
1519670331920859136
1519487768031862785
1519487766823907328
1519487765238456321
1519487764051513346
1519436992672677888
1519385381027856386
1519137932610781185
1518606519364898818
1517585349928701959
1517585231695515649
1517224205300998150
1516576632076738569
1516467041359863809
1515677326381572104
1515353292435595273
1514708586450010116
1514704537323507725
1514697485675028492
1514697468415549449
1514673997916643329
1514669899540541446
1513952956844056579
1513885663497756682
1512434767551246348
1512205447708688387
1512205431325798401
1512135235936428032
1512120451916603396
1512092867652685828
1512087232990961669
1511896841612312578
1511803775127859200
1511774010601885696
1511770835421478917
1511769728666292228
1511714481012940802
1511168422004076549
1511168413762260993
1511080335219609607
1511018062195085321
1510315994115420168
1510223952353894401
1510223920292630532
1510223897299496961
1510006032134717444
1509958236199391237
1509947081682788360
1509935269465759771
1509919144493387777
1509919131210076160
1509661475023081477
1509642066468524037
1509639040970153993
1509579716428288000
1509574422402899975
1509250451769810947
1509199707146440709
1508908612940402695
1508902908510748684
1508891627657515010
1508834707731058692
1508547957876039688
1508529599331942401
1507171035761758216
1507170212994560007
1507051835575656450
1506994556612579333
1506800634942664708
1506707357425881091
1506325756435181578
1505948551288926218
1505948207293022215
1505924596431835141
1505908727911694336
1504908069670633481
1504874453787893764
1504849244863311882
1504837318523371528
1504666600183586818
1504543186739470337
1504542895499534338
1504542866835652610
1504487480904531968
1504456966395113476
1504456951652134916
1504456907100237824
1504190231897120776
1504155023470702594
1503849018123857921
1503848245662998541
1503823245132316687
1503518068156342274
1503458065122738187
1503457947518652427
1503445709940531206
1503373647314051076
1503367338485239811
1503338971157438471
1503123756281171970
1502681874438701057
1502420013294276609
1502407974001819649
1502407882591158276
1502407789360123907
1502407583696658440
1502407443510435846
1502407430080278535
1502385143280979971
1502385142261862405
1502385141326491661
1502385140215042050
1502385138881155074
1502385137660710923
1502385136511651840
1502385135274139660
1502385134112325637
1502385132749135872
1502135592284528644
1502045367822606341
1501927185019547655
1501714177001467904
1501680567489908736
1501670799853428739
1501318190457966592
1501278167868362759
1501172454122827776
1501172433423937536
1500571304432386054
1500505357499736069
1500492569704374277
1500236900279455746
1500147620114747398
1500119036780294144
1500119007617298440
1500118991926439939
1499910328116727808
1499910246013313026
1499831821298720777
1499815611379195919
1499772723840667653
1499751089985499151
1499751063368388617
1499503540917751811
1499411986492362756
1499411952602431491
1499210858584494084
1499165233667092487
1499164602453667840
1499091809062072324
1499072834076880907
1499063264029855753
1498863993078915075
1498863965476204548
1498860392302448641
1498857857827196932
1498855521264316418
1498855506395475969
1498855464955793410
1498852755083079685
1498847832303886337
1498778369017716738
1498728672974495752
1497570446010728448
1497250373228191748
1497233520917454863
1497231972871151624
1497230999608078339
1496989021603786753
1496947641304948738
1496931582208356353
1496852949288558592
1496663702199803904
1496542445827465221
1496542293163233282
1496477717218398210
1496477698201378817
1496477679683620867
1496256727733448704
1496204446828830725
1496204445843132418
1496204444505100291
1496184362706030606
1496184343970164742
1496162271625719813
1496162213056368643
1496153154353872897
1496153069838643200
1495774104598765570
1495770193821323264
1495770152679485445
1495750824370311168
1495483196745601026
1494484444593414144
1494484432375455746
1494334499387183108
1494064444250464256
1494017630843375623
1493997726530519056
1493997708092268552
1493636607085318152
1493341645118623758
1492296172102430725
1491877126353702917
