1534612836110024704
1534601466706550785
1534592421476155392
1534586860433035265
1534582704024563716
1534528511569977347
1534515473496276994
1534272742480019458
1534219433442426880
1534217196859232257
1534207088783773697
1534199870382301184
1534195899785691137
1534183026279718920
1534171706276954116
1534170884402987010
1534169961626755072
1534152709862989827
1533925495108165633
1533156106775691272
1532746920866762754
1532404580503494657
1532384042003230721
1532074503693602816
1531987679113621506
1531754906226409473
1531693891392524295
1531631238922096640
1531281777712500737
1530281115247951872
1530270113475268612
1530257329584848896
1530255011913031680
1530228829477818368
1530209716193972224
1530175740167090177
1529989888430559235
1529893982817464343
1529852401611595777
1529447230163369990
1529155362892439553
1529129568883310593
1528874685131173888
1528870366864887808
1528798289075871744
1528795808073662465
1528730371126353926
1527734393049124865
1527668994852929536
1527353122267725824
1527326915584876545
1527301857898418182
1526994584269639681
1526977249618104322
1526634630488760322
1526586919089541120
1526213777833742343
1525181801072775168
1525141913090891777
1524886303732555776
1524804338425769986
1524762389710843905
1524751968752779265
1524454609875521537
1524432710567178240
1524029117406060545
1523759026022060039
1523697662738022400
1523267685353721856
1522580209211527175
1522222695529787393
1521867246146142208
1521840819375775744
1521530133244522496
1521145583691612160
1520038523516047360
1519679056945594369
1519409300803833856
1519403071910158340
1519338760982388741
1519309314665730049
1518974956386009088
1518947302173519874
1517599689444675585
1517473048655446016
1517129776254783490
1516846022924079104
1516821797068546062
1516798993078140931
1516796507973951502
1516473810538532867
1516142555649478659
1516087812747141133
1515660302372716550
1515093048799252483
1515093047436062723
1514946057595142147
1514607027623923717
1514303675195437056
1514270106439888896
1514246733550739465
1513905612198977540
1513881036836552727
1513541570397712386
1512570489054674948
1512513105728872449
1512502758959636490
1512502757667840006
1512445160487067652
1512422761003577348
1512134574817558530
1512131321392422913
1512102130106183691
1512093378959360008
1512062492951810048
1512062447821090832
1511781775554531329
1511738280320065540
1511721664584769545
1511418531434438669
1511410556778987523
1511334026430271508
1511333892783054855
1511058614613684228
1511051446321651712
1511021798586032128
1510979510803574802
1509900895324102659
1509899917224992775
1509882018963738629
1509877690458939394
1509634756123709442
1509621386431639566
1509522672757223425
1509285616067960834
1509227169989419016
1509162419863658496
1508901528886816772
1508900177171603460
1508866581362794507
1508817266414084102
1508528453884301321
1508508695642132485
1508504990314287108
1507405578745880576
1507393305188966403
1507146787181768706
1507145360359182352
1507113033369374720
1507110981138358275
1507107434392924162
1507107322350419978
1507103379402727427
1507066321930002436
1507036510784311297
1506996707514626060
1506996706415681536
1506996705341984772
1506996704213671940
1506707007348301827
1506649626446905347
1506314757309149194
1506275694107668490
1506011035429646336
1505988544191516682
1505965562899447809
1505940426099941379
1505916210260676610
1505146892354826241
1505146890874200070
1504847325633601537
1504829007673634823
1504542849190215696
1504495647323529220
1504462820376784896
1504175928708112389
1504136591513636867
1504133119846326280
1504133038640357381
1504088327686963200
1503832885165531144
1503793554149322755
1503762747502256133
1503404858661036034
1503402865603264521
1503388877557534728
1503386015775531008
1502387502077952015
1502315324426924039
1502126334847377411
1502036671038201861
1502027399550144521
1501973988834258947
1501940350448910338
1501940319746592789
1501665127644467200
1501664962619613188
1501634861941104645
1501618783928078343
1501618677585694722
1501618581850710019
1501576072437059593
1501570467836178437
1501292600086646784
1501292556780462089
1501244921243746315
1500952439939346433
1500865764802367488
1499958569621499904
1499860401521315841
1499772339378171911
1499755425100664837
1499512030952361984
1499493871008587787
1499475417497014279
1499410394351378443
1499404226350485505
1499403579630706689
1499089925366497289
1499082858434113540
1499067520006901761
1499050644921102346
1498862358868938760
1498858532761968641
1498855261863395332
1498854363376332800
1498850945920290819
1498850446332645380
1498848748834861056
1498847745699946497
1498846494752919554
1498844310929817602
1498777084319211520
1498759403159408641
1498753937066926082
1498735797738123269
1498687698801995776
1498428646146650119
1498412769841922052
1498412768483028999
1498400053769248772
1498399921287970827
1498399375625793537
1498333163113885699
1497295123784294408
1497234247081361413
1496965975283011589
1496936628518068225
1496866510698123271
1496562227540865032
1496526943457624066
1496161014924169217
1496161014030684167
1496161012998971394
1496161011296055299
1494783447071604741
1494686268978089987
1494681262350610449
1494418593773199360
1494411948179566593
1494355865108946947
1494345225606770689
1494336958742470663
1494330021569171458
1494068315098165252
1494055015824211969
1494054960098689024
1494053333644025856
1494025392734314500
1494009034537676802
1493965051782381569
1493958393568059392
1493721643008417796
1493693293686886405
1493665712946229252
1493661608555552773
1493656021008633856
1493600001800429568
1493599889040842758
1493599824691798021
1493352492234690563
1493352482923237380
1493352474954108936
1493352466167091200
1493352453189906442
1493339006179893257
1493334630421962762
1493323588027531279
1492238948961337346
1492238947547815936
1492238945995923457
1492124204929622020
1491879698607054853
1491879285954691073
1491847116339171329
1491804703146999809
