1534656781351370752
1534641954172063744
1534641952918065153
1534618320644755456
1534609483003006979
1534564517400788994
1534282773522939906
1533803614648602624
1533164433232384001
1532836795125202944
1532815035042504704
1532725610891694082
1532481684016287744
1532142700513964032
1532092152263626753
1531993543958732803
1531275234917003264
1530356178600853504
1529551375272648705
1529189239396700166
1528810864345853954
1528044949131800576
1527704260099579907
1527425915977875456
1527356709563355150
1527333271813513227
1527301648254529537
1527045302624178176
1527045290053730304
1526681904996564993
1526632674273677312
1526274064276504578
1525552274432356352
1525233641374289925
1525113410870030338
1524864846508048388
1524836470057492480
1524788421801156610
1524507591858085888
1524430411581042690
1524381307995832324
1524095501884440577
1523744356993499136
1523316625897787392
1522680697785356288
1522585646438699014
1522585644467425283
1522288558740066310
1522019094077317122
1521954205136732160
1521908475462397955
1521634053971193856
1521599509524099072
1521523664960774147
1521249969847611393
1520084954448908289
1519765170540720130
1519700280534786048
1519674673021206535
1519417833154826244
1519362966033944577
1519057954745503745
1519057952073826305
1518700674619432960
1518670050365947904
1518256320633262080
1517230163934785537
1517230162135367680
1516913562375102464
1516828147471290374
1516767372702535689
1516552237274873860
1515700306063114245
1515360985804161037
1515355534098063361
1514991190193721344
1514690471901151238
1514388802801836036
1514388800306253824
1514316580573786112
1513955552388255746
1513871686482870272
1512894920675233800
1512472653382234114
1511796916773916689
1511750731296129029
1511462058960769028
1509961226805207050
1509961225555390481
1509961224024375298
1509925882026205206
1509924986840096776
1509616475987980293
1509207798143459329
1509205237575426049
1508986028173975553
1508986024998932481
1508922371192852487
1508922369037021186
1508836446916026368
1508826798779514891
1508523053009055749
1507743447272284164
1507443822296453128
1507091161781047297
1506652175702888453
1506361000030879749
1506328449232871436
1506033589435179008
1506033587254140928
1505261315069296643
1505009043127025667
1504933581608693764
1504882705191821319
1504547237891878912
1504501543193780226
1504106125465169926
1503769932982591488
1503769832617123842
1502331130661457921
1501986849153290245
1501981818320560133
1501931986625040389
1501787636654125059
1501670376711102470
1501670374160969734
1501632461540925442
1501332659708080130
1501257347980689410
1500933238986059784
1500528984953606144
1500223847760642048
1499848958318948361
1499502332756828164
1499453581916790789
1499453580293644288
1499401804601167882
1499156430296858624
1498866266383212546
1498850708010979332
1498847105372336131
1498768402592280583
1496925881914343432
1496648554881896458
1496536015162519560
1496440422373203971
1496237356856315910
1495782104675803139
1495472322425327620
1494780545582178308
1494716799811833858
1494392724333731843
1494349771909345286
1494131541735268354
1494131540074405889
1494001842933706762
1493661955697131522
1493287399094374402
1492990981372792832
1492969008907309057
1492172299767791620
1491883404031401984
1491841643103850497
1491812105229582342
