1534678606424641536
1534648780603236354
1534582088883929088
1534566991968837633
1534563605303242752
1534528532696776711
1534281379516760065
1534217667845955589
1534196907836329985
1534164255200665601
1533951908066492416
1533870761185787905
1533788395620683776
1533619394433232898
1533601971818713089
1533475444565082117
1532787702243934208
1532763341990535169
1532521886998994959
1532501206446243860
1532358784668008448
1532148167655018496
1532134823145443334
1532058398891552769
1532038415063166978
1531761363118342144
1531716404658970626
1531606085609697282
1531280481697792001
1530937595353608192
1530226014588125186
1530189259340226560
1529903379090133001
1529855613043462144
1529797947726110721
1529557228222500864
1529493188318208000
1529200268457426947
1529117118268071939
1528842005924700163
1528741196079812611
1527739156755058688
1527326159146344456
1527282576062173185
1527111658107191296
1526954827888173057
1526927159742418944
1526627730367848448
1526606636193816576
1526603921506041856
1526538342388703232
1526316276859142152
1526311242419388419
1526167536500449286
1525502548613939200
1525201914744406017
1525175289806041090
1525121595379011592
1524839166898491397
1524757702911696896
1524492571535360001
1524411139106516993
1524406437627285505
1524203444516569089
1524108232133853191
1524035510066364417
1523767935147253760
1523345671612698625
1522588108402921474
1522285717099057153
1521900998058549249
1521860183068225537
1521560720923582465
1521539925262442498
1521521413387165698
1521477607711285249
1521313720781221888
1521260747489173505
1520803281454436352
1520050975444197378
1519800380460306436
1519780664450723841
1519732955605839872
1519426769593548802
1519410887085465602
1519352545558384643
1519323252807671808
1519035163606499331
1518937560134914049
1518708964657143811
1518577974144032768
1518228038013624326
1517594170088697861
1517531196422508545
1517505486492426242
1517158895738888193
1517130756715331585
1516815119254179844
1516769665485262852
1516466459190382594
1516431452493201421
1516131461484539904
1516115440849805317
1516033263697018885
1515668402148417540
1515360971308552202
1515080797576962052
1515056490348003335
1514958817720778756
1514707022146863105
1514598429246296067
1514342978202091535
1514313050198790150
1514221534398889984
1514000259072077830
1513858987158089733
1513561561004130310
1513551528996610055
1513534916138606592
1513490296218214403
1512942940569616393
1512545745961992193
1512500881064878093
1512416806740414471
1512133241368678400
1512103512766926856
1512089097401036804
1512050039522271232
1511840744977354753
1511809362163126276
1511731502773637124
1511698635167309826
1511443417485783043
1511409317991358465
1511397205936123910
1511356580331233285
1511076128647262214
1511027962086313985
1510997930349670409
1510283411298127874
1509968957775785994
1509897410553815041
1509865736457568262
1509658691607404545
1509584952593162248
1509581732286238721
1509525328653430789
1509264701536059397
1509256546928189441
1509204654776889359
1509154678629621762
1508956308698980357
1508908879832363009
1508862278682222593
1508835887056105482
1508559395575283717
1508518250140815362
1508083498279743497
1507470613178466304
1507368153474641924
1507346034992758796
1507114416080367616
1506972694880919555
1506772823003615236
1506722063838494734
1506700057285955588
1506651802732662784
1506648875809050629
1506634591758561285
1506384443715502081
1506335010135097354
1506308473599971345
1506286395584831504
1506021031135543296
1506014339819622406
1505981587187507202
1505938146059505664
1505894662740996097
1505677642393075713
1505539775368998913
1505191216174018568
1504894182061662209
1504852928724668429
1504830579338092551
1504523634085437447
1504484747338141716
1504455960445829121
1504220944746921991
1504197076644769800
1504121556410245124
1504110960080035843
1504090589452718080
1503914386066636803
1503869855568642051
1503817364336427013
1503749233584844803
1503712969175220225
1503477136836935681
1503476737128153093
1503456877925052425
1503436017256259585
1503421160565972995
1503090719778611202
1502995248343101442
1502801125459869696
1502763494508277761
1502741266810953737
1502734924964532227
1502461451990179843
1502410726497038342
1502384075788664832
1502286013879795724
1502279855236333580
1502053667972816896
1501918903190147079
1501776925202726912
1501761636138373128
1501669753009717251
1501628444395950088
1501398441494134787
1501307830946742275
1501278215544913937
1501242433673306120
1501236316176060428
1501207752940695556
1501191077755297801
1501018978839371776
1500981059017715714
1500923624252977152
1500871397526192139
1500854880147320838
1500834388841582596
1500598778960691200
1499797609547976711
1499783601076019208
1499743192937377794
1499499694136901632
1499463487118090246
1499425652851757068
1499371810969853962
1499085972314669063
1499037066637848578
1499002890979094531
1498876757402869762
1498860713808437248
1498857176026296320
1498852324302897156
1498850995920588806
1498849069929832456
1498847414932938754
1498847281398919171
1498844164364156934
1498839345255571460
1498779224085340162
1498758517259485190
1498721347408732160
1498651571248377858
1498480103944241156
1498444201717026818
1498424608659320834
1498399454558572544
1498375684305174529
1498332193046904834
1498326441540440072
1497579586531561479
1497325472195166213
1497255074866860036
1497222481710620675
1497006418129416192
1497006415965306880
1497006414384234496
1497006412668760068
1496856608923701266
1496600093482491906
1496573244765356033
1496236047881183233
1496140347952484355
1495861540989423618
1495475088518438918
1494708263279075328
1494420691415879680
1494359944258375682
1494047930117984265
1493991954450948097
1493744641887379456
1493724343498690563
1493681278742417418
1493618523771478019
1493569793315721218
1493274725904179205
1493231249422442496
1492944255484051457
1492889907978719239
1492246420669313026
1492246066158313472
1492217308986716167
1492142545622683656
1491891382977499136
1491858568731111431
1491775255521734664
