1534610275902570496
1534544536294268929
1534232696355966977
1534178023624278017
1533860819787780099
1532841641060487169
1532711239264227328
1531266678067183616
1529232151388246016
1529232149840281601
1528736661093367810
1528007535717916673
1527679406814203904
1527378565951590401
1527339647059185680
1527051495727845378
1527051210523611138
1527051135848169475
1527022306157002755
1526993524759007232
1526940673592672260
1526926998341296128
1526683941842862081
1526644985868824576
1526563959796551680
1526549589700100098
1526336207298482177
1526288157737635843
1526276565146947585
1526230277227429888
1525887502086717442
1525180258634317825
1525148824964157441
1525106630647500801
1524426267898130432
1524389743110373378
1524120218846437377
1524109315606470657
1524088379197083648
1523757460724805632
1523299292974575617
1522653498545946627
1522583491380187138
1522299836493619211
1522233782165770244
1521863519179874304
1521495704635650050
1521232794227200001
1521150920884736000
1520083111819845632
1520039895636582400
1519760598682198016
1519686289276162050
1519679174465753088
1519409312816324608
1519375424404480000
1518999627491643394
1518982273101701121
1518961058597191681
1518646887573770245
1518629072192036864
1517506678878572546
1517506350292611072
1516851075495694337
1516782275878436874
1516420540172484618
1516140925231288321
1516121790518546436
1515683999825469443
1514959224073121792
1514657447910203395
1514357216903680002
1513897866112208904
1513540178744610819
1512437070802964481
1512133208581840897
1512096182599925760
1511834436307935234
1511706916405264386
1511455489451864068
1511399196313763844
1511066294245806088
1509939515418365952
1509909850624606212
1509620718190878721
1509565508206661636
1509531125764423690
1509216300211613699
1508864692797816837
1508839943975616522
1508473443687223300
1507410888399241228
1507373146801856518
1507025735323725830
1507006449355948035
1506279039908167686
1506027923433742345
1505961534832394247
1505216588298997763
1504883513757257728
1504883512536616966
1504855146341228547
1504838816250662912
1504533031180136459
1504491149658054657
1504475663855587343
1504458798152531971
1504447907734372361
1504442693816049667
1504171592099803139
1504171590925307906
1504134746703601677
1503825129230544910
1503794579857887243
1503490565257711617
1502412783102709762
1502328917692137474
1502074027715747840
1501942703126286347
1501766648063270915
1501714849398595586
1501695302717345807
1501687257178193920
1501248114992242690
1501226112797577226
1501210249637863425
1500959918354059265
1499844629973422082
1499809275991973888
1499784233983766532
1499489791892549636
1499454202048921605
1499444275267919873
1499391707405770755
1499378719789621251
1499358767833620480
1499155709656711172
1499081017277222914
1499045339424342016
1499028184658030592
1498872578752106496
1498797486563016706
1498767316640837636
1498759555001602057
1498754377481338888
1498685424130220040
1498371519910760455
1498322410822676487
1497967244487258112
1497276250959847425
1496877475972157440
1496528763416616963
1496237404990185476
1496172022556155909
1495775323870269443
1494735717079126016
1494703821859213314
1493334054753775616
1493291187377254402
1492549931973943303
1492549930627612682
1492219830149255171
1491830190963662849
