1534662551023271936
1534659007058694155
1534642418515120128
1534641902632435713
1534637624220065792
1534596365308805152
1534578587663224833
1534570962678579201
1534528808576897024
1534527104926093313
1534308389416845315
1534307482365046784
1534275565498290177
1534265965789200392
1534239011992215554
1534216197981589505
1534213091969355776
1534205133239861248
1534187140455841793
1534178843380047872
1534178841937190912
1534172154702471168
1534171576811368451
1534007396858839040
1533997242817945602
1533995668876009473
1533968891445116929
1533959202674180096
1533903646886440961
1533880781659045891
1533879825202561032
1533857915655839748
1533839916563587075
1533661133701259264
1533483588381028354
1533462000029802497
1533448343099265026
1533442321198497792
1533442205729361920
1533441465958948864
1533425822857674752
1533268030163144707
1533097680179802112
1533072995027124225
1532911774340722688
1532907901282557952
1532870746594234371
1532853288877572096
1532844686008029184
1532840274430410753
1532835829651062784
1532821803751579648
1532816343245914112
1532720880807301120
1532720617648181250
1532553439229747202
1532528958658445312
1532517602391728130
1532513619719618582
1532509185203634180
1532504192782327812
1532503424415170563
1532502990623473680
1532466218648625164
1532455414423486464
1532454478003290113
1532443702823731212
1532427357633531904
1532427355368607745
1532420579915177985
1532411468242616322
1532408094596206593
1532405667583217666
1532377678078255107
1532373825484206082
1532372508275613698
1532367547177254917
1532362180179415041
1532348849272020995
1532097015856914437
1532081894002769921
1532058288539332608
1532045329633267716
1532007720127188994
1531998225170944002
1531834175241785344
1531822077635862528
1531817161437728768
1531816831257919488
1531762312117473281
1531752153517285380
1531750430060990466
1531729246888009739
1531728076136120320
1531717581241036801
1531706983459569664
1531690478072119298
1531681200288456704
1531677204198965248
1531662353825255425
1531632953259876352
1531609567913705473
1531481589531697152
1531472321462018051
1531449386093498369
1531394372016738304
1531375276600528896
1531370792071602176
1531333707285635073
1531332902495178752
1531328523998220290
1531323502485282818
1531283800059265026
1531095182237655041
1531092812241985538
1531091121685811200
1531090132996132864
1531053360589185026
1531040304509353984
1531038193201684482
1530992817882939397
1530968477602828288
1530956666841219074
1530905012964139008
1530904918109847553
1530901517196197888
1530901066656714754
1530741807310569483
1530733360372383744
1530728513782824960
1530728512822329345
1530728511698247681
1530685129798057984
1530656955613822977
1530586265476812800
1530583086798340097
1530529276159737857
1530525140945076225
1530388244235538432
1530383956549541889
1530382489029685249
1530381949050793984
1530377396582600706
1530364150458851328
1530362788127854593
1530360741592694784
1530359720816549888
1530358235013824512
1530353978189422592
1530353829493067777
1530353788145610753
1530343788820013058
1530308782886113280
1530308781648793605
1530308780310790150
1530308779316809730
1530308777999835142
1530308776900845568
1530308775613177857
1530308774262624258
1530305338959880192
1530301651076136962
1530300291278675970
1530294897751863300
1530294699965259776
1530293147980406784
1530267819333525504
1530258941938122752
1530258940612726784
1530258939274842114
1530258938091937793
1530258936833753090
1530258934573023238
1530258933268496386
1530258932022841346
1530227272044748805
1530222141890826241
1530221751732428802
1530212065436213250
1530210584528044041
1530209627216007168
1530184458086776832
1530181149057863682
1530176116350193666
1530071587382247424
1530035095897313284
1530018118847832068
1530016793749757956
1530007571100205057
1529986115926740999
1529968214603620369
1529952547003326473
1529950079280373774
1529943629036503057
1529934900895399947
1529927989043122177
1529914853900570625
1529908415107055616
1529907185723097088
1529905132800024577
1529904761037651968
1529900311523078162
1529900213657382925
1529888502950789120
1529887794746777601
1529859575431692288
1529859231918264320
1529858372459278337
1529850651638996996
1529847626434285569
1529844467628384256
1529844353891540998
1529843742558932992
1529843692869230593
1529843315339890689
1529832976942616576
1529830322023673857
1529828229309255682
1529826844249313280
1529805478242525184
1529805310931656704
1529672391286194176
1529659766292766723
1529636849668456448
1529630452058927104
1529628228775727104
1529620995258064897
1529594795512963072
1529594105898098689
1529585392042786820
1529572496940351489
1529567952978202627
1529566039347961860
1529548130382905346
1529545596385779714
1529534424857059329
1529530943802834944
1529526782755471364
1529523456500453376
1529522573784096768
1529521896114556929
1529520108900589571
1529514503372779521
1529502337320030208
1529490534229753857
1529487779381628937
1529485969694629889
1529484641014583297
1529484598509461511
1529465245839900674
1529436068445138944
1529338370530455552
1529337260553928707
1529333780703588352
1529330562992857088
1529328761853943808
1529328608946409472
1529317431822499841
1529315953498271744
1529315397660463105
1529312235436359680
1529309385519816704
1529301499981045761
1529300276397613057
1529296413062209536
1529295976984461318
1529294970179420166
1529293463078019072
1529291772605739008
1529291070982565889
1529291032591990784
1529278071035002880
1529273404687360000
1529264555356037120
1529260109293043718
1529255659258138624
1529255103965839362
1529251225652322304
1529249049844633602
1529248914293006337
1529246221516386305
1529245027574087681
1529241779412905984
1529232981080129536
1529222239903678465
1529219578802450433
1529219325600870400
1529200741574922241
1529178751417851904
1529176636574380032
1529120967808757761
1529113849743523840
1528916328270245889
1528912204120178688
1528874666051264512
1528854533845270529
1528851226997280769
1528846508438835201
1528837465393483776
1528827968230936576
1528792389686644736
1528724603924783105
1528567992769994752
1528563329677119488
1528561924774023171
1528467454908846083
1528176590609317888
1528122385269932033
1528114066622976005
1528113093599019014
1528105785070321666
1528052404641574912
1528036693789528068
1528009218783051777
1527820515913748480
1527813831581474816
1527780801051516934
1527750451839610881
1527714329851748352
1527707309195018240
1527666756017348608
1527649485224128513
1527642185813852160
1527642000719331330
1527641784553201664
1527460510173650944
1527447728506163200
1527388198887882752
1527372590687236115
1527367551541469185
1527346640482226176
1527343905758334987
1527338850045272064
1527331467293908998
1527325685596860423
1527300102519689216
1527159351999348736
1527143365430632448
1527125204698284032
1527110922287849473
1527108542397816832
1527055784693080064
1527052001703563264
1527031793576202241
1527011120581689345
1526988766346366983
1526958539666857985
1526948655923703812
1526773983840026624
1526741313864990720
1526740938059554816
1526727385256759297
1526725249269645313
1526702967688159232
1526686980045692929
1526628005405147137
1526627702492504071
1526624394348531718
1526623941032394754
1526612030618206209
1526591607033716736
1526579260818870275
1526576390555959298
1526564099072704513
1526560236164751362
1526560234986262530
1526560233929293830
1526560232830377986
1526560231140077569
1526425827616882689
1526413905265889288
1526386977842647041
1526366137914728448
1526334673269432320
1526326335513190408
1526326334217244672
1526255353666715649
1526239757692547074
1526207899227275270
1526187251666911232
1526172471606628352
1526017672659468288
1525968820296351745
1525940180301103108
1525856215842136064
1525853054582591495
1525846952646172673
1525846531890348034
1525802880497762304
1525684855715028994
1525682982270513154
1525680689827414016
1525663520515317763
1525661593450778624
1525526616524439557
1525525853773389825
1525524622812274696
1525522287293767682
1525489738538536960
1525486144770670592
1525486092987809793
1525476826621124608
1525279736942977026
1525263488817500160
1525258904325726208
1525257264566882304
1525246399813648386
1525241743247122432
1525222812360876033
1525195189693952005
1525190043060555776
1525189285724442624
1525151296763973632
1525101809265778689
1524948635406028801
1524948170240819200
1524947631943860228
1524931472909553664
1524927430770696214
1524922383441723393
1524917613612105743
1524916711752929281
1524914776383553538
1524883450515316753
1524881876900622337
1524881803760357376
1524876612973604865
1524872590690508805
1524865560567332875
1524850148354015238
1524841025306513419
1524813300738965504
1524811310634086401
1524807879785578497
1524761420642107394
1524754549461950466
1524745687279222785
1524740639358963714
1524520305250689026
1524446141114372105
1524413168340066305
1524390006781100032
1524209869988974592
1524204923646353408
1524150958833520640
1524115683155578882
1524104012307574784
1524043232195354625
1524030438557335556
1524029495329632256
1523890213231210496
1523843716422721537
1523838725674913793
1523837227314339842
1523824075130425345
1523821584045293568
1523795692434894848
1523770713618132993
1523763112276824064
1523762161365188608
1523746405302816768
1523746403625086976
1523746399464357888
1523746395475578881
1523717809959686144
1523704158645145600
1523678930804539395
1523179049493102592
1523097883037167617
1523090365594898433
1523084560015425536
1523039719117910016
1523036956418007040
1523026621095038976
1522967273639710721
1522942525971243009
1522782567254142976
1522712590211813380
1522635596925124609
1522619338670452737
1522608760107196417
1522589192278188034
1522581597513465858
1522580614393827329
1522548628451176450
1522429129588715520
1522363343452921856
1522276205587841026
1522268705589284865
1522260986299916290
1522087785221525504
1521651443463303168
1521587554813980677
1521515458490478594
1521514886341308416
1521514117743456260
1521502641108439041
1521460713180602368
1521148920193245187
1521140603270090752
1521126034380308481
1521124931421061120
1520928117891772416
1520916483894829061
1520877410941603840
1520874881805651971
1520872643838291977
1520856678790574080
1520798093008162820
1520491967901315072
1520453715416727553
1520263703022739456
1520222278348386306
1520190545532006401
1520129684666830852
1520128950118363137
1520128695016505345
1520128466175377408
1520093838320230400
1520048162081320960
1520038945635057664
1520035059679571968
1520014454498414594
1519855936357163009
1519842497417166853
1519831066181353473
1519821988906344449
1519802970094903298
1519673389266485250
1519501688725553152
1519460972678811649
1519458571204845569
1519336570372997120
1519336351543476225
1519321418764369920
1519314649006678016
1519307636394577920
1519306518793015297
1519031501500911616
1518965055978622977
1518952597910085633
1518947317830885378
1518924471683407877
1518722136810082305
1518716951190810624
1518702650539356160
1518662010355044352
1518651265525374979
1518641607104421892
1518625259507023872
1518600609125089281
1518438664874909701
1518429552124518400
1518428013783830528
1518364774907756552
1518364674756165632
1518343453096263683
1518086866330923008
1518084436490964992
1517950257400885250
1517947765518704641
1517941442647400450
1517932968194580481
1517865501480955906
1517839695035744256
1517623352898342918
1517607256497532928
1517596984185655298
1517570036503826433
1517558724684136451
1517552840209747968
1517520853201739779
1517476335664484353
1517328840581914626
1517316834726498305
1517283844206039040
1517268514628849666
1517249116581117959
1517247045282803712
1517230566831280128
1517204495167598592
1517202489942196224
1517178900706738183
1517167560541847553
1517133521223041024
1516974584628719616
1516904003711475714
1516882290139402246
1516842384486772739
1516786774705639429
1516785282238058503
1516770789319753732
1516585691932766218
1516542854780366856
1516491194485907460
1516477442529103873
1516443333937225734
1516425542278565902
1516201230070173700
1516157873126100997
1516119905485168644
1516090058939551752
1516087265222668288
1516052571278000128
1516047416633577476
1516046082685476869
1515903986070605826
1515896084752703501
1515846530174959619
1515842159248920576
1515830898985517073
1515804087475859456
1515763782210965513
1515720042037624836
1515501644561141773
1515482179018575874
1515468234048348165
1515440325136945160
1515386644010000390
1515374198629322752
1515353366204981253
1515338461255020555
1515331382754562050
1515121510192754688
1515042384526127111
1515021017789386761
1514918778949312520
1514817197452931073
1514804436572332036
1514790770833702916
1514786693332697096
1514776028685557762
1514774832063295495
1514766065217286146
1514748155920855047
1514747834041610243
1514747403043323906
1514744597288734727
1514734800715890695
1514710041277915137
1514673970473226251
1514654791502381062
1514646766913740806
1514634580984221706
1514606183893508100
1514436866799460354
1514408927814995978
1514401090560831492
1514398658808193033
1514340529504493578
1514332054032367624
1514331395056979978
1514316404371214339
1514242003055386628
1514235090888540161
1514232361986269185
1514078821116489729
1514056802115244034
1514032472140439556
1514032423142674434
1514027380750311432
1514024575876714506
1514023700856721409
1514023631340384257
1514021362532245512
1513976631915864064
1513966238124363777
1513948333223591937
1513946781939384329
1513925862810439690
1513910717795246094
1513875048574197769
1513870859949297673
1513866788752265217
1513706927582285825
1513706767900893188
1513706677115232260
1513696440362672128
1513664521549893633
1513662382106624001
1513662380714217472
1513651872468451335
1513641696390955009
1513606293285740553
1513592398672240644
1513588585634668548
1513310628206817287
1513306312259653638
1513296791680204813
1513266341595205644
1513255751325732870
1513243587932270596
1513234949465419786
1513164025936363523
1513152684320251907
1512881574626402312
1512646380388503555
1512620267960508416
1512565687268610048
1512565607413256199
1512556669217218566
1512509049056735238
1512489953116266501
1512418390106939394
1512250518533459973
1512245824071376901
1512245390887866372
1512218161499750406
1512217468160417796
1512210187523928065
1512173302697148420
1512148857894973444
1512138412043743239
1512130250142109703
1512128789249241095
1512095953637068803
1512084688457932800
1512073550974242822
1511933232702443524
1511925453937860608
1511909858479644673
1511889647529611265
1511885238519144455
1511853770644336649
1511844254330626052
1511842945925742593
1511794563740049415
1511727745843318789
1511714174472179720
1511527809398755332
1511525342665658371
1511501158753325060
1511434480782880768
1511379894613254144
1511376716165525509
1511169491501264900
1511133577177706505
1511035914763616263
1511035886091345920
1511001703935533063
1510979722590756871
1510785312741548032
1510767339775660032
1510756930603601924
1510756882247471104
1510745615126441992
1510711321368698889
1510708997753556999
1510695527104622593
1510683812891607048
1510595610897960965
1510469077491400707
1510286906143162376
1510285165263740936
1510284595769614336
1510274024865153027
1510054624035844099
1510026454989475851
1510020262397366283
1509979982424072203
1509959032907390976
1509944969586425856
1509937873918865410
1509885579827236880
1509874565241098271
1509870069253394501
1509853157635014659
1509741520328478723
1509702777676652544
1509660481048436739
1509645785218134028
1509640292873515017
1509634226718711817
1509629989297270785
1509549261498851333
1509529428619005952
1509524480846086151
1509516882155651078
1509407330978443269
1509358228534083586
1509350222178230277
1509298861000605696
1509298400939974667
1509235907337113619
1509184217640493066
1509177731908616199
1508905049661001736
1508880525053861895
1508640300482314244
1508638751894999051
1508638680310861824
1508635734315618304
1508579092358180868
1508530178674372608
1508486805271756816
1508482836583571469
1508456767398817793
1508397871472816141
1508267211231797251
1508242460148961291
1508218176911417352
1508099704961314820
1508084312947798030
1508071392671055873
1507976011820027905
1507921342364106754
1507909148385714176
1507908186413703169
1507906513339301903
1507900304473444361
1507873630956535808
1507776851325894658
1507498879851405315
1507444873363963910
1507399110449532931
1507385163117965337
1507384290081869826
1507382683478810628
1507073996751261706
1507038252489838594
1507032768017932289
1507031298098880546
1507021729037574149
1507014955001810944
1507003758525308933
1506992890937028617
1506804393395597315
1506803569898446848
1506795078542675976
1506787617433702409
1506783802189922309
1506761436185468932
1506759582198153230
1506721712154546192
1506639842968489997
1506487245376741384
1506469378358972417
1506419081163034627
1506388181511512071
1506337857065164813
1506336945823264774
1506336900386377738
1506315668886536200
1506312448176963597
1506296011085463554
1506114836425498633
1506079762053312512
1506072259286470660
1506055365187801091
1506037829398319104
1506035967941132298
1506025881134899208
1506022370359721990
1506013470395101184
1505986321306857492
1505963553567690757
1505961466075267074
1505961307769614337
1505945426305949703
1505897645319069702
1505764451693309954
1505673336600289288
1505666285065191428
1505658705047703560
1505590651517296641
1505339470287183883
1505222001132249093
1504862256248537089
1504817006092210176
1504798838107869185
1504788568551665695
1504780950747680768
1504671926152839176
1504634830054645766
1504532374444519424
1504503062689456128
1504480598722719757
1504469677413568516
1504467799053254668
1504452156241461253
1504450930980360198
1504425724215713797
1504293877158719493
1504247341364219915
1504228428425408512
1504213680317153286
1504196063745523726
1504190842420056070
1504136419480162312
1504123059640406016
1504115823065153536
1504109555457961984
1504074202336444416
1503905116344180736
1503900867900149760
1503870226395504641
1503869964981313539
1503869240759263233
1503865250218754049
1503858918388383752
1503858917448822786
1503858536991842308
1503857167807430656
1503851506977619974
1503836935768449027
1503826181216419845
1503807180448878601
1503586031706251266
1503538632929558538
1503531166921629697
1503522802443374601
1503459987816955913
1503444250700267533
1503424048004583430
1503414495632404489
1503387177581002755
1503185480208498689
1503185244400369668
1503122079205441545
1503049714673106955
1503044930238824454
1502866523131723785
1502689895902597132
1502505517280808960
1502500008641417216
1502474524700422145
1502464003615993860
1502442752394633216
1502426701141270528
1502426700256354306
1502426699224567815
1502426698125656064
1502426697249009666
1502426696435355653
1502426695399350283
1502426694145257479
1502426693251870722
1502418747121979394
1502401892521058311
1502364581934546952
1502360493381541888
1502359008300220429
1502346855946018826
1502344556330770442
1502343895069433856
1502315359919132679
1502299508713086977
1502296954600144898
1502286327039107081
1502282409294843904
1502236249377189891
1502138429425041408
1502125763931299843
1502120959230324740
1502119871802400770
1502117503832670219
1502117475093209088
1502115776010108952
1502113481859993600
1502094738249465859
1502054542707499014
1502052647930671108
1502045029505937418
1502029751086682112
1501979598480973824
1501977073338007553
1501975051712802816
1501951037866864642
1501723478063468545
1501712227493027845
1501687345459912705
1501658079187906574
1501653794337312768
1501653793271918592
1501653792131100674
1501653791011221507
1501653788800729089
1501653787521568778
1501653786401681424
1501653785185112064
1501653783025176577
1501653781771173894
1501634803136929796
1501617880298930177
1501579520960339969
1501545186907856897
1501399906736562180
1501399130580692997
1501398392852951046
1501396234111795203
1501387791086854151
1501386519982092293
1501382544398372866
1501380940265930752
1501330240748101643
1501274820096499723
1501274819035385856
1501274817948966914
1501274816736903170
1501274815579234308
1501274814480359435
1501274813272371205
1501274811993055242
1501274810814369793
1501274809396834313
1501274807937159168
1501274806653702153
1501264605787537408
1501257633243623427
1501256843020189699
1501253944055681027
1501185937547669504
1501020032951857154
1500977873896853508
1500954361190662145
1500914844349911051
1500888615735513094
1500700174137667585
1500690989769494532
1500598586714869760
1500560983756087303
1500531853484253187
1500523425068113924
1500523082385084426
1500333939164160000
1500231335151087618
1500207409582772230
1500190068547457028
1500187768705720331
1500138939151233025
1500131022582829057
1500130991133925376
1499822452280541187
1499818407335706625
1499811117782249480
1499806276800417798
1499778834035617798
1499757852608634883
1499752007103565831
1499751811238047754
1499742700706406407
1499742002505732101
1499607214511857665
1499595993649668112
1499594464976941056
1499547739482300416
1499535166372335644
1499505718327750668
1499494447033241610
1499475135421628428
1499470910134312962
1499470624883986439
1499468501366550544
1499461118670123012
1499431630569619459
1499430123346534403
1499418925808898061
1499395646402428936
1499342875556986883
1499198983515910147
1499194040872574980
1499188485957296128
1499157257866649602
1499094377293099016
1499089518967803909
1499026578562555905
1499018682621743108
1498881823274848261
1498870884123267078
1498859966744121345
1498859225103179777
1498855449449357312
1498854889807622146
1498854228982435843
1498851874199506947
1498850830388236292
1498850313469673473
1498848845911969793
1498846871896342538
1498845136498868225
1498837384854708228
1498836200592916486
1498780153924751364
1498778063231983625
1498754367159255046
1498747977875312652
1498746240129015812
1498744531466035203
1498703900261687296
1498661603117522947
1498660689946329095
1498514131556651011
1498500190998863872
1498490704225517570
1498396511692013571
1498385541913616389
1498374242437586947
1498311184440860675
1498299232012447749
1498275787232972801
1498275534484164608
1498274294253694980
1498139373921091592
1498130049823920128
1498111187967434753
1498090424937893888
1498083967907647491
1498059207895097344
1498052972751699968
1498035421229502473
1497801098173861888
1497782907032813573
1497722375038713859
1497676693959585795
1497669027656777733
1497663344144261123
1497656198564356098
1497655880141225993
1497648170188386306
1497618716904738817
1497613102493413382
1497591865905926149
1497588613189672960
1497541847861760002
1497317057179762688
1497306574036996096
1497302230273126401
1497293921705148429
1497286873592606731
1497280886856830977
1497249853335691265
1497242757722783745
1497242756045058055
1497202917320929283
1497200162539720709
1497143707258142722
1497118985002762243
1497111309606785024
1497103430632026112
1497010912502321152
1497000735015276581
1496991219997503502
1496986351744520196
1496974527867195395
1496956508684357633
1496954983593435144
1496911009302331395
1496874851402932225
1496859722179223557
1496796818755268608
1496747260486594561
1496670379171094530
1496670378432868352
1496670377493340164
1496670376096673794
1496640576896352259
1496620584133971968
1496617244113178635
1496612939352231936
1496605534891433987
1496569385061916674
1496545502942441473
1496542658705174530
1496372850512601090
1496347929392652289
1496347348166971394
1496326016062705665
1496308652994609157
1496260633498640386
1496227120368046091
1496150893812760582
1496141244757647367
1496120207538020353
1495888852904558593
1495868636262801409
1495785027589844996
1495548973506990081
1495539119149043713
1495532244139532291
1495431353986342914
1495431352447127556
1495149143546900485
1495145380253741056
1495063860822396931
1494854857257275400
1494842822733832193
1494842329953443841
1494824464474939392
1494815764116914182
1494809241663717378
1494809121647992836
1494752850399961091
1494732978831904775
1494555236815581184
1494516760711680010
1494516574199369750
1494512209220751378
1494427922387640321
1494399041333047301
1494163319225262082
1494158759047925760
1494157150310088706
1494152870576508929
1494123631881900036
1494091068383580160
1494060684245671940
1494050317440274436
1494039003225600000
1493978012043431944
1493945750048452623
1493831704091496450
1493823818590208004
1493808373724327938
1493806237384953864
1493722867623772160
1493694243088576512
1493689961677271046
1493676505792192521
1493664151826321427
1493664150907723781
1493664150094024711
1493664149171232777
1493664148345044999
1493664146600177671
1493662591897542661
1493645570677907463
1493614888882688010
1493567906982019074
1493451359315767296
1493369483154628610
1493339481163939843
1493339161079734274
1493323168248967171
1493294730809073669
1493281075761762310
1493273844798398471
1492673837950849024
1492554973925625859
1492554543703285769
1492318751038926849
1492260232915034116
1492254076008116232
1492249981352390662
1492233926173147147
1492181181772845057
1492021805372088341
1492021719653097488
1492005593359527973
1491972110008397825
1491903055377301517
1491893624195502091
1491869164117573632
1491869129095233536
1491856109879054341
1491839361075363844
1491814111101034501
1491660164167987200
1491594182699491333
1491583344773152768
1491573110470021123
1491559020158763010
1491558069851013122
