1534622187088388096
1532807531063660549
1532807529272684544
1531307206427258882
1529249643502116865
1527703965785378816
1527703964644515840
1527703961582592000
1527445756944211973
1526965137600655366
1525153797068161031
1525153796070031370
1525153793012293634
1524857505293250562
1524857504341147669
1524857503334514690
1524857502353047558
1524857500994093056
1524450744686030850
1524210666655133696
1524097075620757506
1524097074547023872
1524097073389441025
1524097070034042884
1523650210064261120
1523033834534625281
1523033833410498560
1523033832064126976
1523033830424150016
1519812849798942728
1519812847626248192
1519812838155554817
1519703315570962432
1519693238009012225
1519686728210165760
1519668478122373122
1519090237498138624
1519090236604694528
1519090235598118914
1519090234587242502
1519090233631035393
1514966428004331522
1514345257491738628
1513668392187748356
1513668391143456771
1513668390073905154
1513668388580646914
1511115891995549697
1509610380607332352
1509548438739951623
1509239775143813132
1507121972756549635
1506347167761543184
1504578270016286728
1504239782104338443
1504139837833633796
1504128803290992640
1504102435509477377
1504083580007366659
1503901324596989952
1501325131091611648
1501311851338076161
1501311850394365954
1501311849157087236
1501213463925997578
1501213462973792256
1501210194579238921
1501207892967493636
1501191362913488896
1500263606860103683
1500159884041535488
1500159882816901127
1500159881843781639
1500159880551976962
1500159879385858051
1500159878094114828
1500159876663816196
1500159875573297155
1500159874419855366
1500159873308311558
1500159872108838913
1500159870594699270
1500159869248319488
1500159867897753604
1500159866475851782
1500159864479363076
1500128629002588164
1499861778918002692
1499739259066109953
1497295220727238657
1497295219708022786
1497295218248491011
1497240377589387266
1497016360920285184
1496926517544341518
1496860886409138176
1496714588657704963
1496714476518883330
1496714475617112065
1496594008994373637
1496181656276942853
1496145668964036614
1496145668011966465
1495920772589699075
1494798642246561799
1494796189044203528
1494796187341307912
1494726549848875016
1494071938116947968
1492544225573056513
1492544127489220610
1492512177789583362
