1534626353735258114
1534562418856284164
1534300024003231755
1534237808558325760
1533933500579160066
1533918170473451521
1533838633064595456
1532845473656184832
1532741923408068609
1532406695908937732
1532381410128015366
1532312318360494082
1532123033007185921
1532103495939248129
1531794629032562689
1531681923608846336
1531456289812914177
1531369251373821952
1531274624079642625
1530316253973434368
1530297993391390725
1530264383007358979
1530223355965714432
1529950298025910275
1529950295127691264
1529950293953331200
1529950292766339072
1529950291247910912
1529950288043466762
1529915637635637250
1529901347360886796
1529893656332840972
1529856521378619393
1529643030474522626
1529616217018929152
1529572720438034434
1529520803125112834
1529229556724699136
1528416612684115968
1527389672049106944
1527024069866147844
1527003031497220098
1526323459177041921
1526323456618418177
1525507176588054531
1525218380332032000
1524835551752335361
1524827364802297857
1524465448149999616
1524152710785867776
1524143025190060032
1524085628404645888
1523798719518285824
1523791170089803776
1523783358819581952
1523732824049684480
1523343714487128064
1522728096218202114
1522628202581032960
1522612080221818881
1522319458634813442
1521978870035107850
1521967470747295745
1521957028335431684
1521956953362247683
1521881692272738305
1521649973468803073
1521614924123934722
1521610553533374465
1521328494160056320
1521328492650143755
1521253790174826498
1521250540801478657
1521169139968184320
1520840636458545153
1520613884935163905
1520515838939320320
1520499479794921473
1520408494142377985
1519783484704935938
1519743811815104512
1519431442740256769
1519415016876826624
1519373440788148224
1519357510263754752
1519114273485725696
1519068146296049669
1518661570385088514
1518605329898295296
1518352071120011264
1517619239808647171
1517603078442205192
1516841581394939905
1516578644969332738
1516566168798126080
1516508858231005185
1516448433455906819
1516171923658485760
1516118552075542534
1515661351808602117
1515019118528774146
1515000945008066569
1514683097413046284
1514621441718726660
1514611487314104326
1513989090642911236
1513910793510731783
1513543592098344968
1512831168567291915
1512531980239491081
1512520660651851788
1512511231348908044
1512442464501702665
1512417927852703749
1512130896853352449
1512120555960520713
1511863233744879616
1511831365364322308
1511818530336948238
1511769910451609603
1511469284710567950
1511437358616436738
1511405500918808579
1511155409783951360
1511140381869711364
1510983150830297097
1510983146065510404
1510975098131558402
1510787113876393989
1510296249785884673
1510060567775563777
1510043415781728259
1510015145954713604
1510007990690197505
1509913043957960713
1509909805313445892
1509701104220651523
1509662908673835013
1509608020564660229
1509601807466643457
1509567838624886787
1509542773975928838
1509276025997467655
1509260926486147075
1509245891550625801
1508927891135995907
1508895170372190210
1508823796379226119
1508815957808103425
1508631364232491009
1508615244456894466
1508567508667797508
1508531881905639428
1507120070148780034
1507105722441555972
1506694624450162689
1506349269363703809
1506278349236326405
1506023805755531271
1505644849206280198
1505630027718840326
1504945357259776000
1504942648209068033
1504543637912363014
1504483854173683715
1504475485253693448
1504261591201722370
1503899778681344002
1503832154916020224
1503824193179242505
1503816813305634816
1503483103322509314
1503479036793733124
1503428571573985283
1503363997155868674
1502306126095867908
1502021864171974664
1501997611334701059
1501951946915074048
1501613711588528133
1501596391906459660
1501371055096705030
1501342832057065487
1501319997691502594
1501279705600716801
1501278359069810698
1501235047411683346
1501044375555555334
1500938056781680651
1500225626736898060
1499829573881577479
1499463934792843270
1499426845871198208
1499409259225927681
1499163601059332102
1499145272017960967
1499132240730673158
1499083848214355969
1499008826481250308
1498784102438387714
1498760052668256261
1498371752551976960
1498026076123148288
1498015074694299648
1497998829022498816
1497901792201478147
1497664699827118091
1497330917869854729
1497274508696240136
1496873022023557122
1496549165995728899
1496534019491647494
1496302514832130049
1496268124559224836
1495954069722214400
1495779590379380736
1495398817012895745
1495119388676169735
1494753893259087876
1494748461912129537
1494732621435355155
1494447009004142592
1494091839418380304
1494042649312956418
1494030851650338821
1494009464147611650
1493969967384907778
1493788283104604162
1493691597170479104
1493656638871461897
1493631196084977667
1493615495295160325
1493360667105103874
1493330594452983809
1493248121639477249
1492871562113994754
1492526705499684872
1492521784012378116
1492311285819662336
1492306267104292868
1492258902976647169
1492202733457350663
1492159892144144389
1491924278744387588
1491915369723871232
1491846005440098311
1491829461091770369
1491794834746527745
1491547458962276356
