1534531937192271873
1534531934126280706
1534263421784535040
1534005774556487680
1534005738238009344
1534005592414633984
1533863381412851713
1533104673208557570
1532750564584464389
1532743966839431170
1532430572055842822
1532390474698395648
1531679659737366529
1531348531130384385
1529824883072303106
1528889346715430912
1527997764453425152
1527991558728994816
1527715448623493120
1527354211616591874
1527311541686931456
1527307716644855811
1527047996428455937
1527024209356111872
1526983515090337794
1526982370808713217
1526919496014999554
1526907826303602689
1526739641847750656
1526678377448542210
1526635543693512704
1526627815755489281
1526589910047764481
1526559529525297154
1526221729324060672
1526134145025511426
1524784406627463170
1524784402357792771
1524766580382576641
1524766014096957442
1524761980665581568
1524547702343745536
1524515992684183553
1524394905287729153
1524394669697912832
1524114427385106439
1523703316278292481
1523679783044849664
1523670274885189635
1523670049617104897
1522656856195354633
1522656793494802432
1522609370240102400
1521947008923320320
1521915820716314624
1521614999168462848
1521308920874217474
1521305109891895296
1521305108935585792
1521305107572350977
1521217722713001985
1521216864306831367
1521194818856173573
1521187112577605632
1521128856874373120
1520035690968453121
1519840144349708288
1519812828793819136
1519733741295386624
1519728438940246016
1519703514838179840
1519689530571464710
1519667481610276865
1519416316540690433
1519416185808424964
1519358693082636288
1519344656068317185
1519344315855687680
1519342650054385664
1519133364585906178
1519131610553200641
1519016471170539521
1518981082699476992
1518706777214361601
1518666890209644544
1518611803365941249
1516833513290571776
1516756441159245828
1516596975117996032
1516464270581682186
1516463851096748043
1516153394511110145
1516153391180914693
1516103041732255745
1514321494834298890
1514289105059946501
1514272216480980998
1513901133810610183
1512608080852406273
1512097748845223943
1511833922702872580
1511734276768817157
1511712259105509377
1511699599177785357
1511699572606783493
1511443660029759500
1511443658746306560
1511443657454411789
1511418003577053184
1510959286058373123
1510624623137804304
1509726319235543045
1509667164801875973
1509630547299086343
1509624533749317636
1509545305427038208
1509530239981916174
1509129380727070724
1508174393255604237
1507833855004360707
1507388684156522498
1507030192056848384
1507018274617249793
1507018151652855820
1506238005471850507
1506238003630546956
1505527205719330823
1505527166716583944
1505377121794940928
1505375827994808325
1505199338657665024
1504988353476939776
1504897595516325889
1504897593800802307
1504638287813783554
1504635023529590784
1504614030845087744
1504475257834405898
1504114225567997954
1503860011944099842
1503788876971888645
1503435605811810308
1502812891015176195
1502403363077599234
1502110153855938563
1502003253999030273
1501980266969112579
1501978967338889223
1501975640123265024
1501952923147948036
1501782493502091264
1501782070552584201
1501775057055621122
1501775055977689090
1501775055012995076
1501775054014758913
1501775051393220610
1501693282631491589
1501679265124958217
1501623538012332036
1501365275643551746
1501244590162161674
1501220273646882820
1501220205997006850
1501219864664489990
1501219814270025728
1501219708904919049
1501219686842839048
1501215514173054978
1501214168820682755
1501205155827662848
1501199412491689989
1501001397877235717
1500950426572763139
1500914767493537794
1499771680239013892
1499722358894039041
1499514497396006917
1499514328017514498
1499514063914688513
1499513850483335174
1499513590205800455
1499513390980554756
1499489456780423185
1499487541816446980
1499486736082251784
1499485910022467585
1499485771396489217
1499482871630860293
1499356023118782467
1499146036283158529
1499141279745290252
1499139817824821253
1499139561645035526
1499139427238559744
1498875304189779968
1498850052823031810
1498827441737015313
1498789970806460418
1498730317728948230
1498705672573263878
1498652272636608521
1498444040169267207
1498127011625250819
1497959109647384576
1497956069074690050
1497918410700865542
1497908546188554241
1497781437277298695
1497710509218435076
1497709832626917380
1497418386229403654
1497414003294932995
1497318128933560330
1497305781733056525
1497305265657556992
1497305171956801542
1497304587723755524
1497304386636161024
1497230466004488193
1497226233666576393
1497221431268102145
1496912999969394690
1496905417485602817
1496677374158585863
1496673205989355524
1496598504772452355
1496566731787149316
1496566716792516614
1494771874567491587
1494378422298198017
1494093391923138567
1494093232342503426
1494092670855172100
1493989007931367426
1493281453131632641
1493059763193667593
1491785961419595777
