1534670355532423168
1534624425181687810
1533947090270756864
1533898859826536449
1533799119403339780
1532882450384297984
1532828302116900865
1532359784585912323
1532145523112742913
1532117417794617344
1531241260555636739
1530602591834591232
1529498273190379521
1529265112829370370
1528829368407048193
1528037322637336577
1527755804950110208
1527304393636425728
1526973999732903936
1526676715069636609
1525249529372676097
1525195107779153921
1525139698871676929
1524852880552906754
1524770556595380224
1524427323688243200
1524398530089074690
1524144749749415937
1524090352889647106
1522705519898673152
1521194759133581312
1520512171628810240
1520412154653855744
1520134627071037440
1520046405473218562
1519812844837031936
1519761659295932418
1519665988131713024
1518683621011378176
1518626761302593538
1518626759511531520
1517601249587257344
1517514085218324480
1516836342839324689
1516767170230951940
1516425385101119501
1516109527162232836
1515646262992850945
1515441353878118406
1515322430847430656
1514970549021249540
1513986228680638467
1512550485651247109
1512510210400735236
1512134068003082240
1511719898141102080
1511719775201861632
1511423919496044544
1511119137694756868
1509956522100600841
1509900922511634466
1509893092199051286
1509626318631182343
1509528188212310028
1509261247505653763
1509172091207053316
1508859358075133962
1508796868695797762
1507447477435199488
1507008386914656260
1507008384783962121
1506329206732505088
1506257888670588935
1505967664937713664
1505967663884996612
1505015375418871808
1504912200573538306
1504833053344030722
1504833051926405128
1504579936300027907
1504186747260915712
1504186745792905219
1504082837926027266
1503791799722258432
1503110546924707846
1502788759829499905
1502705340495843331
1502420100783255555
1502372240372994058
1502118115248947221
1502090078327353344
1501961853886504960
1501961850258350089
1501779718533791749
1501618279219179521
1501281991198654478
1501207774046433283
1500911157640499201
1500855386718543879
1500163481005264900
1499874194900856837
1499802099915247616
1499481433483718660
1499157270592172038
1498862627493236739
1498778634257149952
1498411846990286859
1497229313304928257
1496970418107949058
1496898368206872587
1494798650983264266
1494029101560213514
1493598976108642309
1493311953355386881
1493264479563436043
1492903642768330752
1492883494627954692
1492287336364785668
1492253020591169537
1492165055416315905
1491851603552440323
1491802135960461312
