1534648213701001219
1534605103910592514
1534566656739090432
1534566654901948417
1534282971880079364
1533905726925639680
1533604766521122816
1533580894224764930
1532830729180262400
1532795028401180676
1532795027067392001
1532745831828307969
1532712426902368257
1532473538355113985
1532408611607044097
1532385509141618689
1532346348254679043
1532145847705780226
1532128793468579840
1532035977732055043
1531750795150086159
1531697094976802816
1531647961075265536
1531287606977351680
1531287600887119872
1530202288291184643
1529919767158607915
1529862491831951360
1529854182114590723
1529796134646030338
1529573955094585345
1529212824622444545
1529179533433257985
1529179531147354113
1529138009567907840
1529119159640104962
1528456651837169664
1528040840509239296
1527752617073553409
1527685726007185408
1527409521592782858
1527365299544043525
1527340811053981696
1527053380333486081
1527037834569433088
1527037833294270466
1527037832040263680
1527037830689607682
1527037829397852160
1527037827581726722
1527011292476841985
1526998337379000323
1526998335780954114
1526947479115145217
1526945859346251779
1526695625919803392
1526654724488953862
1526585837185421312
1526568797775155200
1526568793685753857
1526308444461998081
1526236850020548611
1526189088994385920
1526189087895461889
1526189086767304704
1526189085634723846
1526189084552601607
1526189083499847680
1526189082329612289
1526189080475848704
1525904605535784960
1525880172632842240
1525546744863506434
1525514611491057664
1525216139718057986
1525210601777008640
1525159071044730881
1525129516762509318
1525100155413962761
1524927955058696206
1524834357256638464
1524783218024660993
1524497178349166592
1524474538238615553
1524434295179333633
1524406579969216512
1524089385217581057
1524042664642945026
1523799983841021953
1523766779784298497
1523766776244293632
1523298508039548928
1522676764790644736
1522623424937398272
1522591016154447873
1522311926457401344
1522250392834297857
1521920091557744640
1521895320111648768
1521859293565243392
1521622003668725763
1521590600373473281
1521536189349588992
1521504861782790146
1521482949379694595
1521482947605540866
1521482946040975363
1521482942131888128
1521247458344398848
1520403866843586562
1519742498851205121
1519029611941834752
1519029608959643649
1518687420312608770
1517922872513249285
1517635792943919116
1517567919756095493
1517552704838586372
1517550076880691201
1517504956173012992
1516872776086339584
1516782377653129224
1516781499193991180
1516446878854000642
1516446876291137536
1516174581379313667
1516152291497484288
1516138665042452491
1515728301314162693
1515695026613141504
1514998346662006791
1514713358947266570
1514700052182220822
1514290790691975173
1514238448021999626
1513188434369785860
1512922770996441093
1512833964507123719
1512443484703272961
1512144100883054601
1512137726971232256
1512132794222272516
1511728425156988938
1511416236961370119
1511413228898820101
1511301812078399491
1511105205772996624
1510011629567623175
1509932192524378119
1509875054896631812
1509673739897692162
1509640992856711170
1509581481047384065
1509253623506771974
1509236651825971200
1508846314196512777
1508845770023354371
1508821206404943881
1508517000628297742
1508483831334150151
1508469805946490886
1508468268213932036
1508464024618479619
1508112106637385732
1507809146204307458
1507517993491775497
1507039761193652230
1506703731269804037
1506668886560804875
1506667773858045955
1506609567559557123
1506359520699858953
1506303227200946192
1506297931460222983
1506281281218359305
1506259426252046336
1506078775854968844
1506008985794760708
1505991500882231301
1505975144279330816
1505935736159285252
1505931689352118277
1505927302793863169
1505923493271060482
1505913732102332422
1505910013365297152
1505906711164600329
1505898428873814021
1505623261757022219
1505292038924902402
1505203346407362569
1504914459093053449
1504889793959845894
1504857902217052160
1504821912844873732
1504623497712226306
1504570820907184135
1504551553050550284
1504534497697710082
1504528955495305225
1504509384927416322
1504476865259442184
1504456287014342666
1504184641535815686
1504182903709876230
1504171343436292101
1504160017322229765
1504140582217609216
1504094219920723973
1504088895826411520
1504082611647430656
1503851138663202817
1503849321636245510
1503746249664700425
1503740217815191558
1503513803719389185
1503508356765474821
1503437276696789008
1503408093841002511
1503407192283750407
1503395996503621642
1503389607701929987
1503388841721450498
1503352532877328395
1502702033236893703
1502378002834993159
1502313408552652807
1502309291298111488
1502048565618692097
1502001736415952899
1501970614105657347
1501762875005755394
1501702264116989954
1501682393673080839
1501673852790874116
1501664703306735623
1501605254848290822
1501601107671457796
1501587350085902343
1501339977149562881
1501315318471442432
1501254386231783428
1501244765026885641
1501214233094234118
1501209677736169476
1501000370360918017
1500908745563455492
1500832410128334848
1500826363292532745
1500822556588351495
1500261879024861184
1499852072157696004
1499806019714703365
1499804595073208320
1499793386630524933
1499776637759537161
1499547192465498115
1499542120004268036
1499498949815812100
1499480702655647751
1499476626417065994
1499451937212846080
1499425419094900736
1499392323083542530
1499386791929032708
1499385935095599104
1499375537449578504
1499109430146830337
1499076953072189450
1499034619655688202
1499016576238080007
1498858422195863556
1498856901316157441
1498855419753766913
1498854612832591881
1498852245533859846
1498851739524599808
1498851062639439873
1498849548193705987
1498847919142842372
1498845883898679302
1498829942808797194
1498827488138518530
1498816142667829248
1498772646011547654
1498764760568979456
1498732474633015297
1498698614000046081
1498676207205986311
1498464190448680960
1498455723864379399
1498432823639822336
1498399754551705613
1498389337880289283
1498345487606374401
1498312612005744640
1497659760476315652
1497340942545829891
1497292202304811010
1497277748288671746
1497263310584037380
1497251074566090753
1497234533053255684
1497226074211721218
1497222893725433925
1497201820778831873
1496978744627576834
1496963468506849283
1496958090314502150
1496933025120198665
1496902404872278022
1496865583517863939
1496845202585268229
1496592187307573252
1496581460735803397
1496571563709284358
1496537806314876935
1496515945505988611
1496461856759758856
1496295324176076801
1496274640225902592
1496255524148547586
1496234216203370497
1496162275589296135
1496155154634219521
1496131509639593989
1496127336315600898
1496118346789568520
1495835422978715653
1495793332466900993
1495780753371799557
1495770864457064450
1495764258059132929
1495758542892118020
1495550383007088644
1495372418927497222
1494794566670630916
1494787999556636676
1494745905827885069
1494719591490240515
1494704123576475650
1494692349305368577
1494447185051766790
1494417667410866185
1494369567442968581
1494324048356012032
1494171339971780609
1494078614769385477
1494069777588961292
1494035342810361864
1494034553744338946
1493977855000301570
1493923368327913478
1493711213070589958
1493659192821006338
1493646853149237252
1493644191699718146
1493616266292174848
1493589405004619781
1493369800457867264
1493352878605545482
1493329044326297605
1493316199060545536
1493281873400942597
1493280408246657027
1493271410646695947
1493261080788881413
1493248018384105476
1493238202680885252
1493231202094002184
1493221512006012939
1493220461131542541
1492897969162665985
1492567224128880641
1492297488476385287
1492253191400050697
1492223541638582272
1492179389936803847
1492174694094680073
1492163689427968003
1492123005505396740
1491915082149896192
1491853160985645057
1491791404888068096
1491559904339013632
