1534662062110035969
1534628445929586688
1534615692191977473
1534583285640269824
1534296041218007040
1534292552135893007
1534288369181769729
1534264283386855427
1534252775755980802
1534165271455342595
1533957359235739648
1533932902051872770
1533908282343030785
1533908276567580672
1533810407168688129
1533796119741964289
1532767689286070272
1532767687331483658
1532447567681929224
1532392444444147715
1532392442892369920
1532111975525883906
1532001454701019137
1531740323042443266
1531717258485157888
1531692831361974272
1531402632056778752
1531390454855524353
1531233961770360832
1531010467145125888
1530912938021867521
1530902650077777926
1530584705946591232
1530547347998007299
1530276529212641281
1530250417195687936
1530231086302826497
1530231028593442817
1530181938337796098
1530172618153893890
1529962111601893419
1529887023712067584
1529831419798859778
1529809907888930816
1529563223342600193
1529563019323359233
1529543057615486977
1529527895604985857
1529258694478798848
1529208163228000256
1529197034250547200
1529185387687645187
1529185385892413441
1529115790221488129
1528840008945246210
1528812624145793025
1528812622618976258
1528714984041086980
1528112869962924035
1528112867978919939
1528025454334066690
1527737155627405314
1527681258331025412
1527681257424965632
1527653389856825344
1527634754014744577
1527627346228002817
1527318685068980224
1527304643457323008
1527295625070403584
1527280297389137923
1527267959252602881
1527040288761552896
1527021808322547712
1526950632480980992
1526891631114604544
1526688751539433473
1526663626471383041
1526617636095856641
1526607214181552128
1526556686709825538
1526305964311334914
1526251572174405633
1526222745188683777
1526208410571657217
1526208409015574529
1526184706919768064
1525887441877475329
1525498483670654983
1525482234941255680
1525211846571175936
1525204949625348096
1525186215145885697
1525130322475634688
1525130320978354177
1525130319342493696
1525130317790687235
1525130316389679105
1524857926657228803
1524807256059088898
1524763510894477312
1524746322489794560
1524734265635872768
1524475226142171136
1524444708038221824
1524419302794874888
1524411109817659392
1524395288265379841
1524390439008313346
1524385504514486272
1524381523381829634
1524168293283770368
1524152872782417921
1524145539725549569
1524119303414591489
1524101272462319617
1524027784095481859
1523779617483493376
1523741600446251008
1523741596680093696
1523701533829140480
1523692107373842432
1523663478401400833
1523645482203246593
1523278820824195072
1522931857196785666
1522684439792340992
1522620068449894409
1522602413630361600
1522567468123885569
1522325223319785474
1522321225711865858
1522273472919003139
1522254144144384001
1522210791331614720
1522210747081797632
1521986633960148993
1521970380847595529
1521955331412307968
1521950210301304833
1521899007903244289
1521899006741331968
1521899005344722946
1521884324068478976
1521880649535311875
1521877231357804545
1521588730288553985
1521552890397089798
1521552889222922241
1521552887045840898
1521546984074665984
1521170524658966536
1521170515750264833
1521153078287904768
1521113578698379265
1520881358830198786
1520807803077681158
1520521435147653120
1520443928641740801
1520102707452907520
1520047563004694529
1520036943035346944
1519794094171697153
1519784548925677568
1519762960251510785
1519664771947192321
1519429090167644160
1519420395039993858
1519397104896065545
1519348054809366532
1519306112641781760
1519305006582845441
1519289440635609089
1519089731853766656
1519074034629193732
1519012035564081153
1518998206876639238
1518744004883582977
1518709607841079296
1518648383841443840
1518611310690381824
1518571836971401217
1517885358272397317
1517565974395899908
1517536986667663360
1517222782484070405
1517216627372216325
1517165035151409152
1516827981028765696
1516791360224956422
1516491476875853830
1516491475399368705
1516472821681115136
1516444993107415051
1516434887074631698
1516434690906931206
1516162527322902536
1516125833278246915
1516082728202031105
1516040234902986758
1516032216710717451
1515662413768634372
1515033176401453060
1514981421483540486
1514697112574955520
1514697111308279812
1514679239286697990
1514273167392526343
1514262571972501506
1514235569605382148
1514234376028143622
1513963155231232003
1513956424812015625
1513923368805879811
1513922459816415233
1513864364822048770
1513672967607267332
1513610717752090628
1513595601476325384
1513570954546495489
1513561393991147526
1513561392804208648
1513558598772994049
1512832445690830854
1512803697092399108
1512477296401203201
1512452264224563202
1512441707106816001
1512419758397865990
1512417627402121220
1512168769052889089
1512168767769489415
1512115340674842626
1512109426777460739
1512082604945653776
1512042950041247745
1511800658021732353
1511781329200947204
1511778089055010823
1511722307605213184
1511690429128970240
1511684885555167237
1511467806625259525
1511430020711030784
1511411938215010316
1511401063131369478
1511340739036434433
1511077042145705988
1511077041080344576
1511050495187632129
1511050494059372556
1510991781432856584
1510007689773993990
1509948302950912019
1509911915354632195
1509911859431940105
1509646039044796420
1509628566476046347
1509614487669780487
1509546342808489993
1509533013574664195
1509275803309256708
1509275800817840129
1509256518398578693
1509215390135693316
1509208694185201666
1509208692838838275
1509208689277915139
1509196577902153728
1509153618787770370
1508921379864948737
1508903727230595072
1508877361877602305
1508859482784346121
1508819429823586312
1508798135950352386
1508558638033649666
1508539508089933829
1508521460696031236
1508414951895048196
1508138199759179784
1507812328288534528
1507774041050042371
1507755844200452096
1507509859188715537
1507414290076110849
1507365196830027798
1507062682654060550
1507004979076210691
1506983279383265285
1506977986536476676
1506730312386105350
1506703337898627077
1506687923302932484
1506650841733898247
1506615724692938757
1506363472975646723
1506291453840044042
1506285730653478912
1506244931555414022
1506027896728690705
1506013718362132490
1505973510971310103
1505945282755842055
1505909492143341568
1505716096049029125
1505664132284137483
1505213993237032962
1504887445724319748
1504878169589002241
1504826576608837640
1504570524470595584
1504552013991927809
1504544765555138562
1504522647102709770
1504484546275729413
1504471624300449798
1504236498585067521
1504195269176479748
1504163563195273217
1504129943403483137
1504094211993395202
1504094210143698945
1504076488198565889
1503848424684367874
1503807973382103041
1503766719671775232
1503760783536238596
1503725054596718595
1503501520649785344
1503431449524977666
1503403475996225540
1503363917137035268
1503171963514241031
1503084472647966722
1502720293487448066
1502651388261773314
1502400582199427072
1502400579259224073
1502364813716082689
1502345865935167502
1502345864127393798
1502053563278798852
1502045725915549698
1502027546191437831
1501987759761809425
1501985472670806025
1501918104858804228
1501677978207539201
1501647969732501520
1501631337219993612
1501279958588530688
1501279955786862598
1501279953085730820
1501263679391612930
1501246743698096128
1501227872761098243
1501217921447739396
1500991967328706560
1500908222215077893
1500890344694730770
1500137205146304512
1499860004488323074
1499808116187308032
1499785931435479044
1499477038683590671
1499467772115439622
1499453041937895426
1499450261147951106
1499408748472942598
1499408746535075848
1499387647529299973
1499155766015582215
1499114005335523332
1499103998934241280
1499099056160874507
1499064575660023814
1499064572916817920
1499064569297354754
1499055601791426562
1498871451008516098
1498852073848324099
1498852072162275329
1498846604593451016
1498844958983397380
1498844109100007427
1498839483697057793
1498799300385677315
1498771906853576705
1498722484341952512
1498703853579026433
1498678196149051392
1498438903514157061
1498432160059043843
1498390998632009728
1498353713399967744
1498343815312285699
1497934600542298113
1497709165787197442
1497663466122854400
1497663464755634178
1497614887631130631
1497581670848946177
1497414044319420418
1497391471095435269
1497323952280117248
1497287419468546048
1497287417866293250
1497251427969900546
1497236538878566409
1496941239001927690
1496893181434241025
1496860296903856136
1496860295893069830
1496860294119051265
1496860292541734917
1496860291568738308
1496860290650193924
1496860289349918721
1496598692224278528
1496544236744892420
1496535890377777158
1496502866881781766
1496311632972156933
1496233656607817729
1496233650421125135
1496214294006013965
1496192266599378950
1496188700136546306
1496134328547516416
1496134326760710152
1495888515602825217
1495752077078937600
1495499498474328064
1495419043645472772
1495137739326562310
1495060601009225730
1495060599264448513
1494806223459340293
1494737602229977088
1494690670342287360
1494683128689999876
1494673825677647882
1494442830739255299
1494422921539989509
1494412554633945088
1494401246899408896
1494393712536817665
1494362605678473222
1494346231237287940
1494310816702734337
1494301119677353985
1494077704278269955
1494050859457601538
1494039524485251076
1493993398667198473
1493966996656074757
1493730227268247552
1493719289303552001
1493692612330598405
1493685623735083008
1493670057100156929
1493669559324360709
1493663284616040449
1493663160808747016
1493585857596600332
1493585855432347652
1493353840149774339
1493332834697814025
1493260204187729925
1492581219875360772
1492550050949566468
1492537689320693763
1492284767483707396
1492224231844810752
1492213111637618691
1492170999743275008
1492142047905599491
1491909846043615235
1491858308277411855
1491849253492301827
1491818997171564549
1491818994013286405
1491577664615989248
1491541662039957508
