1534606650044293120
1534606542573654017
1534308219346161670
1534245305951997952
1534231355298553856
1533515244240130049
1533086173278703617
1532832747181314049
1532765134644445187
1532414493736816640
1531992400347930624
1531692091524382720
1531692087762112513
1531287285106343937
1531244785536626688
1530557001637498881
1530263820370751488
1529947233839464492
1529926756051861513
1529180431114854401
1529156380506173442
1529156364316073985
1529156353834483712
1528345177718411264
1528129758088687617
1527983041439600640
1527862748893351936
1527779449638248448
1527394935275769857
1527385451111141392
1527385449701990400
1527385447852167190
1527349610036940811
1527349607826882560
1527310563788718086
1527309060026277888
1527307141656477697
1527303927183527936
1527288649506865152
1527282725383573508
1527049710632067073
1527032025642897409
1527007029826568193
1526986934660345857
1526948871615676422
1526937999493193736
1526704466229182464
1526704462630363136
1526683688070684674
1526662222931443716
1526662221014745088
1526647861299097601
1526641569130070019
1526606722902593540
1526585047582658562
1526584321494208515
1526582590823604224
1526580165224062978
1526563635857850368
1526321612823441413
1526266871774945283
1526242027620511751
1526222999401152513
1526222985274720256
1526212774572998661
1526212610399649792
1525574420391157766
1525124493278167040
1525124491914911744
1525124489968853000
1524868015333879808
1524853413997051904
1524839333651435529
1524714252962959360
1524530793405632513
1524505655196930052
1524089314656849921
1524089310722637824
1524076504958832641
1524016649015332864
1523694231545548800
1523291376531689481
1523037956952498180
1522924216496107520
1522663258695548929
1522594339855208450
1522252431983362051
1521993760749629440
1521949565930418178
1521597039397773313
1521597035614543873
1521459557981057025
1521129840644141058
1520826132819501057
1520371637643669504
1520163516216492032
1520130783566077958
1519755662514966528
1519717613601005568
1519717612095250432
1519689993928814594
1519689992175591424
1519384517349421065
1519090899178999808
1519072829647593473
1519045304804335625
1519000336568049668
1518963613792411648
1518287404427325441
1517967294990848001
1517848008930390017
1517589680287539203
1517589678677012482
1517522043411079168
1517501864891269120
1517247380655120385
1517189004537565184
1517149145303183370
1516521910586257419
1516485369306431488
1516480536675504138
1516408362791051273
1516192097879134217
1516171140317827072
1516171134730973193
1516058691623014404
1515647760862785544
1515104934055796737
1514927515239809029
1514710161390292996
1514590041682579458
1514339020234498057
1514338984293511172
1513927113258188805
1512775082061541378
1512592843281424385
1512422500201816070
1512177619365679107
1512133375645130757
1512085374620909568
1512068619475173380
1511785198182088716
1511741092068220942
1511741037378781188
1511424955124260871
1511297848599580677
1511089405519405059
1511089403883622405
1510972453031403524
1510618874634457089
1510299989871927297
1510241387371020296
1509978734178279433
1509978731468754951
1509934258256756745
1509637407452323851
1509617818110550022
1509617816747618309
1509617815300734977
1509607116092358663
1509574107754553344
1509529294048923649
1509272233222549511
1509190196578951179
1509190193210961923
1508910618094440448
1508882276737814532
1508807544675966987
1508805698951524364
1508550315364294663
1508438097738010624
1507695863895838729
1507539299016843276
1507439342758866945
1507439341185949701
1507352490722967558
1507326933725552640
1507094965142315010
1507094956766281733
1506992977591386112
1506764980137254913
1506734628081741827
1506371524323909644
1506030745462181888
1506030741104349197
1506030732375953418
1505993977102798861
1505908092566970375
1505258805700956162
1505226883453042695
1505183297088933888
1504969269976698885
1504931248782954497
1504914556619046922
1504884694038503438
1504871796692115456
1504850848458887178
1504843615088033821
1504822642716684288
1504810151852843018
1504562632380010500
1504518040796688389
1504518033095774218
1504459014511501323
1504235311362023426
1504212556164079622
1504173909880541199
1504134259765821447
1504134257094148097
1503845995917963266
1503754493149777922
1503754486518620160
1503471403256922116
1503413236657532934
1503391640639221760
1503138836544634886
1502995391209377793
1502773932264501249
1502637029972140040
1502295977784332290
1502295975146274819
1502295972851896321
1502049911403077634
1502026469119254530
1502026467395440649
1502026465042391048
1502005367869480968
1501985235340247048
1501969128906575872
1501961216926883849
1501946231584481280
1501937395880513544
1501920864866119686
1501685441841487875
1501685440306466818
1501571501748858883
1501571498720518152
1501571496677982220
1501287890411687940
1501262245715755013
1501262241353670661
1501262239613005829
1500996578387103744
1500870728505307136
1500844339349626880
1500471762743545859
1500254067146342403
1500222369306087427
1500161937010741252
1500160897129631747
1500160889374363657
1500110632955174920
1499885163005849602
1499880210312929288
1499858147200090122
1499807066378149889
1499767546429509635
1499754167094632449
1499513196377297013
1499481297055539201
1499471058197491729
1499470528993808391
1499469918105911306
1499463556315717639
1499408048976273413
1499406462937972737
1499403658449993739
1499400194093301766
1499384812603383808
1499182220023578625
1499158106848174083
1499066502816808964
1499045854518427648
1499006620981882880
1498810566772625411
1498798902656569348
1498704386058502148
1498675050437918733
1498458913863348226
1498422058878971909
1498421539695431683
1498386156119105536
1498362896870518787
1497575351484043266
1497327752621481988
1497288742893240320
1497267579706040324
1497267578049372168
1497267575931260934
1497225792346116101
1496964007626002435
1496847854039707653
1496605033588092928
1496584575216197636
1496507893654306818
1496493882909073415
1496250776196460544
1496175956360241153
1496163759009800197
1496121861549268994
1495885241428414466
1495885234419781633
1495885227130081292
1495750730896003082
1495750714798317572
1495386756191039491
1494702012386234369
1494473389595152384
1494473388160598016
1494473385681817601
1494451805920628737
1494440127732584455
1494081265913536515
1493986687051042827
1493986679069290500
1493713303457128454
1493713211958382597
1493713151015239684
1493712201991036931
1493711824394596358
1493711626968649732
1493691998896902153
1493688158281682969
1493664833841123335
1493649641207963650
1493649569539842053
1493649485733445638
1493616261720416260
1493614541602795531
1493367229240561666
1493367227730518016
1492846769767522304
1492534695036391426
1492203167542562822
1492156177664385026
1491915130585727003
1491898834561216520
1491888205779582980
1491815977352241161
1491787733865431043
1491559199117123587
