1534637655832641536
1534566959345373184
1534235652610473984
1534206719886299136
1534205513214349312
1534186126235389952
1534183221394558978
1534172539186040832
1533929076972572673
1533928966838435841
1533881887864852483
1533801543304192003
1532940734046666752
1532370826690969600
1531371008057257985
1531370931456618496
1531268948641054720
1530228402996891650
1530228395065364481
1530228361305460736
1530228356918218752
1529568778232676352
1528408242862411777
1528073331324473346
1528073328296067077
1528073236478558208
1528070776502493185
1528046065181679616
1528013291854888960
1528013288935673857
1527681241096544258
1527681236981907457
1527681231441301504
1527279185160712193
1526975066570989568
1526962145337958400
1526682478227906560
1526587691021869057
1526587684256358401
1526587510712942593
1526550374727012363
1526336695435763713
1526330887620657153
1525924378826924034
1525157343780020224
1524865094546604038
1524865057422819340
1524865050166673413
1524816157102026759
1524804617703391233
1524800033828352005
1524786422317731841
1524783370592563201
1524498328054112264
1524498286840848384
1524498282302615552
1524436868900786183
1524412068878815238
1524411904919318529
1524411904097144832
1524411903270957059
1524411902448836609
1524411899064029189
1524408318466445313
1524146002336305152
1524131138339590147
1524131105099681792
1524131100699865089
1524116183880028169
1524073869451173894
1524063337620901888
1524022686422339585
1523751227024060416
1523751190957531136
1523751183948873728
1523297689022377984
1522980896449646592
1522738378931937280
1522738375404441601
1522738372149657600
1522738369339535360
1522738365031985158
1522738317330202624
1522725436194762753
1522725433086824449
1522725429475483649
1522695728161820672
1522695680917127168
1522605464621666305
1522596616032731143
1522594304920801280
1522303634402332676
1522303591993729024
1522303586918670338
1522293707415896066
1522275790183972865
1522272179802492930
1522272172160557056
1522266351938768901
1522266348197457920
1522256152704204800
1522256145355886594
1522184790933450755
1521926152113303555
1521926109964689408
1521926104537354240
1521894522552307714
1521667115169849344
1521665020215672834
1521664987730690049
1521664984425635840
1521605373035229187
1521605340625870848
1521591181901246470
1521564255627194369
1521557597651980288
1521243635270012928
1521220578883129346
1521220531902685185
1521220525930033153
1521149897650712576
1521144127253106688
1521142955293167617
1521141214573178882
1520739840437989379
1520429194232094720
1520132620541214723
1520132582112960514
1520073113454751746
1520064667884093445
1520061228814643206
1520061227036286976
1520061225249517568
1520061222720311296
1520045181134905344
1520043689782956033
1519806181828616192
1519806140502192128
1519806136433713153
1519781798586245122
1519779846192353280
1519777993886941190
1519775762664075264
1519399499642413061
1519399432508293120
1519399428087549953
1519357481763459078
1519357478697324545
1519357465061699584
1519045265457664001
1519038855600553985
1519030831741865986
1519030790234988552
1519030786250395649
1518985282430853122
1518974662637768705
1518972528852676608
1518662574618943489
1518662568407179264
1518662563827003397
1518614284187668480
1518600863065026560
1517306034339123201
1517306026835558400
1517306020141445131
1517306014026158082
1517149219529707521
1516889632969048064
1516889628376285186
1516889622927839232
1516790477827325952
1516562375700271104
1516530615058849795
1516515274429812743
1516150225848700936
1515646253740269573
1514972964994924557
1514971878108114944
1514709376371679245
1514696776430804996
1514695224253194246
1514678214668468232
1514348099614953475
1514343620563939329
1514342683699027973
1514280689830670347
1514258078379741188
1513981496503250949
1513672579336261635
1513635814051389448
1513635448832335875
1513628454457167877
1513591322547994626
1512981599645749248
1512979368687153160
1512979357039534085
1512979346469834760
1512979337259229186
1512979325561286661
1512970551387738117
1512513346414727178
1512510508787720194
1512430059361116162
1512091908969046016
1512067683881127940
1512061869212721154
1511801276836847623
1511780782892883970
1511746242220630020
1511746234326962181
1511746225745412104
1511743548663676939
1511739754060079110
1511713511717883907
1511693613016969222
1511463717334134790
1511441917783027716
1511441783103926273
1511383450498088961
1511358003957493760
1511342817448243207
1511337259458564101
1511102457862135816
1511099616896368640
1511086163171450881
1511084208629948416
1511054847113580545
1511023028116856835
1511021377100333060
1511018169258975232
1511016536898682886
1511010440884674561
1510974244330553347
1510633227987337224
1509910084893257730
1509887724995686403
1509635665532788739
1509630209531813891
1509628342382780423
1509624856480030725
1509617231034040326
1509598433274908678
1509576576580689924
1509242813766119437
1509199000662065157
1509194796577046540
1509192256112181253
1509175984867753988
1509159924462497802
1509156976667807747
1509131095773786115
1509129500898082831
1508876524048592901
1508844171360145418
1508548929058705423
1508515752453844996
1508505082475732994
1507886412040974345
1507444735136436238
1507168447326834688
1507168355274395650
1507107781702299660
1506749496469897219
1506741833396850690
1506713042989588485
1506708921175711748
1506347400050450436
1506333381545574408
1506333377133260820
1505958397597868037
1505018419149746183
1504863557619433472
1504776917211361301
1504644714179571733
1504540013400363008
1504535922611736590
1504528585897435136
1504518520033398788
1504453404936241154
1504214603483553798
1504208707986636809
1504203247585828875
1504193268392804362
1504193121206288384
1504184677770350601
1504151863964454916
1504141387561902080
1504098618986401794
1503846837689761794
1503843120785592328
1503832419404767233
1503787531413958657
1503728421158989824
1503718224927592449
1503424380054949893
1502828542094159875
1502730078073020419
1502727933793902593
1502726211960770573
1502653490002288650
1502384888640643078
1502288483297206276
1502070082863865857
1502069723411931140
1502007701903228930
1501989015360266246
1501977109991993347
1501976007145889796
1501768426834087942
1501661086076096522
1501587166673215494
1501291597522251777
1501243681067700232
1501243676810518528
1501198988195868674
1500929974638944265
1500838064859619330
1500678110949294085
1500676646189346818
1500617549360386049
1500610078608707584
1499934621332819969
1499934617297637377
1499818132092948481
1499818125314998276
1499818118075457537
1499493213610065932
1499432035508760583
1499425906561060864
1499408727736303623
1499406135035527174
1499130385279729664
1499123708350410757
1499071513923829766
1499068170371584009
1498870667822915587
1498857460454596610
1498850755163398146
1498846061590425603
1498846036470771715
1498836123501617152
1498786803708477444
1498704660319903751
1498674536031600645
1498665152639602692
1498428367498002434
1498428016401211392
1498428007874240512
1498427995777912832
1498427985845760006
1498358608014323712
1498299643565858822
1497419210804318212
1497332196352442373
1497299932717490177
1497262922497728513
1497250207561654286
1497241163853701127
1496829005810450434
1496577195594158094
1496516231297486852
1496255603861250048
1496197224610545665
1496194331127988229
1496192757567737865
1495758667295121408
1495758368144867334
1495446016874758150
1495159470262996995
1494721250656202752
1494686041931984899
1494469457825120256
1494469452171198467
1494428881754931205
1494428873970356229
1494428783415287808
1494428740943814659
1494428696769355779
1494428688963846154
1494319688549113856
1494039329991278592
1494030430542213127
1494025812819025920
1494025655486496768
1493712979329753091
1493711243492093961
1493708627533836291
1493336916095385604
1493326047848411139
1493274792811716610
1492876216449310725
1492528931848671240
1492333162827075584
1492332106558717955
1492263677835284480
1492179022670872582
1492165356798058497
1492149097066860551
1492147663147466753
1491867307374792706
1491856997695827973
1491853222822105097
1491845940415807490
1491837727758864389
1491816457633685511
