1534622614508953600
1534531349901725696
1534261984505614336
1533846216752123908
1533828207685914627
1532379391518556162
1531684908544020480
1531303145229385729
1530179256411619329
1528751559391203331
1528737150132490243
1526993502739079169
1526667215659048960
1526583025663893511
1525215777032482816
1525212685075456000
1525177486736297984
1525137326615285763
1524820382867398657
1524779400427872257
1524133945553600513
1524041653719547904
1524018397859790853
1522635349431926784
1521906012361482241
1521260781207228417
1519699094922571776
1519681078415532033
1519029310862069760
1518985795570384896
1518976885035831300
1518669304547393540
1517161909195268096
1517136147889201152
1516870049201635330
1516821949783019522
1516810470560305157
1516131224183521285
1515703297038032897
1514719397713223684
1513927799249293319
1512105029032984581
1512097019158056968
1512082959343362055
1511500389421572096
1511397220943384576
1511364826777493508
1511031279793455105
1510970010755289089
1509890000648917000
1509544101615710210
1509243877336756227
1509223187401351181
1509212385411801102
1508922309112999942
1508828204030697477
1508489471599296512
1507825550622183438
1507396325586915329
1507092205177131010
1507010661334745108
1506981188195569664
1506972192139059205
1506712292733374464
1506637296757522433
1506285619047276550
1505990076668559368
1505979174040875014
1505949927431618562
1504849580189495300
1504564916589576196
1504564901322317824
1504494669555810306
1504123988041244684
1504093680478703619
1503727193662369796
1503510208349409280
1503494578363641863
1503452205361340417
1503147089630486529
1502042559530651648
1502037041256804360
1501603727777492994
1501582905243541510
1501248884454170634
1501234915995799557
1501204790696624141
1501204518587011080
1500227447459131393
1500170183159201792
1499855954975891456
1499819646261809161
1499756589003198467
1499746487244361730
1499736042705985541
1499518294470049792
1499483256521170944
1499443188213456909
1499409426536669190
1499376939131412485
1499069574653820932
1498862066643394560
1498784508904189952
1498751379413868554
1498721139564195840
1498390608167243779
1497593042747990018
1497321116674793476
1497253369123123206
1497218030153121821
1496975517194534925
1496604341200994306
1496153281231532032
1496137993811279878
1496118024063049730
1495987382839136256
1494695317664583689
1494679856503738372
1494663903023976459
1494333300403421185
1494329434135937028
1494319653824331780
1494304751504306176
1494001813183471632
1493689045251145733
1493265812374884358
1493233223509417993
1493189077520334854
1491898521108185101
1491875622074949637
1491833078268018694
1491827720791236618
1491827210734419969
