1534335791161393152
1533933967140954112
1533884518754574337
1532149073905692674
1531397769977536512
1530244291230146562
1530175505676513280
1529835522599919618
1529537284940484614
1529221107139727360
1528847348717211650
1528379872099311617
1528021582932852742
1527730273131053057
1527692794785107973
1527325465043578881
1527031298501509126
1527023825128501255
1526984375857995778
1526684996651687936
1526333266281766914
1526192181383467008
1525504184673525760
1525210299262959619
1525160289888522240
1525113978673823746
1524912651410751488
1524733816736165888
1524575995927351296
1524499322997555202
1523760078222139392
1523701967834718213
1522951653225377792
1522249940294148099
1522190797914918914
1521985147884736516
1521607331003641856
1521270752682598408
1520848050037702659
1519801309284679685
1519686781314252801
1519055081261473792
1518678246027665408
1516804911677255684
1515683282540589059
1515359899793899524
1514993288700440580
1514717076774080522
1514260706526474242
1514018635819491332
1513916779415932942
1512530813589544960
1512521615225114630
1512482968769470470
1512245756211732483
1511750205238042635
1511715837073309703
1511036401441198080
1511027220285906956
1510262413794451456
1510096647564533761
1509950732539211778
1509631639822950416
1509324394992128003
1508937846706655233
1508903799796248577
1508562761990778881
1507092946176425987
1506737785918664708
1506352406652665859
1505994905209950229
1505000450617131009
1504924530539646980
1504562492080635908
1504550103444606976
1504184958717513730
1503446388297842688
1503049470929420288
1502661388912766986
1502432891866918916
1502399753216266246
1502292118445989891
1501946104279015425
1501779754126655488
1501730633080619010
1501634701529911301
1501569152422719489
1501569145543999491
1501569139525177349
1501569135368712197
1501569132461969412
1501326787099377667
1500568704358223872
1500179875541491716
1499869345580826629
1499867427986882570
1499796675795247112
1499475635537952770
1499450230986715142
1499434699390922756
1499192921467367427
1499157627779133450
1499133838777331721
1499108793266978822
1499038931664445443
1498999699621167106
1498875060609761286
1498868814624268295
1498834386715828226
1498725901546229761
1498488986800697345
1498061990199185410
1497965775382061060
1497781590424014848
1497620408916484100
1497372533569507335
1497333652774076416
1497299166787252230
1496898403132841984
1496683792014192653
1496628653664444417
1496585031921381381
1495799125035692051
1494809682510233601
1494751126100447233
1494704168098955269
1494455585076621313
1494318339828637697
1494089036545282054
1493750860878385152
1493728970591723521
1493622055576739849
1493616825803882504
1493341614890262532
1493229522795249676
1492985524197507078
1492533618945765380
1492220247708942337
1492203194239311879
1491921396066402306
1491872492398551043
1491853805666947072
1491782343144660993
