1534620817149112320
1534561241934479360
1534258293899657221
1534242287626100736
1534159872727691267
1533881780100530176
1532734153933959168
1531733032813707265
1526981009593536513
1526664663869661185
1526619442213535747
1526236694898520066
1525138193028370432
1524731510515019776
1524373674287157248
1524371338391134209
1524132347515445248
1524107672391462912
1522208533709787136
1521587441857089537
1521518146603167744
1521518014226739200
1521517954650755073
1521517952582959106
1519715068912537600
1519682117638279168
1519395496971972609
1519321257765916673
1518994505172754432
1518975465205211136
1518972931824664577
1517587822634536967
1517571803954176001
1517222372767588353
1514319063119454211
1514282543390117893
1513985134722273286
1513985132725735428
1513959558250733581
1513954151042060299
1513945514970161154
1513925299351732238
1512494041866379264
1512423135605403665
1511432146237509634
1511415142365503491
1509914151048646659
1509599179772936201
1509526630104023041
1509201158551883777
1509201156739899398
1509167510553309188
1508930943595257856
1507413267479601153
1507360968015237125
1507360965502906407
1507008362952617986
1506321441825951750
1506003051085287429
1505999815498477573
1505934413200343044
1504799720568459267
1504454176033714192
1504146101364006921
1504100134195507200
1504100132756852738
1504100131456667649
1504100129669885952
1504082224253222917
1503798731619057669
1503468988956827653
1501954933683331079
1501927460316844034
1501639574841434118
1501639573029408777
1501637906661888006
1500934176291315730
1500907200054800389
1500898235602378755
1499801865369927688
1499085934033260549
1499050959703625733
1498859532864348168
1498857914949382147
1498857353957019648
1498856949332549632
1498855663509905410
1498854993616646151
1498854553885810692
1498853366411182081
1498852937694687245
1498852712770949125
1498852433669337090
1498851008432201729
1498850559708827654
1498849874552438784
1498849684307251209
1498848451072868354
1498848020720410624
1498847747591622656
1498847596181344257
1498846584917958660
1498846273021136905
1498845501558607872
1498845336013623299
1498844387429789696
1498844071837806606
1498843870687281152
1498843245132095501
1498756842947756038
1498756841748283392
1498756840590610435
1498756839420350468
1498756838313111563
1498756837105188868
1498703432970031107
1498411829520961546
1498410278857416710
1497262186510659593
1496919315643305993
1496858546419470338
1496858543961817088
1494379552734421002
1494375827877806085
1494045397555322895
1494033834182123524
1493626078669193217
1493617550046941189
1492639632928002055
1491788896878821377
1491785974321352705
1491776603277377541
