1534596730678923269
1534572104611467267
1534554813412810753
1534531406751309831
1534249186018971654
1534174031074795520
1533902880029089792
1533826378134585344
1532756495451901954
1532709938581078018
1532412665863233539
1532408478442070018
1532398656900542464
1532388162231746561
1532357635680481281
1532086985841643522
1532053174227435520
1532053171983589378
1532022187300999169
1532020730786889731
1531695419323043840
1531318513645797376
1531292580100685824
1529222254609178624
1528069537144352768
1528044013927948288
1527760310077095939
1527727145400901633
1527714796413624321
1527701965991550976
1527675305791455233
1527673013725962246
1527382333162127366
1527369976587227137
1527348538182873089
1527321810727219202
1527316249029488640
1527316246684786688
1527316245145522176
1527035400262402049
1526996203853979649
1526974900535271424
1526657606311346177
1526638684417630209
1526627728937598979
1526612296335761411
1526283848027455488
1526267627563270144
1526217607967301632
1525894845709041664
1525507479848644608
1525145103613976578
1525124999471935488
1524835714625589257
1524801614875447298
1524767030389444611
1524758836896219141
1524746056059305985
1524494014870917124
1524471174872379393
1524442230089560066
1524442052490113025
1524442050074132485
1524421574476005381
1524393782665482241
1524161810995511296
1524117649915060224
1524095676837212160
1524067994376232960
1524066224862375936
1524053700163031041
1524046739078004736
1523357993408278528
1522621310081417216
1522369520437972994
1522293803293437953
1522273592767045633
1522249797566140419
1522216091577053184
1521941980607131654
1521863981324980224
1521499319014248449
1521214189477445633
1521187804277100544
1521161342056423424
1521138738797162497
1520808191717740545
1520130997689454592
1520108153408409600
1520085524710629376
1520069026285768714
1519688237685612545
1519407814447439874
1519389763576508420
1519367091488501760
1519361441526173696
1519058798819819522
1519036087812771841
1518979667637813251
1518667718404329473
1518666177412800513
1518645249568129024
1518632176207626241
1518610806455291906
1517850779452940288
1517602783054241793
1517582761481191431
1517570217865621505
1517536499054657536
1517498919042887682
1516872160400314369
1516839758621720581
1516814066999771137
1516445696743854086
1516155927560433667
1516114657328746499
1516070008895455242
1515672675062063117
1515329167776223235
1514989424265687045
1514619536221171712
1514609005900939268
1514320804917526528
1514307429911040001
1514298749710970884
1514270938627395587
1514249960434380806
1513979015283068931
1513964061599404040
1513902908378689538
1513881492275048460
1513600587937558531
1513547447770959872
1512521323712593925
1512491797716549632
1512465429410820105
1512169884314226695
1512118204130283529
1512097878826700803
1511764014795214849
1511748069892706306
1511334955628077058
1511089136760983553
1511057410764554250
1511021435782938633
1510285936952631296
1509976392464678915
1509972174098116614
1509959529701724163
1509947932300255243
1509930933620777005
1509620164735688712
1509610087333179406
1509578781228417033
1508921367550439430
1508916283315736582
1506318358211354633
1506317099198828546
1506018896352104452
1505007414541758466
1505003414983516161
1504531924173430791
1503826883565207555
1503819428735209472
1503778074403524610
1503445862156017664
1503445476032630797
1503398044502564864
1503364071134937093
1502380264651173898
1502363175961911297
1502293789850939400
1502246626060124163
1501966331125678086
1501955821068075014
1501933038069903372
1501653331470606338
1501290900017795073
1501289256349847553
1501240190978953216
1500939606312767493
1500880204251602945
1500871335433625609
1500856312539799556
1500568191470387201
1499860927914680332
1499855954820710401
1499844515577962507
1499840921776668672
1499807150071291913
1499526824849813506
1499469253900132355
1499429402123247648
1499427520076201986
1499420538820829188
1499402980885295106
1499391788783706114
1499150110063833095
1499135047412383745
1499102303089004549
1499073297652269057
1499068291830231044
1499061098468855816
1499036209632485381
1498854898879848449
1498850302241517570
1498848954829754368
1498810318100721667
1498742483550879760
1498714242371010560
1498667248499757058
1498664961605787656
1498429111894749187
1498401219118874624
1498387531980804098
1498368139532324865
1498315886188445701
1498118118689972224
1497753504353558531
1496945996055646217
1496945995015499783
1496945993484541958
1496918083801333762
1496837658860945408
1496837657162575873
1496837655539359745
1496837653190352900
1496575590991867907
1496522770527756288
1496237109459435523
1496207067820011520
1496152832428359687
1496123344885850122
1495902764878151683
1495820621766291456
1495766783499845636
1495431803175243776
1494696747972579333
1494042087473434625
1494019182534565891
1493978481641799686
1493695875348058112
1493676490202009602
1493646296997052418
1493646294610591751
1493306788082601987
1493304826301755397
1493287674597105665
1493253707148017670
1492231859052425227
1492208607735201798
1492206879803592705
1492206878402695169
1492146467959627778
1491864549942829060
1491855419114991624
1491835493956345866
1491807924242374656
1491790536964857862
1491786243725660172
1491782408340914177
