1534631236651700224
1534597573289312257
1534594681786580993
1534589650295300096
1534564440489746433
1534563137076224002
1534559378367561731
1534557940757282819
1534293808577404940
1534177251327197184
1534174899811540994
1534174472940539904
1533159354127503360
1532911177797361668
1532821562860228613
1532505921355763712
1532497648372142087
1532444695103782914
1532091772272365568
1532088044475625473
1532024526242037760
1532013519369035778
1531631314889211904
1531424790183137280
1531424783761657856
1531304548752576514
1531297076629454851
1529961183276589064
1529832701938786305
1529143309712642049
1529143308290760705
1529137617576636416
1529095289218506753
1528849077609320450
1528740553311014912
1528738106421219328
1527829587555647489
1527738410034778112
1527707132317028355
1527399235062202369
1527354375110217751
1527340085196500993
1527302560016502784
1527301667510800384
1527299362787061760
1527297577825079297
1527297198349619201
1526942778353123331
1526744618544635905
1526660657814577153
1526323885515448321
1526323883980242949
1525257092789067778
1525237785015246848
1524854572333907984
1524851872682606592
1524841449199652877
1524791947310907393
1524787920204443648
1524771386245492736
1524770793145745410
1524769770255564804
1524766194087124995
1524725931285393408
1524524989172625409
1524472078480596993
1524471233731047424
1524394480081715201
1524167008329289729
1524141117251506177
1524114688551882754
1524105394540404737
1524074983265296386
1524070084947464195
1524053898197184513
1524032108943052804
1524013754333159424
1524000620331646979
1523746900817891329
1523712067651653632
1523696206576500736
1523394293318447104
1522619167832256512
1522294630930341895
1522289796349059073
1522270913156239360
1522270908945215488
1522268426814824448
1522268423505563649
1522268420267515905
1522268403226058754
1522215012684599297
1522195262063665153
1521968225508020224
1521966755232497664
1521955374408081409
1521908057416081413
1521882276300304385
1521868977638682630
1521868518484021252
1521863695005065217
1521831622517174274
1521659303089876992
1521656000515878913
1521647347763224577
1521500208076668932
1521498693966389250
1521495877675847682
1521492793641910276
1521492636766552064
1521474321478209536
1521469912069423106
1521466825581772800
1521460841866010624
1521453578254176267
1521312406210764800
1521311859957194752
1521304368460582913
1521294788179468288
1521263061314723843
1521253255954812936
1521219563102298113
1521197907050967043
1521183469883334657
1521156527649968130
1521137104889253890
1521130864813428736
1520930286351130626
1520898923602325505
1520897675897589761
1520861150841384962
1520523920608313344
1520061343520501760
1519849925219082242
1519824685768364039
1519736752671531008
1519675353735876610
1519657833079484417
1519645712635645953
1519442729738059778
1519407851780902918
1519406291852136450
1519406288756785152
1519384066465964034
1519382319760556032
1519321461902696450
1519091065755738115
1519080233982435329
1519069398681767936
1519068955226394629
1519067584154542080
1518950669209804800
1518675871061659648
1518673228285284354
1518635938859171844
1518594984135770112
1517561515527786502
1517560682492923905
1516462401767489548
1516458451530137601
1516441700725833730
1516208800168136715
1515865677218959366
1515688057462272003
1515668658676277253
1515086542754258956
1515086365100326914
1514583173157511174
1514369450237177864
1514343394713247748
1513239912539172867
1513135000526495755
1512503608549548041
1512455346463330310
1512450844389687301
1512450487911653376
1512167863150383119
1512152965674582029
1511887589401370624
1511875082632708100
1511791043347423239
1511757591860424716
1511744875447963655
1511463914848063495
1511458038443565059
1511417434359668743
1511390192489447439
1511112226186346505
1511071864772308996
1510761329489068037
1509593258497875983
1509516571164622848
1509319996215894020
1509226091050901511
1509174629994274820
1508977435114713091
1508923955045928964
1508844859217616896
1508843428116893698
1508539247204220931
1508152728723333129
1507044323728187394
1507007062777077760
1506804437947498498
1506774679385739269
1506736826131922952
1506678197743759376
1506427984990949379
1506404159947427841
1506403726008987654
1506273292822450190
1506272813631606788
1506255469123362824
1506254798621974532
1506221154025066496
1506041975396610056
1506032860330967050
1506025609629249544
1505987539684974609
1505891106709463046
1504850055626428417
1504633617351430144
1504598783220494338
1504562046142136332
1504554671708549125
1504526578440679427
1504486520333365249
1504259102465265667
1504221957868470275
1504221956857606151
1504221955989417986
1504221955012145155
1504221954072629255
1504221953053319172
1504221951849635840
1504221950880665617
1504221949941137415
1504221948955475969
1504221947063943174
1504221942903197699
1504221939082145799
1504221935491768329
1504221934434799624
1504221933046534146
1504221927665250305
1504221926662844418
1504125537958125570
1504120232075567107
1504092039121715205
1503870673244065799
1503853749088960517
1503853648325058561
1503768029741690887
1503768028281978882
1503760644855717897
1503736962498371595
1502332520905560067
1502332016993480705
1502331275033595909
1502129449684328449
1502117935934062594
1502107262969602048
1501983681765855235
1501965922298380297
1501956434027847683
1501953284516589572
1501922125585780738
1501917804546699269
1501735862408814595
1501696819939745792
1501367273885519875
1501327322070364160
1501314552163614728
1501303421424615427
1501298506895667207
1500992796471271428
1500977591561375746
1500923655362129928
1500916492770189317
1500856701628698630
1500620446831714307
1500154627127496706
1500139415062069257
1499964582068162560
1499823382849851396
1499788526191362056
1499753614386118671
1499753126563393538
1499460200625025024
1499449791985639428
1499417188083580935
1499416274035695617
1499169254578573317
1499168306430988296
1499139991607418886
1499063484428005387
1499040462686068738
1498994032734785537
1498836828945895425
1498830038413844480
1498817744413863936
1498491794358775810
1498096505999220736
1497999670836084739
1497243220945915916
1497015792789073920
1497004855721967619
1496998125373956100
1496997922012950542
1496951191753924620
1496891513502318592
1496878841465290752
1496875812934623232
1496690683834511362
1496593117021147148
1496564763723186176
1496563024265625603
1496523282358714374
1496490744567246851
1496241581728444420
1494712457486548992
1494711413016862722
1494346958592520192
1494322682774441986
1494133417784532992
1494123799712866304
1494110374920167430
1494103328933953537
1494082209774551047
1494078762467610627
1494048001190465537
1493955190151696386
1493758945810210816
1493711868975882240
1493707238988464131
1493620523246436356
1493618730080911361
1493604379575963654
1493367826584850434
1493350772519710720
1493347883894120453
1493305414158630916
1493044076316405763
1492659767508148225
1492560618737524736
1492540627191537664
1492342769544794113
1492189789835169799
1492133712129105922
1491977777763004417
1491899724651188227
1491776536034357248
1491610306996584449
1491608676918038539
