1534580819494420480
1534580815295926274
1533900981305581569
1533862672919408641
1532027279811002372
1531305978322370561
1530311252328718336
1529246170098327555
1526568125751345154
1524821829185150978
1524031397207457796
1523701912167919617
1523348948458500096
1522607687510462465
1519432826881511429
1519004483577073665
1517598244024500225
1517180195664445442
1516807827712524302
1516471527679709184
1516103429483081744
1515858567601008640
1514695659844255750
1513625906153205764
1511788025327624203
1511715050037420032
1511393283792150534
1511393282399649792
1511032779575906317
1510992494942732294
1510643873055399936
1508978383006441473
1508873696450072581
1506305472546152457
1506001326391627777
1505164007728197632
1504833644740886540
1504506521463541762
1504456444896321544
1504132471427842057
1503872276978098184
1501759395092475916
1501759393796345856
1501219551152951301
1499244235232587781
1499066803124850690
1499054229918519306
1499013634986549250
1498867638709145602
1498841744770846723
1498742758630174723
1497717337000230912
1496696755529867267
1496696754154225668
1496211913147047938
1494716145844330502
1493616158989299714
