1534627700689842177
1534590526325936130
1534556637423353859
1534264673771704320
1533909776941387777
1533881631177580548
1533868355559505921
1533868354351640576
1533841053731672064
1533827318292045825
1533160328804110336
1533116765978468352
1533113748059312132
1533081501318975489
1532791428979560451
1532791427473735686
1532789873295376385
1532779931117228032
1531697180297265153
1531635959019753479
1529933761290420242
1529933580109070343
1529932211562201102
1529891256704303105
1529878749487013888
1529868983377317888
1529553151203979266
1529517927250251776
1529510226285715457
1529510224528396289
1529510223056093189
1529146116868014081
1529146115408416769
1529146113755955202
1529122850484928520
1528785004809142275
1528785003332657152
1528753977612984323
1528753976254111744
1527749502056251394
1527614361816248320
1527363513903001615
1527291819247423494
1527032842806493184
1527005084919468033
1526977852259852288
1526680819049320450
1526666441533050884
1526657363519979521
1526584325453512705
1526579563299590144
1526568875961339904
1526568874719727624
1526264324037263364
1525112664413945857
1525109967258271748
1525109965282758658
1524443488858906624
1524109899910819840
1523768539475513344
1523710094839775232
1523668604062887936
1522570376055824388
1521915085156925441
1521915083349274624
1521865524715692033
1521593863915380736
1521522058206797825
1521504948420292608
1521486414856269827
1521201824329609216
1521147512786145282
1520145135081820173
1520037486684213253
1520025105392234501
1519381499820351490
1519353757708001280
1519346857977294851
1519328960731140097
1519323274991316994
1519021683994247168
1519021682589110273
1519000402137595910
1518993706417860615
1518993704761139200
1518969116643803136
1518667672434659333
1518667670153052160
1518661891291324418
1518566169866813452
1517620135812603905
1517620134126440448
1517492164468506626
1517352745770045440
1517142342167236609
1517097564083941376
1516819189025189896
1516764802080808963
1516764800570777602
1516508935234064386
1516495363015856139
1516493451646406658
1516493449700249608
1515903194152398851
1514995913487486978
1514952178049466375
1514949409330585602
1514685517253722122
1514668559300902922
1514658659879501827
1514571670450630664
1514372239709323270
1514227402557304835
1513921271851061261
1513874110325182469
1513865014335225866
1513594203514851336
1512420244106715137
1512172959439462405
1512172958059487236
1512136772070907910
1511436777348898819
1511436775482396683
1511391631865483271
1511391630657527826
1511377361127849984
1511377360003678215
1511369329337581571
1511366324789944324
1511366323665883148
1511050244049584133
1511050242292076547
1511030587418587147
1510978780243836936
1509998283376234498
1509998252518748161
1509879251390156800
1509153972250099721
1508935182195306498
1508869175065853955
1508860072536981510
1508851789097058309
1508545471849062400
1508545470670516225
1508502292739285003
1508485100459237376
1507338315078553641
1507338312998178831
1507338309315575810
1507057558179172357
1506988201080201217
1506715262980177935
1506715261159813126
1506710212769632256
1506710210894831619
1506625562093137922
1506616761075920902
1506612856741113859
1506360817117147136
1506347751960981522
1506347750778155017
1506339770955350022
1506263174009434123
1505996156870053903
1505996155519385610
1505945405246390279
1505937345140469769
1505937342078595083
1505900534250749957
1505588043234824200
1504902442256896000
1504902439824236548
1504863414631469059
1504813370741993475
1504545346231357442
1504450730970607619
1504155790390841344
1504120628214960129
1504088091446841348
1503797569356550149
1503794263200612362
1503734466082230272
1503734464572235777
1503726518891069440
1503725452011216907
1503419791117279232
1503411569153261573
1503411568062742533
1503408214305652744
1503362815930908673
1502288231798165505
1501935613813030917
1501935611199909899
1501935607978758155
1501927605414416387
1501674507123240960
1501640478013468681
1501564965819338758
1501251536277708800
1501223804781019139
1501202326173806593
1500944992034263040
1500903168921718787
1500893852533760006
1500893850256261120
1500885740170846213
1500866921629208578
1500833899219410947
1500220805833183235
1499846970340483080
1499796218389671936
1499796216909074442
1499796214824460293
1499796210504380416
1499731635788341251
1499471198362685442
1499466220457934857
1499466219044446209
1499465328165892106
1499460868358217728
1499460866655334405
1499435685358411786
1499401276236316677
1499384347626987527
1499186837046403074
1499172129694224390
1499088097048473610
1499080296775495682
1499080293751394307
1499021959803244546
1499004283743838217
1498856348221595659
1498852693993037831
1498849036912279554
1498848179277729795
1498846699594342405
1498844724140154881
1498844593768517633
1498842758794121217
1498842210409795586
1498842003102212096
1498841912907870208
1498700355730915338
1498659571740688387
1498447701008072704
1498447699368202240
1498425479098945549
1498414000715059202
1498362224875909122
1498350849097191429
1498317802561748995
1498317660924391427
1498317377456508928
1498317263090368517
1498317080512376836
1498316954729336837
1498316779805937664
1498316606400868354
1498316277399572489
1498314984954241028
1498297183782813697
1498161288219922432
1498041729802543116
1497820039486984192
1497457651701071874
1497286775772835843
1497270805889269760
1497270089007128584
1497225664113565696
1497095012139503619
1496965031384301577
1496964879516946436
1496922704309538830
1496864469321977857
1496864465786187777
1496854587533369347
1496848487689818115
1496711736921055232
1496606921264140291
1496369481379155970
1496246055796621320
1496239755557838848
1496237207027343360
1495986961026273286
1495624573164957697
1495362849589374980
1494729056574742532
1494729053835771916
1494724609048031235
1494437108504829955
1494327763842465798
1494327637057019906
1494068254461120516
1494037976413839360
1494004148903333890
1493681031844704262
1493654831055224834
1493648853144424451
1493636412138209280
1493327729093132293
1493326649542197255
1493326647751323655
1493324826529996801
1493324824717971456
1493292204676239363
1493265732095909892
1493265664043372545
1493256720738512896
1493220611098873858
1493214464040132614
1492826092050259970
1492136471192649729
1491804847645077504
1491795996061233161
1491775859677671424
