1534675336453050369
1534672945280438272
1534587808861634563
1534587398859931649
1534572234454474752
1534569008032260098
1534545299326345217
1534545025991942146
1534401097699405826
1534330114972033024
1534297624928714752
1534258383582371842
1534253415869693954
1534193029925552128
1534005893079224320
1533994655771152389
1533994528797036544
1533932872620331008
1533919110974779393
1533835166547951618
1533802970218897409
1533517657785307136
1533515654619246593
1532890896580100100
1532873882381828096
1532873737187512321
1532818819835494400
1532764076237004800
1532719218759720962
1532465992659509248
1532460449794404352
1532434019396497408
1532376687186481152
1532353948975345669
1532194111909818369
1532156656422948867
1531990582947631104
1531737528155373569
1531454968623939589
1531390290510106625
1530327942693212160
1530300854783209472
1530298526491561984
1530296883112857600
1530290806426374147
1530290469262983169
1530243869295661059
1530217106591080449
1530217047883382787
1530182491754987521
1530181767042170881
1530030448323088384
1530027754464288769
1529944411559190528
1529823289991761922
1529566245955174403
1529505694441000961
1529505667723165697
1529505174758252544
1529505066348167173
1529270065018720257
1529222992311754752
1529191825742897154
1529156590800191489
1528909075068616704
1528904733909364736
1528841029625028610
1528779971715428352
1528749844273278977
1528082000908849153
1527814517639589890
1527714720928698372
1527682865118466049
1527389614926966786
1527347962304937984
1527326575376486400
1527308861471723520
1527301735609344000
1527294075527102465
1527094835345248258
1527080476187545601
1527062284052447232
1527039446016745478
1527019281585774592
1526972745556320262
1526972609799282688
1526955916502917122
1526955667948457987
1526733723944747008
1526664561994113025
1526664262583721984
1526607997014884352
1526580478484041729
1526319956723650560
1526305480901111815
1526298194035998720
1526289976610152452
1526200430623088640
1525857132700123142
1525491166447386625
1525222162147295233
1525189808162754560
1525142182121902081
1525105410033782784
1524896928961642496
1524869126283485196
1524832182283513856
1524792932708007939
1524785314065264643
1524785256368422914
1524530994841276417
1524510956256116736
1524503114509950980
1524426990018777088
1524398260936392710
1524380826636636162
1524180882604675073
1524142254037819394
1524139832733224961
1524124358536568835
1524098567727632384
1524076891988283393
1524057421408309248
1524031462709813251
1523851512878751744
1523773960923787264
1523773846243127296
1523763136917958656
1523756306821091328
1523743110026604545
1523735598095568896
1523716015435448320
1523686387027148808
1523364945525583872
1523316743006867457
1522703242001592320
1522677438756446210
1522672311580590080
1522671242301652992
1522633022834675713
1522606556331884545
1522582294984331265
1522312361595621379
1522292817497931780
1522292712652914692
1522260224392019968
1522236608178790404
1522214720060596225
1522205148247957504
1522052427696025600
1521982568442339328
1521935516769390592
1521846305198415872
1521595087305818113
1521542547591606274
1521519003734261761
1521319863246938112
1521318621494001664
1521290771114217472
1521267280000208898
1521257090337198080
1521241775050223616
1521208194499973120
1521126469589684224
1520946943857418240
1520120650245058560
1520080253393293313
1520034020939206656
1519771937836310528
1519754953237184512
1519737583298875394
1519691002419855364
1519667643795529734
1519426747506245632
1519417103513788418
1519384882375499776
1519371825582690307
1519304235095150594
1519062476356259844
1519062233980063745
1519040567275147265
1518741662230589440
1518697290512441351
1518693404632264705
1518667722003030016
1518667418108899329
1518650176822468608
1518316565896204289
1517609398536966144
1517594759786864643
1517563893358514176
1517549113272844290
1517537441095331841
1517507415096311808
1517507174796349441
1517247028430004226
1517213152982691845
1517201991558127616
1517177983332671491
1516936498247086080
1516936305468485637
1516872103345152000
1516852550456258575
1516836623589253120
1516781398614368261
1516533404338032640
1516532674881536012
1516506960438476805
1516502541936308226
1516478423098703874
1516459183851384843
1516451614617337861
1516430611216576514
1516250278009446406
1516153161593012240
1516136764188114960
1516136551641923591
1516120645817483271
1516104983095263234
1516066180716326914
1515825987291947010
1515448989495177220
1515148829963788295
1515130014416752640
1515099185946705923
1515091719456448522
1515028745681133569
1514977526694694927
1514954888505176070
1514760422447976450
1514757208327794692
1514742040768270347
1514723874621038595
1514713317188816912
1514648977513365510
1514607917797810179
1514594863567753220
1514336184889077762
1514302801123237888
1514267419144974340
1514238216362147842
1513981920467632131
1513963014508236806
1513943661414916102
1513902516685053953
1513901165347426313
1513878064731762693
1513675880622485505
1513621738231414786
1513621642936819722
1513598737532215297
1513588651741097984
1513545007474651138
1512545138651893762
1512531070427840514
1512475291259703302
1512455968919064585
1512171312407535616
1512137670495027218
1512105733436944398
1512097085096706061
1512059533484601348
1511849447877234688
1511835376784187397
1511776443382050823
1511757437698781188
1511748271076691988
1511694204824694787
1511429556686753796
1511413802880937992
1511411976202825733
1511352520077160452
1511149064741662720
1511148634779308037
1511126461587116040
1511093471700041733
1511093425126486017
1511074799946186753
1511074365420486664
1511067239763652618
1511067081697112078
1511035005702660100
1511019303251988480
1510973837122449417
1510973049062969356
1510617113588817927
1510291998049292289
1510291557458579461
1510093960127160321
1510064096531693571
1510053340054528006
1509986374077726722
1509979806984818695
1509979415207362568
1509692141865521156
1509657151035383810
1509641384017416199
1509605058526203911
1509592856062832648
1509562815501287433
1509562738510647309
1509333918046167041
1509325219789430784
1509285757718040577
1509285697189986309
1509268642143387648
1509258447132495874
1509249801329774601
1508930539209822217
1508929523827580928
1508917303479611399
1508897590368215041
1508852726779817990
1508802768336789515
1508786739145490438
1508535990381682690
1508512707359748103
1508481060744560642
1508467906383958016
1508223516302356480
1508142468818157570
1507729717587324933
1507380240628305923
1507359547677192198
1507359517863985159
1507186081313173510
1507078592160796673
1507010319029137422
1507007077918527501
1506998813420138501
1506804924029366283
1506803171762528256
1506802955894333445
1506772487681581068
1506731406533169153
1506726529992048641
1506721795046584331
1506701559740084225
1506684806616080393
1506436718853033985
1506343901086498817
1506343087668449287
1506318252137492493
1506282215067561990
1506281907922907137
1506259929065308162
1506259878024822788
1506026429934354432
1506026234588844032
1505981631890305026
1505897671244095495
1505671512535220225
1505548028068786181
1505247113986289666
1504966707856781315
1504960055006924804
1504918430415265794
1504917734131474432
1504876771820417030
1504822657556140032
1504822516669427720
1504648899952357394
1504544660504694785
1504500799413661705
1504500029750403073
1504286031323058181
1504199420392452107
1504183973190246400
1504158147237269506
1504157828688326659
1504153703359688704
1504130873217720336
1504128771514937346
1504128541364994057
1504122956879958020
1503876446820847617
1503862251857534983
1503846776494825472
1503795751469686789
1503774021803921411
1503753333118574602
1503717824665165827
1503440175728312321
1503404839228870659
1503369101091164166
1502728671836090370
1502421107005030403
1502370775491174402
1502354238763978752
1502340522345742339
1501929167612383236
1501929012393824257
1501763064747773952
1501754254754824198
1501749619704975361
1501667860032245765
1501630750084509715
1501613285564727304
1501591178407559178
1501335801514414085
1501327897776295951
1501304852663746560
1501209878269943811
1501022373709070337
1501013421906608131
1500991275843178498
1500990786619559938
1500984121698488321
1500899535677239297
1500887221016182786
1500578592513687555
1500479243708342276
1500218519811620867
1500216113824624640
1500145361779937280
1499941228581773313
1499888418570088452
1499873570733715456
1499837878045712385
1499763264338624517
1499753743222558729
1499753629712007171
1499581597942644739
1499557042956251148
1499486856395771922
1499485981107535881
1499483717928198146
1499431933226405888
1499431307461410817
1499426886535028739
1499409183896129539
1499404591703760896
1499389855436005381
1499364911729758212
1498858894776483840
1498855824441155587
1498855360819609605
1498852833793351689
1498851199235543044
1498849177593389060
1498847342962872326
1498847209525489665
1498846418911567872
1498836624268013569
1498770027352244226
1498730634998657041
1498701407645491201
1498488923324047363
1498438776632365060
1498412011213967368
1498393708579938307
1498363930833571850
1498310021393924098
1497611845762306055
1497313293454626818
1497242040634990599
1497228541221429255
1497227158657200130
1497081969632374792
1497000651490013186
1496956919856181251
1496859319328985095
1496711590829170694
1496598842581659652
1496598767495266326
1496565289793867780
1496549157699526659
1496545504020373507
1496294676860747780
1496294529334403079
1496214095472779268
1496208729771065345
1496148319076298753
1496140493952061442
1495783706082299905
1495475572147101697
1494765181716606976
1494719796683980803
1494697305274040327
1494681370915975171
1494495520773091357
1494434734004477952
1494365409818157063
1494365335499198473
1494365262937735180
1494365185427095561
1494347764532228112
1494319312655503360
1494142254318972930
1494132034779815943
1494101602029953028
1494090587879849985
1494082603497967619
1494045737566543874
1494031772153229322
1494031571384520706
1493991272058662922
1493749573138976769
1493746776557375489
1493709198181351424
1493701082593341440
1493684038493786112
1493657964888035328
1493643815541948418
1493593682091589633
1493461943792766979
1493380621359620102
1493336288480669696
1493307714813976580
1493283793423290375
1493057507538845697
1493031516380745732
1493012727383486466
1492953830840954884
1492919655568080897
1492338803217874944
1492258360133144577
1492258280701366284
1492258234928963588
1492258121695305729
1492237043274895360
1492232749545107459
1492217266481491969
1492212472916287488
1492191346047729669
1492150846343286788
1491921285076729861
1491883980727238661
1491843499553079301
1491843291486244872
1491790057568538648
1491758718677135364
1491665063089868800
1491546542217388034
1491544067615834113
