1534652665719840768
1534601944244834305
1534530645845856256
1534304915333468166
1534267644676816907
1533931340088938498
1533848968014319627
1533809367543422976
1533513483840536577
1533217382117818368
1533116637347454977
1532830234252390404
1532739711734894592
1532464546018992130
1532382170718818304
1532103663266709508
1532091722188087299
1532083005442883590
1532040106193965058
1531794593586499584
1531775500728803329
1531284411454525440
1530590102124109827
1529939253513404429
1529910562351632390
1529883602435158020
1529648945525407749
1529508235476074497
1529219035770257408
1529187551956897794
1529123456553521152
1528848867785068545
1528848862441525250
1528444423599706112
1528137487327145985
1528001308153757696
1527825018712903682
1527740619527004166
1527672355522330624
1527424864495120384
1527407667093901313
1527380651950755843
1527354877399093250
1527297073191653376
1527282708984082432
1527105252452974594
1527105251152740352
1527091311198838784
1526706631186210819
1526689094553722884
1526651014790938624
1526651012882341891
1526355567970816001
1526339428058275844
1526304954469830658
1526304952703909888
1526211026718433280
1525881410103431168
1525633732387950595
1525526680114188290
1525477892293001216
1525199586398294017
1524799589454331904
1524799587889950720
1524539860849086464
1524523548068528134
1524488388467900416
1524457499738451968
1524441722553520130
1524406884148686848
1524160511004315650
1524112753916616705
1524074676019941376
1524062475402031104
1523848629819170816
1523804726101524480
1523770787118796801
1523740518668152832
1523719651251060737
1523393742933168131
1523343822096195589
1523302186377113602
1523012924763213826
1523012918132211712
1522720784787116037
1522704350824517634
1522683388527890433
1522656109865099264
1522630344754831362
1522358631035027458
1522334571966177281
1522317883577192454
1522211678829654016
1522198874898771968
1522190726590836736
1522019947169341446
1521921095061979140
1521853217151373312
1521645872576147459
1521591649587113987
1521564388976640002
1521461810179850242
1521461808640704513
1521461807378014208
1521461806174199808
1521461804689408000
1521263649976897540
1521263648508944387
1521249020840230919
1520840483374723072
1520782918704115712
1520529170199158789
1520428918431522818
1520191522137944066
1520120468023517184
1519833617777758209
1519821913471832068
1519798847689658370
1519779764881571840
1519763719613521921
1519701108675039233
1519425302090461188
1519419316470693888
1519038797886939136
1518984385688707077
1518984384535306241
1518681793288884225
1518627367060713473
1518266863481937921
1517941238409969665
1517913890969079811
1517636518457790466
1517550280648318976
1517550278605737984
1517511710529236993
1517511708683739137
1517216599564038145
1516879414684000258
1516817467057840131
1516464129128771587
1516143222535372805
1515808908593582087
1515381085202534402
1515024655136043015
1515013051841458186
1515005741706493961
1514703174774542340
1514351268478820355
1514328343763734536
1514015511226589185
1514000409156677635
1513945988465111042
1513646932249530379
1513252981059301383
1512902244844322816
1512463365368655873
1512448070310629378
1512409864043208714
1512203818121019410
1512193789942800392
1512180495462895619
1512167630962053123
1512152767825125380
1511830525958369288
1511785079210532864
1511783511547650067
1511694544353562637
1511478542332305410
1511440824227217420
1511424929438253066
1511415948548493316
1511400942138281986
1511117779117686792
1511063965169815558
1511011058042945539
1510633714715406343
1510324734914932746
1510277655052050438
1510030284196089864
1510014443987644420
1509996368416456713
1509991299390361608
1509991296798236680
1509697781656600578
1509687881538887684
1509674199627055105
1509662414467481608
1509647618028318723
1509596398483873798
1509523601812299779
1509159411444502539
1508961230756667394
1508952084313513987
1508909207176855555
1508897314399821831
1508897312566874117
1508606387730976771
1508561929983471623
1508533082961608704
1508494776508760070
1508480048441044992
1508441526275293186
1508436244769869827
1508178663006781442
1507862898936320001
1507753226782785537
1507130880137039872
1507040372924551170
1506988807257739269
1506785417370259461
1506749199660068872
1506680143468806149
1506640306921426954
1506640305533112322
1506640303805059073
1506388925853671432
1506358809262010370
1506326218534174720
1506290811830472712
1506021926078099456
1505988560838664202
1505988559295164416
1505950278721417225
1505644225773326345
1505574773065240579
1505354698160754692
1505283077102346241
1505258480374108162
1505189090584678404
1505189089162801156
1505032090550738944
1504978458950086656
1504954844586594306
1504951507229495297
1504935996227571720
1504920949556195333
1504893811482402818
1504818386051559425
1504564860809625610
1504549012007006209
1504456623741407238
1504244302880333831
1504244301710168077
1504219015220281344
1504206275432824840
1504146848520486912
1504103070053064707
1504103068618694663
1503902650907119622
1503879179514884097
1503833406165168140
1503808611247706122
1503089741952081920
1503051678068748296
1502744739849908235
1502690644531326988
1502460618493812744
1502419994591866885
1502391537266790408
1502374604316319748
1502299455495843843
1502128928948903952
1502128927367651347
1502067500250542088
1502067498753183752
1502048063438868495
1502037817995796495
1501983240239804419
1501713192535298048
1501699806040928266
1501675650431782919
1501338056988794882
1501330717594238979
1501323537428193289
1501315986552606723
1501306931654311944
1501299412575866884
1501282378488156168
1501282376625934339
1501282375086616580
1500998483091673089
1500992278994857986
1500980893162295303
1500961752141348866
1500940508071403521
1500844428386263049
1500647999822778369
1500598112276172800
1500208529348694017
1500136766665338886
1499895176629788678
1499867188546654210
1499810397104320513
1499535605893677059
1499492935980748804
1499472338680692741
1499429371060400128
1499198446309453830
1499174260211953670
1499143303761170433
1499133414934560771
1499104167843012610
1499066194330112001
1498865154561347587
1498865153084997637
1498811072471515137
1498782594531401735
1498759129560723460
1498712394322698244
1498707413641347078
1498660670354731008
1498494313268924417
1498444674486444037
1498414675146465284
1498394589731901446
1498350249487872006
1498000227642527755
1497694864170962944
1497694862581321734
1497667260034465802
1497254795610054661
1497014815973281807
1497014814127788043
1496842081289269253
1496605277478600707
1496579990795825153
1496553777775751168
1495969998908624897
1495518259617091596
1495458536826052608
1495113187217358849
1495113185719902213
1494752280469454853
1494477786169417728
1494434161259683847
1494311528606146561
1494087898534137856
1493737654583705602
1493700443410685956
1493671567980650496
1493357478939086848
1493331935992635392
1493331934667325447
1493321509523398667
1493307055708459009
1493277411001221122
1493016189752258561
1492997830247649288
1492903985090637824
1492616478083923979
1492540608984068107
1492540579577745411
1492262777930534920
1492243992536395780
1491900959307485186
1491852523262590984
1491801391043547144
1491785524738080771
1491555949743587334
1491555948430831620
1491555947096985602
1491555945742319622
1491555944387551243
1491555942839820293
1491555941472522244
1491555940168085505
1491555938662334464
1491555937047437314
