1534626451609231363
1534571071193620480
1534344148094001152
1534222239230476289
1534221287610007552
1534191251905556482
1533985028438380544
1533928126501240841
1533892194817409025
1533892130946564101
1533881534368849926
1532822474211184646
1532792270885425154
1532456025017794587
1532427020285661188
1532382745636311040
1532160947791581186
1532117623642595328
1532022506395148290
1531805078755151877
1531751297107492864
1531745304831266816
1531703809369571328
1531376597663731712
1530710391273230340
1530637922923425795
1530338581708931072
1530325218094358528
1530325215338713091
1530282795104448513
1530262134856220672
1530248031895003140
1530017587563732994
1529923525577932800
1529600057737084929
1529600055572938752
1529580147325685762
1529580145501167618
1529563376619331586
1529493537250762752
1529486791132254208
1529227114787983360
1529155989345341443
1528881025668943872
1528881022863024128
1528861140716953600
1528819924562583552
1528767848444837888
1528401638574153728
1528123331102261249
1528105474817765387
1527798882566123521
1527771306598465537
1527750920007712768
1527406938924929039
1527378282462580736
1527313791968391169
1527300056499400705
1527068645851004933
1527024965370904577
1527018738469462018
1527001498701516803
1526980764046446593
1526955955241492482
1526692413150052358
1526666933994668032
1526609411531227138
1526609409199202305
1526337159040577538
1526307390446092296
1526260030164574208
1526237141973536773
1526230351114383363
1526230349864480768
1526230348497133569
1526230346848776192
1525665908156510208
1525665906206167040
1525593281610104833
1525226929116389377
1525199287197499394
1525199284672528386
1525178164795826176
1525141919843721216
1524915218274451478
1524840749564579844
1524819617813757952
1524819615620157441
1524793813348261890
1524793811339198465
1524551915182473216
1524538355802853376
1524521077841575936
1524431385615904773
1524419646346125314
1524403441073860608
1524177674243133445
1524148486115049476
1524135878670622720
1524114356493033472
1524098435850412032
1524069835155677184
1523740579137433600
1523721912592994306
1523703673834328066
1523703670218493954
1523362037241286657
1523107172846129153
1522767755589607430
1522750850984288258
1522736895788265472
1522677677177458688
1522662128796114944
1522605990608179200
1522256000396320771
1522001378863841280
1522001307728367616
1522001248551022593
1522001217353748480
1522001171413561344
1521979258679164928
1521957039198535681
1521950091682013184
1521916467045822464
1521717496713146369
1521677851543564290
1521641894119235584
1521638100249702402
1521638097238171648
1521599342468952064
1521314138365906944
1521307618152644611
1521287275820183553
1521194047200583681
1521181417727688704
1520906800689725441
1520865042576510977
1520839441350230016
1520528395448188929
1520238521247682561
1520238005612474369
1520156480242036741
1520139501812678656
1519784061887262721
1519746644375486465
1519465154194386946
1519402245305118723
1519388563791650818
1519381132126605314
1519079335843479552
1519001681937190916
1518960016253984768
1518959820359012355
1518931110994100226
1518771783373103105
1518749917824667648
1518715611140001792
1518682317983780864
1518660305215184896
1518610565547048960
1518336836397150210
1517989954005180419
1517892146489139206
1517679599395786754
1517648193764405254
1517631037152669699
1517582413244907520
1517566349043712001
1517523134915751936
1517307739227271168
1517275614667055105
1517257076044701698
1517226885993934854
1516906410575118338
1516870183645859840
1516851863374684164
1516516644780187648
1516489986568241154
1516480255837544452
1516119798693957647
1516070182887866381
1515717991605968903
1515066011585691651
1515037533503045632
1515007936086482945
1514787142794313734
1514764677057720362
1514709831256612874
1514674321943318528
1514643886882365449
1514623408872558592
1514395382561837056
1514379792879132680
1514367173921316866
1514316669077921794
1514313271129649159
1514285149361422339
1514074410533142535
1514059543541694468
1514042760319406080
1513980957862342661
1513955114498854928
1513939425482489868
1513935598536609796
1513935565678424081
1513935549848907783
1513914000161095691
1513662116993159175
1513638075460632587
1513610264733798409
1513593295724847106
1513562824664141824
1513219687596929024
1512523840479502347
1512523091510976532
1512461446894047233
1512225697682665513
1512194854650064902
1512178477830709250
1512134623853256716
1512114773579767823
1512097187890667522
1512089636323033092
1511825299549396994
1511747513258319878
1511720351247572994
1511454551672594442
1511415372330721283
1511395015972597760
1511361559196491779
1511125851244486665
1511111558507675664
1511090286876938250
1511075551674609667
1511053571432849417
1511037804867989504
1510698389465448448
1510381734336081926
1510287190856716295
1510043203608657929
1509998164857737221
1509974673433448453
1509968877651910660
1509954300902101000
1509939954046185484
1509926383753080838
1509683875437555713
1509670531095834627
1509654396426231810
1509644861074460674
1509579217100587009
1509548018701271043
1509542548808867855
1509256684019007490
1509241164838416384
1509211990861963272
1509211917641994251
1509195343073841161
1509171218842275844
1508913914758713346
1508899058336862212
1508885868936941580
1508859866030432274
1508858761120817154
1508858739473928192
1508841641787985933
1508801200950587400
1508589588910116874
1508573251563409409
1508553664159485959
1508514550349504512
1508496639253749763
1507851164007686146
1507772950199648257
1507742135801589765
1507488128071872517
1507464328810745856
1507438317163495426
1507418952875528193
1507136031589609473
1507102456869789696
1507087784892407814
1507021623194537984
1507005119149355008
1506829847309565954
1506784373126975488
1506769048448741385
1506703113591345163
1506703108809936901
1506458711174352896
1506423020977627141
1506375405464338437
1506307262821847049
1506030332449017856
1505960918345306120
1505960916034244609
1505929525431087108
1504860729857519616
1504841195196923924
1504635545149968384
1504581008590622726
1504557792602075138
1504541515846144003
1504487610814767104
1504487608545652736
1504483064436584455
1504275626324340741
1504206157061181452
1504183513930739714
1504154529092317191
1504095148115906561
1503857064971575298
1503828007819128841
1503821012273668102
1503820334205751303
1503809778434428933
1503791595321237507
1503522379233959938
1503469375495548934
1503469373339623428
1503447179331047427
1503409031418978306
1503395787274960902
1503395778932445190
1503374086256349184
1503160155458117635
1503134994482540554
1503110558232588290
1502804593012584454
1502427700979507204
1502398207791452171
1502377935524843528
1502377915622866948
1502358914821726211
1502342003039911941
1502341913378185217
1502326836952547331
1502068036953591814
1502005006819602434
1502004950523682816
1501988280543420416
1501952144815104003
1501765090818801665
1501765089686392835
1501765088579145730
1501765087467556868
1501765086289051648
1501765085106262019
1501765084049195009
1501765083059347462
1501765081708875776
1501700396603125764
1501651436857397263
1501636378555293702
1501616694581678086
1501616692220338180
1501585730853875712
1501349762855051267
1501349761915371524
1501349759210164227
1501337127828795393
1501292252408262667
1501275083792261120
1501017118824976384
1500994981871427589
1500963821065805828
1500909367373275136
1500909365523591169
1500244372767461379
1499855717146243074
1499808722734010369
1499599460116094978
1499599459004604426
1499553398156406802
1499508223786852357
1499495851286306819
1499490529788284933
1499482085521866757
1499435244314845186
1499408189405769731
1499403304597610497
1499209468856393730
1499146841459417097
1499132337086476290
1499110597241229313
1499092337900896257
1499082548365955072
1499082507404431363
1499079010097287168
1499058111184871429
1498858454458544136
1498855107840126981
1498852590758637572
1498851976917958657
1498851098416844801
1498850786926809093
1498849538681057281
1498848585257033731
1498847278009835521
1498846552709865479
1498845357664612355
1498843997581709312
1498842747842842631
1498837566816194565
1498813600512847872
1498792911147880450
1498754863320158218
1498754861009182722
1498754859520167943
1498754857339076612
1498697894014169089
1498688100754669569
1498503817872166916
1498472505316720640
1498458059827515396
1498440199021510657
1498400130952802305
1498383211726094346
1498383202808967168
1498355860623536129
1498338535287443466
1498095307455877120
1497987908162129928
1497721125438058497
1497684387395215370
1497334605774573573
1497327060791926788
1497286862901321728
1497272102759641094
1497243594884882438
1496958231553671168
1496883022985154567
1496855254561865730
1496640442447929344
1496623802322718722
1496566646525341699
1496535011348123653
1496292117559521281
1496292116867461120
1496292110428946433
1496276754377613317
1496237096130039808
1496198819163291658
1496176006813855744
1495879572587528205
1495535499804831744
1495177515979063300
1495144495578775552
1495144493565177857
1494809340963926018
1494781927773061129
1494769024009396229
1494727696164794368
1494495513332301824
1494417648653848576
1494417646670041088
1494366374159859713
1494145654985314306
1494113233308897280
1494036067099545601
1493983188737265667
1493979240840241159
1493736552450637826
1493736549644738561
1493736547551752193
1493715999568261121
1493684203904512002
1493655507885867012
1493614305408913414
1493418149605220352
1493339747619590144
1493308139269246976
1493282438025564172
1493282436519759879
1493262151557038082
1493058749589774337
1492886391826563077
1492636049859883012
1492351914083770371
1492254062741442562
1492254059235094530
1492231173162033157
1492175228222550025
1491931549008379923
1491900835189690370
1491880263412068361
1491835386104057865
1491820089783562243
1491820087766102022
1491589833227182091
1491571334589075457
