1533838414361116673
1532415750564110337
1532089053948125184
1531244034290761728
1530294735906258944
1529919254874710016
1529506002323877888
1527701342491447297
1527398441084669953
1527029720709312512
1526668731757248516
1526323037833945090
1526279058371272707
1525120793142779904
1524184883974836225
1524095591856410626
1522561324080930816
1521500111557300224
1521147505647534081
1521146837708722177
1520119696791584770
1520102462207795201
1519338346153132032
1519328967429435392
1519102399021039617
1519000698326859778
1518660921844977664
1517529039380140033
1516815837826592778
1516802872905715717
1516490147310800896
1516452593689665543
1516415618987315202
1514976308593401861
1514598424070471680
1514316979938680838
1514275083921076229
1513958855138590727
1513622969226039299
1513606275598372866
1513606273815691265
1513605019634917383
1513573790789378060
1512545997720858629
1512521311687479304
1512442617107206146
1512430186066763782
1512180483605635079
1512135728309940227
1512074787748659222
1511757051462103043
1511428341152292864
1511373001903722501
1511065935259607041
1511049517977812995
1511035985127219215
1511016204458156034
1509954026573549571
1509954025608855553
1509954024543600643
1509638682072002563
1509632487726751757
1509562664766230528
1509541805129351172
1509538740414332938
1509239780600598532
1509230167125897231
1508919034833772545
1508892018738663430
1508889050836516871
1508883158783176712
1508879944641822728
1507396679028416515
1507379757289295873
1507021045668061185
1507019091302703116
1506293152348614657
1505989790776365056
1505904480721817601
1504550824072159246
1504543239512199168
1504485225430073350
1504133293108867075
1502374413328687106
1502316160515203081
1502314311301091339
1502314275968327680
1502314258767482882
1502314237993099267
1502314219810836489
1502314086587117584
1501281274291314690
1501269764194414599
1501255651745570819
1501214496416743425
1499379070882222087
1499136844541444105
1499136575820677125
1499099305826734095
1499091687318118410
1499069484597927939
1498660832552620033
1498407913316143108
1498380278712217602
1498369994211479552
1498363201871880195
1498352489179099137
1496959780480425984
1496933387147300875
1496523817325416450
1496501514935980037
1496148177308762118
1494768243784957963
1494362564242911239
1494052070177054723
1494038033204666374
1493749719117578240
1493338705989361664
1491800910078480394
