1534631761241686016
1534185161037950978
1533901572652126211
1532797364548820992
1532489736987856904
1532103515845410818
1532031047269072897
1531708205541253122
1531305990683074564
1530257864433934336
1529565014977282053
1529182611922268160
1528892721108115457
1528892719900200960
1528892718495039488
1528892717165469696
1528892715366088704
1528892713227067392
1528836176421048320
1527768498612719617
1527732383893573635
1527381298750181383
1527381297307394048
1527049378443173891
1526669717355827200
1526650479882686469
1525191418062458880
1524835497125761041
1524808235198316544
1524514553035427841
1524514551772942337
1524091592172261376
1523739844127895553
1523318896417202176
1523318875403735040
1522691979662012423
1521948614679048194
1521948605732556800
1521948580776493057
1521231614629588992
1520778323412107264
1520132227270598657
1519781047067713540
1519770508446863361
1519722634661015555
1519473533486833664
1519315624744341510
1519044373282967556
1518691118417854466
1517587024848556037
1517225987422969856
1516874587568586753
1516501474452332546
1516168542722347010
1516048968412717057
1515684001163456517
1514709672887996420
1514337529427898374
1514337526227558400
1514321417222901771
1513945868738703371
1513613277762359305
1512131997799526414
1511795477993373714
1511793381277683712
1511793380212281350
1511747572267892739
1511488233909235714
1511458858627223560
1511056693991550986
1510990550723407881
1509625500024586254
1509257607936098306
1508928909441740800
1508565438107725826
1507443786682621956
1507056556675936259
1506727563082805252
1506711255683411969
1506403541577052163
1506011058838081537
1504905554673770502
1504897398174273540
1504890502155542536
1504624878535684111
1504528352174120968
1504092829068541952
1503871402121834496
1503806154446618627
1502439990067924997
1502032716002439170
1501689829649702913
1501308516451061763
1501306957977718786
1500929658241568769
1499853839469535232
1499828286054191108
1499505633728638981
1499505632516489217
1499505630687678473
1499400898597978117
1499052810553503746
1498867831047344138
1498795810028507136
1498680005735374849
1498418835006885891
1497268818590285826
1496949346360860672
1496616259454124032
1496301589082030086
1494428950172520453
1494428949002268672
1494411862640836613
1494089112529289220
1493703675709202432
1493667154440433674
1493304129648742402
1493298071719059461
1492969916676378626
1492600112895381504
1492217617779773442
1491894028295626760
