1534604583330365446
1534559322814005249
1534277319258521601
1534181486013865987
1534171959428358146
1533845818674925568
1533813402426126336
1533800307645456386
1532714001850843137
1531990653495828480
1531716004765745152
1531673992943353857
1531648085218189312
1531638392185929728
1531292636656680961
1530348693907460097
1530346700191285248
1529901875125964822
1529854935671750657
1529268270972473345
1529102514465001475
1528837065500147714
1528812520248594434
1527326519827148802
1527007769370546176
1526942286017347585
1526684902917394433
1526601112777904128
1526587821464633345
1526573313232982027
1526292771828547587
1526287989885788160
1526245477628379142
1526205936473341953
1525214554145402880
1525116610951925761
1525104416105324544
1524867226725236748
1524861127582269466
1524490685298233344
1524473238016995328
1524473236809003009
1524473235491934209
1524473233776517121
1524442911810674689
1524425742720851969
1524408490294456320
1524398817738637315
1524140404848963585
1524035291488661507
1524028977832202248
1524025302296506373
1523694170371915777
1523662561119707136
1523307663928483841
1523072665669492736
1522645486649417730
1522598565092204544
1522328310092554243
1522328184410329088
1522312186441388032
1522273886720643073
1521916150673723395
1521851374845190145
1521847170953105408
1521569231862702081
1521504105218424832
1521481645890617345
1521320170496606210
1521306001886134272
1521226924412055552
1521159614968078337
1521159612879278080
1521125000983552000
1520075426856591362
1520061696781467650
1520050502628790273
1519755224218484737
1519680497072451585
1519675602080608260
1519424851014037504
1519380294779944960
1519379816188989440
1519354522539368453
1519337046866907136
1519303549074780162
1519032666150084608
1518967864052625408
1518963938314051591
1518951197142654980
1518657523435323394
1518657522214789126
1518657521006829573
1518657519454982144
1518615095139520512
1518594636717174784
1518580961637810177
1517574564678676480
1517570494115024896
1517557339120939010
1517507355855966209
1517499623664988160
1517173080866668545
1517152419242598403
1516797761508843528
1516779955191009286
1516462054508478466
1516420717583212552
1516218970885574664
1516115160771051531
1516084564107616261
1516048228109672452
1515698563279474697
1515469453512871938
1515000059808690191
1514706533501779977
1514609189447905286
1514359444355833862
1514285234237616131
1514284818686791680
1514233290860941315
1514228645056987139
1514228480375939074
1513964790749839360
1513908780106399749
1513900682604163072
1513880009391411214
1513874702544121858
1513628596123934720
1513585486685736970
1513549602397560843
1513517056930553866
1512523112939765769
1512447734078398472
1512414726399139847
1512131103783460864
1512129321057538056
1512123630888570880
1512078504724086795
1512077960160768013
1512077958462128149
1512077956469825537
1512068079932477456
1511780978800611328
1511732879340015618
1511500215882289152
1511465109155102721
1511356700573503489
1511344740175953929
1511033631778742282
1511025385919680512
1510993693825966085
1510993008317116418
1510324373344993292
1509981480310693888
1509921501125951489
1509626469072482307
1509617212809646080
1509558823878598658
1509553158942560274
1509546851942424584
1509287626947403782
1509201453616930822
1509200621630640136
1509194108476215298
1508925068348379140
1508908621580705801
1508826527315767301
1508562329826385932
1508560623298306050
1508560622203592705
1508560621020794881
1508560619745779712
1508510504888721420
1508499177407332354
1508467260637204483
1508461240657534983
1507454127361921024
1507424055586078751
1507402910338007047
1507350042746802182
1507121777197072389
1507110390840557568
1507076124744036355
1507000506106929155
1506738543951024135
1506735881272573968
1506714112079933440
1506600672849969155
1506411329392939008
1506380394400256007
1506299427362947084
1506298623885205514
1506283080180551685
1506106603904372739
1506014326343184388
1506013370654232579
1505934445097984001
1505379948290260993
1505030133358411776
1505030132393721856
1505030131257073665
1505030129801695234
1504918828379164672
1504842648494002178
1504657481481527296
1504575124061700099
1504561673188753415
1504535284930818055
1504486310609920000
1504441374099357697
1504175913436647427
1504144952892309509
1504118338594693121
1504118223951835138
1504094816128446471
1503805968089505795
1503776085753970695
1503773782388969490
1503771477325357057
1503734662945980422
1503730843067551746
1503474240384811014
1503427017068396552
1503404951434899463
1502361792005165062
1502316521145749507
1501969838176149505
1501600612034691074
1501580828094218240
1501314928002703366
1501299424814723072
1501286431108571137
1501234649787510788
1501208451489439750
1500959707502100486
1500922380495073289
1500895593975230472
1500852284086960129
1500846896646180866
1499901965370904584
1499781263556857862
1499761764585586692
1499486163492614150
1499453314508939265
1499436346972282899
1499424722987233287
1499400665147207681
1499393150812631041
1499131759233015814
1499104459133267970
1499103356878528512
1499045330251304963
1499034976133787648
1498865595609198598
1498864871240351744
1498861360544980992
1498857479840616459
1498857478137823236
1498857476267118596
1498857474589396997
1498857472932651021
1498857471372402691
1498857469635964942
1498857468054618112
1498837572243664896
1498836756283768833
1498676396293599243
1498502007765848067
1498438752217321477
1498315709646053380
1498017841534046209
1497236293281062919
1496866688473739273
1496866687009837057
1496866685407662084
1496562727497736198
1496550565870022658
1496524942896246793
1496507635432054788
1496231917993218050
1496229129624207361
1496164242315173893
1495802942863167493
1495146659726176256
1495146657977151488
1494900411228110850
1494785167503863814
1494745573827784706
1494718220934299656
1494697193688731657
1494697192237502472
1494697190752759810
1494411757099565060
1494334468189941760
1494333075043409923
1494317401843933190
1494003860117069833
1493987175012130816
1493976655697694722
1493976653864873984
1493954111401779200
1493692773463203840
1493679973923704834
1493601370766782465
1493464811241365506
1493331752118796288
1493287286192340992
1493262326040043526
1493262324349734913
1493252863212015621
1493043312705556483
1492946260092928004
1492671342646337536
1492371162210447360
1492178958531678218
1492147909227335692
1491857761872887809
1491846951280812045
1491844634213036032
1491783852934717441
1491620586258325506
