1534588787409440772
1534279717813161984
1533916627527421952
1533805444229218306
1532776291950272513
1532714432983351296
1532421539383107585
1532421533544632323
1532100696572674048
1532034902803333120
1531783693676777472
1531280300738854912
1529923956739870720
1529490636289855496
1528842959076085761
1528809929766752259
1527701830695788545
1527391370805137409
1527285901184774149
1527024521039040513
1527017181443239937
1527009234830991361
1527009233430003713
1526643761979215875
1525128949583462402
1524851099211120640
1524808421488336896
1524772953501712384
1524761948155437059
1524418728410161158
1524085125184737280
1523758633695289345
1523722776707805184
1523326471879729153
1522656929851584512
1522587159722659843
1522319967093415936
1522274555938717696
1522264476766154756
1522227451761508355
1521949748948779008
1521922571087847428
1521492160645935118
1521492128492310528
1521224805122551809
1521119241239465985
1520809788954886145
1520148275344588800
1520120729580314624
1519770845090136064
1519748016793600003
1519455093132861442
1519408099395837954
1519384339603234819
1519308761516625926
1519006472679608320
1518992115921006592
1518738512266342401
1518716515176140800
1517557783666774016
1517234470088323078
1517199032250208259
1516823411527405576
1516530326604062726
1516407769829675011
1516168442117718018
1516124123113656336
1515718144693870593
1514982503467081738
1514702841365073924
1514311947537293316
1513956416138137602
1513869854670999567
1513613844706385936
1512494860854599685
1512462217458892803
1511795217434824727
1511728837050130438
1511710424802148352
1511691572101926919
1511438975935856652
1511383170305900551
1509996387596972035
1509610516016254979
1509590654984335360
1509266830019465222
1509167662005465100
1508911253208682496
1508894170148225030
1508545526324682763
1508158767925452800
1507378490424930305
1506338259273928708
1506064141676683268
1505163984290385920
1504905145745915904
1504560798563291136
1504091153708294151
1503828737909010434
1503777885542363140
1502397114630000642
1502293072985706500
1502045884799877121
1501977668664938503
1501944490755379205
1501613463944286212
1501297336059793409
1501282299362504704
1501229943182839811
1500948108481548290
1499846379430105094
1499749755068600329
1499461732896583684
1499436777744089093
1499431795816902666
1499431794168537101
1499120341729300480
1498864074888724483
1498855840341798914
1498852418116796416
1498850704546488328
1498849027927932934
1498846021086068741
1498845291113496576
1498839050903564299
1498826900273307654
1498736880174698503
1498405228961533955
1496924522922057735
1496855822609047554
1496855821367586823
1496589545827188738
1496563515527770114
1496161360060760066
1496161358903222281
1495778454872203265
1494794181176434701
1494714828547518468
1494702345795649537
1494054615259750409
1493348530181844999
1492916395876646917
1492662102913388547
1491801958901903360
