1533600262320889856
1532597206321987584
1532560296161660928
1532558757225369600
1532557426846621697
1532494147919048705
1532492036426694656
1532446338285088769
1532400445506740243
1532387496666968064
1532233808077938689
1532198155022114816
1532114687441088512
1531398948115558400
1531306565650616320
1530795056604401664
1530664205342257152
1530394096971354112
1530013869451538438
1529868397609046023
1529766948539469829
1529640752455815171
1529571652786393089
1529563001556279304
1529466805957316609
1529466671047528448
1529466354188832770
1529436616258899969
1529218586807439360
1526237994830557184
1526046844555407360
1526046786518822912
1525695966833090561
1525674629154545666
1525599880323796992
1524935063887937536
1524419057969246208
1524358665641156608
1523846078910455809
1522705949982527488
1522267419019907077
1521352294612496384
1521258739818385408
1520923050174128128
1520224811393331201
1520094940176412677
1520082353737011200
1519831321878556672
1519441315594964998
1519441181578571776
1519440883103551488
1519107140555886592
1518340332374663170
1518338350247292937
1518007792715505664
1517641662905823232
1517520853348630530
1516119616568762369
1515910030339452931
1515871767138504706
1515563466286718979
1515366155283832833
1515135963323719689
1515026261428551685
1514636240997720065
1514610677398310912
1513958204694179842
1513717766401843202
1512861887003709444
1512512779307036674
1512466237569257478
1512187014342357000
1512133537205391361
1511901975222259715
1511816070180581382
1511599387293663238
1509737520795463680
1509669631715336193
1509169021307998217
1508952908242509826
1508895107889737732
1508549797774385152
1505691744075063297
1504461513221935108
1504111233108221955
1504110879331205129
1504110699005546500
1504110383350652935
1503860833918627842
1501397973346959360
1499949078968356866
1498969433271934980
1498852469878792197
1498832613133459457
1497237896507449345
1496957257074020359
1496162870001868801
1495909702001123331
1495835640310951936
1495103396902100995
1494910289753493504
1494074856991707136
1493272710587183105
1493059997705539591
1493059871343665159
1492591272850182144
1492221357647888387
1492167041033248769
1491898067733282827
