1534642918014722049
1534631655792590848
1534623618369572866
1534621559737962497
1534588086629371904
1534558934173884417
1534524453522219008
1534269177384550402
1534266112250204161
1534261496980639745
1534179392728997894
1534162935014203393
1533903997567893504
1533858113358643201
1533845748143509505
1533493468470951937
1532739729338376193
1532466898021015553
1532451349744566291
1532417325252718593
1532416273224716294
1532404574685908994
1532369788072251398
1532079351331704838
1532055601550876675
1532026418686832642
1532021148237672448
1532020189172224002
1531732474656595969
1531700210547793920
1531678266968444928
1531251580246364160
1530286944789401602
1530286888023736325
1530241390134845442
1530184589670502400
1529932023611244549
1529893097466998796
1529829700583018497
1529524425615462401
1529195605914005505
1529139798828621827
1529127738816221188
1529120132890611712
1529119104971456513
1529097344624603137
1529095693599707138
1528050487081172992
1528043189977944072
1528013995717931009
1527714792814825477
1527710899783585799
1527673093304602624
1527649153643331584
1527368231983296530
1527301636703518720
1527027336331370497
1527005223612567554
1526954211304476674
1526935951435517953
1526925705191247873
1526925568452722688
1526690047646474241
1526654363418210304
1526620270949285889
1526605654688931844
1526585851685347329
1526585850527727617
1526585849344888832
1526585848107618306
1526585846685745154
1526585845301579777
1526585843883905031
1526585842529185794
1526574551219736577
1526325483708764162
1526325482584678407
1525206220151431169
1525100145158791173
1524864031231819791
1524806698669572096
1524806062838190089
1524745534057160704
1524729398246707201
1524501914813190145
1524432701914333184
1524152400457703425
1524114825063944194
1524111136383188993
1524078212430680064
1524068226023538688
1524053174046412802
1524029682856910854
1523758459115565056
1523701927090868224
1523660218458341376
1522569539321573376
1522569316876574721
1522561819402915842
1522305751393488903
1522275968278274049
1522220661342674944
1521604448568717312
1521595568505737216
1521593975030919169
1521568126806208514
1521567640065617920
1521530172767416323
1521529415494094848
1521528817487126530
1521511736259620871
1521511733940129792
1521510639977615360
1521204585028857857
1520112100101836801
1520086172759994369
1520057831206133762
1520056135876857856
1520052434076327937
1520031937037053952
1519782427002085378
1519778118818570245
1519777735190720516
1519696725144911876
1519685624856518658
1519428882746814465
1519390388322279424
1519390316012490752
1519374664245649408
1519322106869256194
1519275536291401728
1519057730308292609
1519020653831204865
1519017971833843715
1518972188455489536
1518945667149975553
1518670603225554946
1518647486990233600
1518615835362877440
1517593257575948288
1517575487987585027
1517509416383303684
1517245833346965504
1517230714202251267
1517209278360268800
1517204685228290054
1517182901464584195
1517181630808530949
1517160638933516288
1516889119670087680
1516883947380264960
1516822206461972482
1516484245526659079
1516443050452688901
1516441425596059661
1516436304510304260
1516431054378262531
1516153100847005697
1516125420479037452
1516085699556040706
1516069700287008773
1515668902751072256
1515132746452066304
1514951675248877578
1514698373261107205
1514604388974841856
1514603521391271949
1514350067821469707
1514333816126586892
1514275339802976274
1514274258897317894
1514270405934166017
1513964458246299652
1513928781966233609
1513907587535843330
1513876914972286981
1513872592469430286
1513871176711430154
1513555884244361217
1512525961115414528
1512451468506324994
1512427173050818564
1512425233579446278
1512118239450574851
1512064351712145422
1511816646461206540
1511755389284540420
1511738823197216770
1511711118170931200
1511687708359503873
1511360485119172614
1511358380253884431
1511336733325078532
1511323381785939979
1511040913862062080
1511034494404501506
1511027243631403016
1510306153242275846
1509943174416019457
1509942803975094282
1509863144469921798
1509634567736541191
1509614005404459014
1509608463764185090
1509598906006441999
1509592785594339335
1509591361955184648
1509576775772348420
1509562471174086672
1509529637386264584
1509279173818339331
1509241286779412496
1509153030989570051
1508872256696598537
1508869381757018112
1508864680743383044
1508828106139881494
1508828104956985354
1508579248793079813
1508554045434302466
1508502398024794118
1508495531592634370
1508473810206478352
1508431779799130114
1508431753505087494
1508431728838336518
1508188480362405902
1507062269519310851
1506997646317211662
1506690787035262987
1506676129171755018
1506339829486923785
1506330841911336968
1506266221603393538
1506257066335387650
1506004280402227204
1505906984171839488
1505181777379442690
1504913835873996802
1504821670917332994
1504810515683581952
1504638808352075798
1504542857008451585
1504517160126844930
1504501446418604035
1504497627592855555
1504215169047711753
1504199589628456963
1504070312287256581
1503762233741959172
1503745571554828290
1503727724875108360
1503459476271214595
1503402629409521671
1503402140202590210
1503396724706058256
1503362586636603396
1502660691605528585
1502329788421259271
1502286537735786499
1501958653552861188
1501914825668112389
1501667835520638976
1501646832614715397
1501644311707926531
1501585985242636293
1501305008335118337
1501304140340908032
1501281792384548865
1501268424286081027
1501218887932731395
1501213228856188934
1501204049940594690
1500973290021658624
1500957191196614657
1500942157489836032
1500880533907288074
1500477936855617539
1499866078658408451
1499864218790768640
1499792415871361025
1499758166325837826
1499541077484781570
1499506356474335235
1499477246117126148
1499425372957458437
1499423803440517125
1499421761045213185
1499419533865533448
1499413015795482625
1499408607506542592
1499391961777807360
1499372024296263682
1499187952345362435
1499133243974692868
1499131687141269504
1499131428340174851
1499129212682350594
1499101944857645060
1499100885758193664
1499068104906878976
1499011329545359361
1499011328211566601
1499011326932365317
1499011325602762752
1499011323853746177
1498856457764233225
1498855338107457544
1498854619228823567
1498853692564545538
1498818168176979968
1498783261472051206
1498765838110924803
1498723082067918848
1498718999131176971
1498717673802326024
1498683459631468546
1498677032779231243
1498458741208985621
1498457219397873666
1498394650356461575
1498391084690550789
1498316942322679810
1497591098180517891
1497589306449354755
1497588524572360704
1497330808557912074
1497221361390993460
1497050494170247168
1496961351994028039
1496948148836569123
1496920412361564160
1496920212536541184
1496918262315159552
1496905561895575556
1496620317799821314
1496604144244822021
1496567118627811331
1496530362687795203
1496527086521049095
1496505986919641095
1496200741865897984
1496137904887898112
1496137073979535360
1495975018626441217
1495939477306494979
1495767621760921613
1495767512088203266
1494861095357628418
1494859061707292674
1494783826744197126
1494769004841512965
1494684629189677058
1494679364465831938
1494388232892690439
1494358238267117569
1494115497658523653
1494069044596682763
1494039321552248837
1494026463041015813
1493959626508972034
1493959408736419840
1493758622463107073
1493616408114221060
1493419807189909504
1493322529129304070
1493322388217466881
1493235830109913092
1492695074693599233
1492678412577742855
1492242041383751683
1492175892298317828
1492158660335878148
1492150967676149765
1491932267987582986
1491841518914748421
1491779677911982083
1491775913897377799
1491561670589751296
