1534236996767518721
1534216705911705600
1533550438175449088
1532742473381994497
1529556955299192835
1529556953713745922
1529120181544529921
1529108563808948227
1528788597264072705
1527386274268467220
1527333316348633097
1527333314817712148
1527333313190322182
1527031565271834624
1527019875113259011
1526629863918010371
1524743485491920897
1524078307666538498
1523707039859417088
1522648599435390976
1522647824562798593
1522620712678305793
1522304531228413954
1522264261984231427
1522203706711810048
1521896430088200193
1521584006889984000
1521504316099604482
1521504314669342721
1521504313264193537
1521502353551245312
1521227934052327426
1521195652730036224
1521166022774038537
1521166013487796229
1521166008324612097
1520141465376247808
1520129282386898944
1519771800254791680
1519679591102791680
1519669365586771968
1519411097140400128
1519060188925464580
1519060187218337800
1519015582741544960
1519013407101497349
1517580989991723009
1517577507725361163
1517577137049550849
1517529130983731206
1517510500032131072
1517246565311782912
1517237127859347456
1517237125909041157
1517209278163079170
1516832080772091911
1516832079186915329
1516770323118575616
1516469227561046021
1516155609825087503
1516129853577306118
1516129852126023691
1516129850888708104
1515030079184809985
1514704192497201154
1514699055384965120
1514672621836808198
1514294612629803009
1514284963029528592
1514258823460143112
1514258822432530440
1513971580648443907
1513922960444346382
1513859759472001029
1513592959547195396
1512093005834076160
1512034355375448067
1511818712051073024
1511446141153550343
1511431576571289610
1511042578078130179
1511042575251255309
1509701334580314119
1509631669782913035
1509582174818811916
1509577573826797574
1509293364952317959
1509244644839862285
1509244642918871040
1508852255952457733
1508572558614056963
1507795606315716622
1507508151104507911
1507355940391170062
1507100029848276993
1507021738521071617
1507021732879687687
1507021727985025026
1507021724742733825
1507004738793091075
1506724962765258757
1506671660862251022
1506350125844738051
1505960445206802441
1504909003603812354
1504909001242333187
1504583036679172101
1504527017080938505
1504527015361323011
1504186272767741957
1503821413295214597
1503820521951178754
1503524912186679296
1503470885272969220
1503438676638027778
1502375843988967424
1502354154257326088
1501997633690390528
1501997632431996933
1501997631077339139
1501988676049461250
1501963193429770241
1501692360664784902
1501692358605352960
1501320785822162950
1501293279630999554
1501293278272053252
1501284208097980421
1500986771928236036
1500986770359566336
1500986768719597571
1500961503033405440
1500940221675941888
1500630906444337152
1500627728558612486
1500502831077462019
1500502829609496578
1499864149698007043
1499864148200599552
1499851071866519552
1499851067043033094
1499504672779997186
1499042384608378884
1499042383392038916
1498856486310715397
1498851472242626566
1498845075941515266
1498739617306132495
1498701198072897536
1498432078081372160
1498386051848626178
1498386049680220163
1497623657878806536
1497328180927119363
1497328179295440900
1497281557861736453
1497206063959007238
1496896820492050432
1496896819259125760
1496894990043258880
1496894988407701506
1496568002502074368
1496225866480771081
1496223704463859717
1496223689364451329
1496148982552272911
1495803597954629638
1495803595371032577
1494742232909467649
1494319379097468935
1494038503608487942
1494029019959934977
1494029018328358917
1494014070952968196
1493688184827531264
1493652138400047105
1493652135069818880
1493338931219283980
1493324682849828866
1492562297683914760
1492267805986758658
1492267803738619904
1492253119891320837
1492253117798301697
1492196845069778952
1491861084554375178
1491861082973294592
