1534570163265101824
1533942995531227137
1533258393946710023
1533146716483878912
1532814186522107904
1532806806522646528
1532782501147488256
1532763587617357824
1532763092232200193
1532548453691269137
1532539299614167040
1532516759751647233
1532510782579019777
1532485977725251584
1532459972893851658
1532439585623527437
1532437531727384587
1532431739481640962
1532177289202524161
1532162583028830208
1532091747743854592
1532085594079125504
1532082986161623041
1532082985104683008
1532082984022552576
1532082982856429568
1532080009036169216
1532070143538655232
1532069780261605376
1532042592933662720
1532042591805448193
1532031123022180353
1532016488109985792
1531795280974303234
1531791505081475072
1531791443660099584
1531791215334678528
1531728121044639746
1531456366702886914
1531095644265324544
1530632205273247744
1530374417674809344
1530306346087612418
1529985659385090048
1529265684164771840
1529245208617144321
1529161059705274368
1529159779909869568
1528963910178680833
1528922149041360896
1528914598635741187
1528882756536745984
1528826770710929408
1528810811136675840
1528791127653904384
1528572689438461953
1528480940774801408
1528453260222373888
1528444837418221573
1528147939389894656
1528036390516031488
1527819411276570624
1527811349002207233
1527765281413550080
1527753433863712768
1527720275399258112
1527719135018360834
1527717422651699202
1527715662474293248
1527711165408608256
1527676845730275330
1527492356177543184
1527484009139281925
1527463547575455766
1527373603188027414
1527362166243766291
1527361940200517633
1527121927424319488
1527031830586617857
1526998239903223808
1526997988408696833
1526977858085654528
1526755523390951424
1526749945570598912
1526647788511035393
1526313340922101760
1526302019908079616
1526251134716739585
1525963438157070338
1525902362308640772
1525677715822608384
1525636876287086593
1525574258042146816
1525529274622566403
1525306093790023682
1525200840113283072
1525185326498471936
1525184148029132800
1525165591509708801
1525134998705258496
1524920654847410181
1524897472971059200
1524897048360693761
1524895522389053440
1524845328310030336
1524844513570631682
1524807181106806784
1524797157257117696
1524794771641966599
1524627158257356801
1524595145525665792
1524562978535874570
1524562971636211715
1524502885236674562
1524473886737256448
1524464910435987459
1524398308969566208
1524215648238194688
1524207151052296193
1524206712458125312
1524205368271798272
1524119390932717569
1524110595888336896
1524110572597366785
1524092492848635905
1523876654447087616
1523832036246573057
1523830045978112001
1523768539580043264
1523583035081330689
1523460441711661056
1523416599578877954
1523400338253877248
1523397985094184960
1523375052950958080
1523143317931835393
1523110958029172736
1523088685087952896
1523088269033967617
1523051737904386049
1522708900725755904
1522703431265361921
1522678046553116672
1522673523784704000
1522656626041233409
1522607486582226944
1522428135165378560
1522394964839260160
1522327741550505991
1522321717754015746
1522026082966327296
1522017549164199940
1521994551254212608
1521960399012175874
1521899313948856320
1521731641152098304
1521687428330786816
1521674493021720576
1521662481445363713
1521617465377280000
1521617035792420865
1521586974200578050
1521553729622659073
1521536884144369665
1521525257344937989
1521347918124531712
1521340537399394304
1521337359974998016
1521332808144281600
1521177537392513028
1520939243278766080
1520904863428710401
1520888858006593537
1520853568844087299
1520502928166903808
1520247127087009792
1520242874834583553
1520220695774388225
1520153779902984192
1520057293840302081
1519844308936843264
1519779360991059968
1519775407897198592
1519441890638188544
1519441704176209927
1519434156186300416
1519428803851784192
1519383790379933696
1519375565282717696
1519367162812534784
1519328275339915264
1519130172842299397
1519060955107405825
1519054020027064320
1516928514632650753
1516108944929964045
1515831913281327104
1514006930661908481
1513621922348630016
1513565309034061826
1513555136764805128
1513532809566048258
1511829524031451139
1511828574180892677
1511454069679968260
1511231859161800708
1510980524306747401
1510682782946758665
1510292690692419591
1510010327915716610
1509890970967592965
1509890012950802437
1509889680761835525
1509888913388810250
1509608231890571275
1509255645605896202
1509236577230331913
1508822204619771906
1507476139555532806
1507100070281297920
1506796002493169666
1505935334734852096
1505934625905860608
1505334313855987722
1505332284303499271
1505274906509983757
1504646477976678437
1503566883710189575
1503366595036524557
1503102829396901891
1503046151574106122
1503033234858422282
1502304853326024705
1502304568998350849
1502303779152142337
1502066028716732423
1502020409738338305
1501732863552720899
1501623134889422848
1501619070055206914
1501243041180389376
1501230659100381186
1501229884810563584
1501007826612858882
1501007630998847495
1500956276905451522
1500951495168217089
1499838330544009217
1499808683588472835
1499565163720159237
1499535189080485892
1499535187843207177
1499535186450685957
1499529917079465989
1499523818188115975
1499434003836944385
1499231869824548872
1499150140984020992
1499061685205803008
1498869219533983753
1498868055786590208
1498867751112294403
1498475743898218499
1498348359714840581
1497026893765349383
1496921923669970945
1496903393398300729
1496890682396614660
1496827617353560071
1496694017240846339
1496692106559111168
1496305185811013635
1496185490185273346
1495876559126806528
1495854981014040580
1495747536941899777
1495494918529339401
1495196941679939584
1495094707470299136
1495078204951842817
1495072112209321985
1494783250413146112
1494735797735460865
1494476331005792257
1494171265539608577
1494170926765666307
1494169692487008257
1494164476555239427
1494030838597492738
1494027839569477632
1493373887358271490
1493367814622646272
1493365027146854401
1493308723766333440
1492964324335230977
1492963884889608195
1492940040145539072
1492642357010841600
1492601446675611650
1492574268311236609
1492340667195932680
1492260300220817413
1492228536807014403
1492217031923404801
1492215818041495553
1492215534426853378
1492214431383646212
1492209018164580352
1492206256227897346
1492205142657015808
1492204100603170821
1492200519892226048
1492200153469448196
1492168507529695234
1491840961923600384
1491837757580140570
1491836409581166607
1491835935465431062
1491833368245276675
1491822006693601280
1491630518521139201
1491588531449327620
