1534686575157821447
1534645514171555841
1534595525768531970
1534591447378317314
1534552672228999175
1534536971804106752
1534250782199107585
1534212584056016898
1534189856510861319
1533947412246679554
1533920550816563203
1533902759724040192
1533875734145638400
1533835700843470848
1533799212562927616
1532821827969499136
1532792532840620034
1532735102891003905
1532717044130533376
1532443166493884424
1532442190693253126
1532355487131480065
1532354590745690113
1532353656971993090
1532125027381960705
1532108653859414017
1532047847797018624
1532010646115606531
1531702919258595329
1531640586951966725
1531275783934820352
1531257648959696900
1530881131914186752
1530657257641369602
1530296839156772866
1530264029641457669
1530199677416644608
1530176000482476032
1529914891737387031
1529837735514603520
1529578144772018177
1529551063543586819
1529532144137150466
1529504139687903234
1529450483919855618
1529271277130760198
1529266308000399360
1529197828618211328
1529093496405217280
1528904657577426944
1528856665218752512
1528821297219833856
1528800526321823744
1528776553970163713
1528757976223432704
1528736800268816386
1528178988052537346
1528163487452741633
1528155230067740672
1527789959565934599
1527789626978668546
1527758046809706502
1527712183823568897
1527651437177671695
1527386974146809872
1527356993517735960
1527329482667073536
1527310504599109634
1527301757230981124
1526951860288081921
1526679161238085634
1526679092602470400
1526679041020936192
1526678961111056385
1526678896330121217
1526659515348918274
1526621550937616386
1526593340116025344
1526564419572011009
1526553872520683522
1526347468698439681
1526347467020812288
1526347465401720832
1526235136798367745
1525641040862101504
1525171135247269892
1525154675212922881
1525118913931091968
1524860121737838602
1524804798897344512
1524773903360475138
1524754126638309376
1524509292761595906
1524486429061095424
1524486355048443904
1524486281153159168
1524479689657565184
1524461206878273537
1524421060048924672
1524380786186727431
1524158747702185985
1524146809374924816
1524068680040079362
1524016470094761985
1523800777055424513
1523775649659625472
1523769270253289472
1523758837139853312
1523756678411210752
1523732690666921984
1523707969182986240
1523679823154933760
1523289070276816896
1523027832900775936
1522724066297323525
1522675305000939526
1522565304039223296
1522334105375027201
1522317196285911043
1522249199462535171
1522229035983593472
1521962014809247751
1521894676135129089
1521888337052811264
1521847600957296642
1521586026552217603
1521558427096563713
1521480887812112385
1521324682527580160
1521224999029387264
1521212738059616257
1521200032766119937
1521186858050502656
1521121399166881794
1521111442921041921
1520774716205768704
1520769691282771969
1520756540742983680
1520427084413288448
1520128004856365057
1520062632014798848
1520052410428895232
1520033433887678468
1519679744341692418
1519667276043202563
1519426339924815873
1519360788204511232
1519353782265696256
1519309914618871808
1519094637293711361
1519055137154772993
1519037798342434817
1518999122044465152
1518983498056482817
1518970315031855105
1518627884365189121
1518571854277009416
1517932799537393669
1517583760870592513
1517564904718356480
1517526663789228032
1517506871296503810
1517502909021401089
1517495281939537920
1517233720272601089
1517193905581789184
1517185799560777729
1517142820049412097
1516872121103831040
1516844337635725315
1516801078473412615
1516509453172068364
1516449075952033800
1516419183449415690
1516110698341928967
1516047213629263876
1515054141156073478
1515041638082658314
1514720427309891591
1514657705683734529
1514629028048691210
1514626035127656454
1514384324677799936
1514331740541702144
1514302619216449536
1514238143020609538
1513997049297088521
1513961319787024385
1513947819060699138
1513913402170695681
1513881421512904706
1513871949214240777
1513580117246857227
1513560724898988032
1513498581344346121
1512839543661150219
1512426529413906443
1512133709717291017
1512111473300054025
1512111404576346115
1512111339656908806
1512111254160252934
1512082086517125132
1512081829355921422
1511783414734671879
1511746161836797955
1511726640874807296
1511704950736408579
1511697014916063238
1511441695589683201
1511441661783691266
1511441627977551877
1511441594473488385
1511441547593760773
1511435655901024262
1511388328246931458
1511349847655436294
1511028536034877448
1510969262332067852
1510755913573011458
1510661887565959169
1510353383378591751
1510011446482120704
1510005316016082944
1510000243651264517
1509884777633136641
1509718076358598662
1509655959223910407
1509652778146316296
1509617425725095939
1509605367306760194
1509594301268992005
1509576710068613141
1509538459874123777
1509233998416986121
1509233429858197507
1509211345677389827
1509204062465630211
1509190146272509952
1509156746610282496
1509153348154499076
1508922224673230857
1508894895968333828
1508835636568014851
1508824635504267267
1508796767231483905
1508493317373313024
1508487370924040197
1507387793630281734
1507377429177901075
1507075144656867333
1507047135195418626
1507029767949795332
1506993931917185025
1506778134607237130
1506777850761859075
1506732557496422400
1506724902732288004
1506682529331490820
1506660627854549000
1506652584009940998
1506638095994826754
1506634764014571522
1506619726344167427
1506316511199301635
1506301291265499140
1506299027050143758
1506256005730025480
1505990808339636224
1505931327597654018
1505889760677703680
1504916658229583878
1504884035687960577
1504842750394609668
1504839435430543362
1504540997610524673
1504533956531789844
1504510352939266052
1504458453523349504
1503839485431267337
1503798943452438535
1503469703137792001
1503431686293438464
1502051712626044949
1501653538295926788
1501299422348591106
1500965005793050626
1499782358454652934
1499756985721446402
1499490548381626379
1499391840163934212
1499179165915963396
1499117830565998597
1498857689274896389
1498857514544287750
1498854737969664007
1498851977987506176
1498848556442132494
1498779469154295811
1498715210596720642
1498666224724680712
1498419886544113667
1498382406616821761
1498381355457130498
1498336401124904960
1498334345899257856
1498301176227545091
1497321208945205248
1497218680253464595
1496978065825619968
1496965410373222406
1496928770284048385
1496878413524709390
1496585993130029057
1496574822654033923
1496479589752782848
1496236633057902595
1495757324815933442
1494837694895214598
1494812063188803589
1494743399341117444
1494715213865754625
1494682856546779136
1494399572487151621
1494078059754016774
1494058628147560453
1494007941611114501
1493650800123551749
1493615034802528276
1493595475282472968
1493357516360663043
1492261794387218439
1492226948780773377
1492217804958937090
1492171385476726792
1491883921449041923
1491801628348874755
1491533618220515332
