1534634542585323527
1534604090327580672
1534566350835830784
1534530274314407936
1534321282736586753
1534275494627225604
1534275492886593539
1534256111968296960
1534247671581421568
1534237168889208832
1534205140936404994
1534205139220942848
1533942672246943744
1533851837761306624
1533569160541765632
1533522837910310913
1533522836152897548
1533522835158835201
1533487966747754498
1533159435333427203
1532827324135227392
1532791415088070656
1532779839517769730
1532779837643005952
1532776598105206787
1532776596469325827
1532767306341818370
1532756649609416704
1532716948257136641
1532519441338081286
1532474568014716943
1532420162317582339
1532399353058443268
1532137353325715456
1532108261381459968
1532103757948919808
1531988605144547328
1531762825982509057
1531704748470112256
1531695086932791296
1531685723048484866
1531279140988628992
1530915130644791296
1530600751386480641
1530284365669879814
1530276164769660928
1530263251656790016
1530254446290141194
1530253846416609281
1530253818054721537
1530213605005791234
1530192592591368192
1529924575261343751
1529896329639604232
1529891076970098698
1529857686577287169
1529857684933156864
1529841325914333184
1529841324152737793
1529627127611637766
1529593759985553408
1529547340687736834
1529531249659977733
1529477030399598592
1529221255718703105
1529221254586044417
1529221252803592192
1529203561350979584
1528427757432102914
1528420618122706945
1527376478580920323
1527376476420485131
1527376474051088384
1527376472478199808
1527306163401814017
1527306101766733824
1527304973930725376
1527304761204420608
1526978061480210440
1526955365623025664
1526953409038917635
1526953362427715584
1526953298577838081
1526952961976553473
1526937280333717504
1526936533353250817
1526936532115935233
1526922944441614336
1526922851244199936
1526922784668016644
1526922742196539393
1526922691533590528
1526916107336134659
1526740860028739584
1526740852852260870
1526740795927166978
1526734103839744001
1526667805155897345
1526658731961901057
1526653560812888067
1526653559739236352
1526653558392770561
1526653557121945600
1526600151355346945
1526600052885659650
1526591814479843328
1526590632411766786
1526590464312360960
1526187678278070279
1526187601325088768
1526187495200903170
1525983458526380032
1525967870961889280
1525220385872130048
1525202697523236866
1525176319054598148
1525176318178074624
1525176317288890369
1525176315917357056
1525126481906741248
1524800476956565508
1524516778084384768
1524516776977084421
1524516775836233731
1524516774577848320
1524497337531437064
1524497223823802372
1524493569205186560
1524493032229412866
1524491257397092352
1524490830156816385
1524490354317275136
1524490301267755009
1524490020782063618
1524451924476628992
1524451823762956290
1524451769807523841
1524451697925443585
1524131313409830913
1524131312021344256
1524131309798449165
1524131308271812608
1524063294599872513
1523714495742316544
1523714481054175232
1523713425313910786
1523713414345871361
1522696234326183938
1522686037583093760
1522683387235950593
1522355689204682757
1522341500666974209
1522239655219019778
1522239034730369031
1522238904698556416
1521960261384605699
1521952451552763904
1521949351886606337
1521946229038530560
1521945598878011393
1521933175173398529
1521933173638184960
1521930056750276609
1521929907139493896
1521929878488207360
1521927000822362112
1521926898137415680
1521926867112050688
1521926840574742528
1521926719313260548
1521926585946984453
1521926492762083328
1521921541310758914
1521868860139479047
1521607871867363332
1521604826433560580
1521603740767244290
1521583760743055362
1521535044912877568
1521527665395703808
1521317335130382337
1521317221867347968
1521301154956726273
1521301153971113984
1521301152469499905
1521256864025137152
1521252455740329984
1521199258673758209
1521199194098307075
1521199047264161793
1521198962270773250
1521184633043492870
1520899772047106053
1520111953921953793
1520111561041457152
1520110905622728704
1520029505867464704
1520025555160244224
1519793957324169219
1519793612585906176
1519792860299763712
1519777145928798209
1519777008531738624
1519776306904317956
1519766933683453959
1519759902926852096
1519759853975183363
1519752214050390016
1519751787216924679
1519732323951988736
1519730613481320449
1519730611359035392
1519730609706389508
1519730607416397824
1519660534718767106
1519442412942336000
1519384303058173953
1519344107092684802
1519343619282546688
1519322638329516035
1519322523015553025
1519303672576020481
1519303559476621313
1519303493424758785
1519302468269662209
1519120540308545536
1519090280791687179
1519087120958345222
1519076135853871104
1519072596041555971
1519072529343729667
1519072528056176642
1519029162077474816
1519027874916933632
1519007463533645828
1519007097945530369
1519001000467701762
1518995469715845128
1518995407828930561
1518994876410605568
1518992516493754369
1518344217881423874
1518277828575379456
1518277789618688000
1518277187379634183
1518276927316017154
1518276911738368000
1518276866813181952
1517590247256866824
1517590160287883265
1517590143171010560
1517590120643407872
1517590109859815430
1517590084186525697
1517589321724968964
1517588981550284800
1517577233115885569
1517577231975002113
1517577230775377922
1517577225184452608
1517549659773935617
1517549637397364736
1517549604711055360
1517549603486375937
1517151100826136580
1516844761965076481
1516844323400265737
1516844308527210502
1516844263077728264
1516844217666048003
1516843097220648963
1516843081160667139
1516792192542642179
1516776453337231364
1516776452389228550
1516776451248373775
1516478926557691907
1516478700614791179
1516478429956296710
1516452067698790407
1516451508530909184
1516451175348027392
1516410138575446019
1516409926645653509
1516131196282937344
1516115090642071552
1516031291006894086
1515718697473744898
1515450626033000457
1515434126370877442
1515025143122341898
1515024882672799757
1515009713674625025
1515009711887761410
1515008958896955392
1514982468713160704
1514751542892584966
1514739856542420992
1514703962594848769
1514703846530072585
1514673655120343043
1514673628071272459
1514661438010400774
1514660257213128711
1514660226724777997
1514005837689278471
1514005835441082374
1514000207394054153
1514000054247477251
1514000009141923851
1513999965122699278
1513999262618730505
1513965520890044423
1513963454834614272
1513963350803324942
1513924542787375105
1513681782717263885
1513681403514392582
1513637609804816392
1513637458348490752
1513637406158823424
1513637332670373900
1513637292652568581
1513637223215869952
1513637210146447372
1513620906093993998
1513596820307468296
1513584434196496390
1513584261667950602
1513525878583660546
1513525806189924352
1513525754402902022
1512478446202802181
1512469827797061638
1512469786340610057
1512459664004468736
1512457941928099840
1512430031389310980
1512158348329852935
1512158286631550989
1512146719672315904
1512143605988798478
1512143527047802893
1512069633116831745
1512069542708580364
1512069460877725696
1512068984757096459
1512059597770612742
1511817750930464771
1511807648072548357
1511771524805627906
1511759630447357965
1511749598234173447
1511726329410072584
1511725400023617537
1511720635365421064
1511717309177548806
1511713892237557762
1511710867729043461
1511709935150764041
1511709907095109633
1511709873586778114
1511709729722146826
1511708904035688449
1511701694517854211
1511688914586771456
1511658728017248258
1511451996112494601
1511451963115855872
1511448741903015945
1511448693949583373
1511442971169890308
1511442687425187840
1511438409759395848
1511421593976717321
1511417056469692426
1511412373583810570
1511410572876828679
1511393901693009922
1511334736312033288
1511334735255150592
1511334733938139146
1511334732675657737
1511334235088556043
1511061432305074186
1511060712545828878
1511060496719437829
1511059529622069255
1511059214852104200
1511054332053147649
1511051216444342281
1511043191658663947
1511042853648191489
1511033397187170306
1511033348742955008
1511033065438646277
1511033009104949251
1511032961860308994
1511031567841472514
1511031502087376905
1510796237712285698
1510371089502941184
1510027939747975179
1510009965662158849
1510008462188683272
1510008041906843650
1509983480385576965
1509983434982277129
1509949406367334403
1509923702330306560
1509912505031835648
1509912396168634373
1509895246225813551
1509886199497908227
1509885762359152640
1509879287280816140
1509639842061340684
1509617751698153474
1509617406909595659
1509617334268399620
1509617319731146753
1509615069960843270
1509597523920527362
1509597113558220803
1509584831348457474
1509584829561585669
1509583760551030794
1509583552328908806
1509583102036877313
1509573720188330001
1509571577393909763
1509570153490616332
1509570152211394571
1509568899003650050
1509566223729758220
1509555275245801473
1509531690783322119
1509531288675536896
1509531287140274181
1509526141282963456
1509526126158307330
1509526072798314508
1509525852337364993
1509297878778458118
1509266955668185088
1509249231462277123
1509245022214012931
1509208389032808452
1509208063399673858
1509207748344532999
1509207747295944715
1509200677515501570
1509177320397058048
1509177255091740677
1509166783927926794
1509166672489418757
1509165312041697285
1509165117044367367
1509162017785098247
1508937925093998594
1508934707043614729
1508933489428774913
1508922986023297026
1508918885856202763
1508850836394459136
1508850488703430661
1508850163388985347
1508834838756925444
1508834372400656398
1508807638947188737
1508801809279864839
1508800330661875718
1508799959835062278
1508799401954848777
1508799288163418112
1508799236971929605
1508799204600295455
1508799160794890244
1508799064829308940
1508565477836169217
1508565264014712832
1508565098310385669
1508563169257705472
1508563133836800003
1508562456632827916
1508550337686384643
1508488576262094852
1508463870159081472
1508463785090158594
1508463778328944644
1508461276967673857
1508461145505648650
1508461042426384385
1508460916324589573
1508453034128551942
1508446574560567306
1508438988129984516
1508435404743233544
1507452015529668609
1507451184785035265
1507440672122540171
1507439987238834202
1507439597558579207
1507439596128325637
1507437850782056448
1506690567119458307
1506690247698042889
1506689072865103878
1506687375749038084
1506683918040317953
1506682603067392005
1506682601834270724
1506363583029993477
1506344489534828548
1506338755816439809
1506338471232819200
1506338469831921676
1506338468649123846
1506317084212539402
1506316982387359754
1506316209075236868
1506316131262504965
1506019557248364544
1506019525921189894
1506019487253876739
1506019389677600770
1506019336925765633
1506019298338242562
1505991156773142532
1505991081384632322
1505924735728816133
1505923789510660098
1505600715879759874
1504957335684460544
1504912114095472643
1504911736675213313
1504910691337216000
1504910592506839043
1504875220146040832
1504875188101517318
1504875117054210053
1504875010938265608
1504874874661187587
1504837864147853320
1504837667040673819
1504837641115738116
1504837021679955968
1504836802103943169
1504827004855664668
1504553627544961025
1504553533454102531
1504553503024373770
1504553453749776393
1504550836931895299
1504504123542196231
1504489249072111617
1504477279262371845
1504477257833713669
1504477120319279116
1504476784997265409
1504476523448832003
1504456317414563845
1504456263635288072
1504454825249062920
1504454575658610695
1504454507375251460
1504454276554313731
1504220865361293316
1504216734894600198
1504196368080027649
1504172507242409994
1504172428557234183
1504166054607609857
1504165865947897871
1504161396057067529
1504160691099418627
1504155373288280068
1504155300311482368
1504155240559489029
1504152540262322179
1504152432598781952
1504152338461773826
1504147519319773186
1503908355978448906
1503892981153161224
1503858941817769989
1503858428015529989
1503855221134528515
1503854756518940674
1503805156474896394
1503804982063210499
1503804796326842373
1503772024782528513
1503771987558211585
1503731992600457222
1503729619333177352
1503487889748934657
1503460448980684804
1503460137897496579
1503431557431844868
1503399594503426054
1503398722964799497
1502377050191106049
1502376742278815747
1501974994598998016
1501974969609330694
1501934760246927361
1501934712037666822
1501934689883357197
1501934646228971521
1501928085209464833
1501915278996914182
1501914889656360960
1501701020568719363
1501687753368608773
1501645548297895936
1501645070189088771
1501644602092265481
1501642355073507331
1501605910388617224
1501605789261303809
1501581141178040325
1501567900087427078
1501366429295288324
1501366375394250756
1501366339704958976
1501366323552604161
1501366286479208451
1501366246981484546
1501352301373444100
1501329223713230848
1501313130571304961
1501313129203965955
1501313127799046144
1501312840283611136
1501308044591915016
1501307785199464451
1501307735475904515
1501307634649079810
1501307614239600647
1501292195697074184
1501292167075024896
1501286889386561542
1501280200541159426
1501279377623064591
1501279374015811592
1501279370954088454
1501277417477795848
1501277220681121792
1501277202897330180
1501276416192626696
1501275233776553994
1501272193841319940
1501272067391557632
1501268038028435457
1501255523114659840
1501254771457638400
1501242740931186696
1501224677938663426
1501224305551577088
1501221088780509188
1501209375406534659
1501208486201470978
1500988678985953288
1500972139666628618
1500967906112413696
1500967812566765568
1500912919021826049
1500555321617571847
1500554201751031813
1500553925535191040
1500553489868546048
1500506806300422150
1500506803989356546
1499939453695102976
1499939452021612547
1499866455457910784
1499863756611936257
1499858741683970054
1499858740211765256
1499842883834241039
1499842882445971456
1499799898442514432
1499561786412085285
1499444025132298246
1499440590563520517
1499437237750140933
1499428647031214083
1499404609454026752
1499359709501050881
1499160368723202049
1499152924127252480
1499138232839200774
1499090493946351617
1499089830529089539
1499088935481446404
1499088648159088649
1498877327907999744
1498877326154772481
1498872888786620420
1498872835372199937
1498872552294436864
1498860900425650182
1498858301706092545
1498858282051588097
1498858249398927360
1498857991348662272
1498857928467562506
1498857682731778048
1498856916856016898
1498856915635519495
1498856722022252546
1498856720877199364
1498856719732154368
1498856718486364162
1498856269851078660
1498856268781572101
1498856267732946949
1498855919714811908
1498855918502563840
1498855632115585030
1498855631071154176
1498855133647626247
1498855132523638788
1498854646022123522
1498853615087280130
1498853494924656642
1498853493339271170
1498852796162097161
1498852794832404480
1498852475331350531
1498852361627963400
1498852360289935362
1498852358398296066
1498852041564774400
1498851802036547589
1498849713369632778
1498849396326375434
1498848945564495872
1498848617720909824
1498848249381330954
1498848194268180486
1498847540929871873
1498847290295033857
1498846976972136448
1498846943497306115
1498846912883085312
1498846769421205509
1498846598859735040
1498846332982804483
1498844701746765826
1498821024883912712
1498819042441842689
1498788077602541568
1498787171431505922
1498728566124851200
1498697465289183240
1498694090862792707
1498683327154434054
1498665540918943750
1498665499202367494
1498665425537835021
1498665232675262466
1498511703327350785
1498433015135051777
1498433013998309376
1498433012991672320
1498433008885551110
1498426926108659719
1498426899701420037
1498426861889765378
1498396937174794243
1498373109224779777
1498373060554018821
1498326360057647109
1497712360403968001
1497698365974269955
1497338434804981763
1497309430106537994
1497306618685534213
1497306578814267394
1497306551987617796
1497306526058520583
1497306463735365633
1497306444726779906
1497276608515911684
1497265737358061572
1497233071099322379
1497231579520770051
1497021137234059266
1496923915532312585
1496923471359934467
1496913691320672256
1496912467796058120
1496912466579755011
1496912465149497347
1496582381033205769
1496581967508295684
1496161870495064071
1495841654351278089
1495841652799418369
1495841651574640643
1495841650509238276
1495841648953237506
1495208108800491523
1494765604267515910
1494765376701403137
1494765259575500804
1494739270115995648
1494738464524357633
1494430989610856453
1494421080186171392
1494420994655760393
1493682458293944323
1493681766493741056
1493681440046911494
1493681388968714247
1493662813709123586
1493662053445287940
1493662052300251140
1493333942463868936
1493333485309894661
1493297054675841027
1493297023621255169
1493296006775152656
1493295754101800966
1493295641484800013
1493247389762793479
1493247178797731847
1493247165342404608
1493247117355368451
1493247071243149314
1493247049856344069
1493246942557659137
1492164948121853954
1491950240026484736
1491891471913525253
1491891358050758661
1491879684824522756
1491876950423572485
1491784191201132548
1491534191854596108
