1534638143277768705
1534619112307146752
1534613456405598208
1534606209852096513
1534583818828627968
1534490924163604480
1534239726768730120
1534161049359990788
1533556991633031168
1533490875535446016
1533488062424039425
1533461813597290496
1532849628487598081
1532849512284360704
1532797538327224321
1532720814562344960
1532492764650385408
1532424558199853063
1532409829981138947
1532375921763688448
1532342665248907265
1532150429332787200
1532065055948230657
1532062988714188800
1532005367978201088
1531782990908497920
1531757479989846018
1531723437839745024
1531696122896470017
1531659603670355968
1531268132836454400
1531267478323699713
1530867044920467457
1530327489352019974
1530292571464941569
1530271345304543232
1530144030738173953
1529972981899878401
1529853616957292547
1529789444223512577
1529587570660847617
1529518213649862656
1529496217377447936
1529222873176342528
1529197205915160576
1528852520424157184
1528778784442200066
1528729338681630720
1528535934169493504
1528369472007983106
1528140730664878082
1528140714583937026
1527819715195850754
1527764374303162369
1527696152027484160
1527636539639054338
1527342308504457223
1527340558477594625
1527340407495233536
1527118896217702403
1527091603558608896
1527078106569355264
1527078105348726785
1527078103872421895
1527078100907048965
1527055004506398723
1527001476228386817
1526974395180191745
1526914202245517313
1526742271416274945
1526696313651245057
1526682822156623874
1526677099590844417
1526648515425976321
1526370898684653569
1526347937806176258
1526216193064976385
1526216190141554690
1526170596706504705
1525986769472262145
1525653128594575360
1525543789879873537
1525542317477732352
1525274697612546050
1525229023428759555
1525228859901321218
1525228642632097792
1525178736265527297
1525093627239796737
1524849781272723475
1524789902927339520
1524566623868366854
1524508916805210114
1524444912099508226
1524062159851896833
1523987692702380032
1523707113540706306
1523631690291494912
1523289158273630209
1522985552886308866
1522880418936233990
1522774920840814594
1522744932452216832
1522687263083270146
1522534466702524418
1522392510290698243
1522371179125870593
1522344734508961794
1522254030453579782
1522242959051272192
1522233848070873088
1522232690120040448
1521933607463497728
1521853912810237953
1521807877492588544
1521807876649586688
1521807875429093378
1521499610191175683
1521481382744281091
1521322736953532416
1521319933589831682
1521294269369180161
1521264008531259393
1521170321310687232
1521071247508983811
1520758023148474369
1520757168894619650
1520757167430815745
1520757164981293057
1520757161718132737
1520556054144294916
1520464931543523335
1520464918339887105
1520464909280198660
1520464495180759044
1520154068584382465
1520109665442480129
1520088029221826560
1520006902377287681
1519835664514273283
1519825839860465664
1519755006983000065
1519717286873120769
1519714395022295040
1519443629667926017
1519401738498981891
1519383321314213894
1519382399557189632
1519382398722617348
1519382397560795143
1519382396352741378
1519382392749887489
1519307264837963776
1519283216003309570
1519120189283086336
1519104612120281088
1519059637210918913
1519024589518610435
1518697401766367232
1518676978265690117
1518634237972336640
1518605578247020544
1518334304916586501
1518223823656599553
1518017211679522816
1517945229554421761
1517658429988421633
1517589698415374337
1517581389545226242
1517547176586579979
1517547174988558338
1517547171616329729
1517333146295058440
1517333026182770688
1517332957186465792
1517332918640824320
1517324999169912835
1517241564996812800
1517152364309872641
1516929836840849408
1516929727067574274
1516883180669841414
1516848320286797827
1516848319007539206
1516848317887614976
1516848316272762883
1516799972724944909
1516761373774168070
1516575624885796866
1516524337188200451
1516431559716487172
1516431558454005772
1516431555731800070
1516431554003800064
1516431552540024840
1516431551072022537
1516431548953903107
1516431546407960595
1516371530673917954
1516204218427793417
1516127844480569345
1516044144820559877
1516034049520934914
1515676972222930944
1515490337493590023
1515386604512288779
1515386267692945409
1515295690926309376
1515064634264403972
1515059403971567627
1515012990646591494
1515012952746864642
1514989869017280519
1514980795311607810
1514958218711212042
1514799330703552519
1514750518958215173
1514736212204036103
1514607553430241288
1514586424733061125
1514422941701836810
1514375505507672071
1514343892862255109
1514237219564892165
1514204500973789186
1514031360347889677
1514007942588256259
1513999449701470213
1513999406118453249
1513949684120883218
1513897442231693318
1513838553675010052
1513668816634589184
1513513903527018500
1513513881171382281
1512899947108130817
1512450159896113157
1512449928664133635
1512449875727761413
1512248287121879042
1512247696194740228
1512247694630297606
1512247692906352649
1512247691803308032
1512247690427568128
1512244435895074821
1512155773001940994
1512151149364891652
1512144696583335943
1512136388577275906
1512075379376222208
1512030677130256384
1511902504564494339
1511886710434635777
1511884458726731779
1511876377502523396
1511840773670641669
1511840075625209864
1511811531041878022
1511773560347504651
1511494393596981262
1511476630056841217
1511453373161164804
1511440453303951364
1511390297422540812
1511372071766564866
1511107563651276804
1511105640193798147
1511074181223534593
1511073822237245448
1511073821276708865
1511073820152672268
1511072745819459591
1511071804223328266
1511015270369878025
1510587901574356993
1510393891748519942
1510366010846720005
1510311483967778822
1510003058071285762
1509940175190859783
1509687235553206273
1509656281514012685
1509653237019951106
1509618463824031744
1509618459856064525
1509616094943879168
1509615287846453257
1509587205546725384
1509497737321979908
1509325350995701760
1509246838121115657
1509244692621312001
1509235910650613768
1509235909593608203
1509235907613892618
1509235904149434372
1509235902056435714
1509208599947530243
1509208274226270222
1509178347535974402
1509156227082858502
1509012720418529284
1508961453054771205
1508930544326823950
1508898084381675537
1508769941188755458
1508595542200229889
1508554296186621957
1508528048844460045
1508528047426838530
1508422490309242882
1508401262106095620
1508210109956173824
1508097121895034881
1508053973571411975
1507896454131630083
1507767838261465094
1507674976744361986
1507504603557937156
1507479611088769025
1507477646791389185
1507126361588215819
1507096721381371907
1507081002501423114
1507004935015071766
1506684952888451073
1506633240379117568
1506379870720438283
1506316022214631424
1506229703081971713
1506059833652363268
1505995046620995589
1505932917968719875
1505930967218855940
1505899852546379782
1505707892963426305
1504783423298285594
1504658053920141313
1504658053068640262
1504658051210567683
1504612798868860931
1504561483363110917
1504542352261660684
1504504403146981379
1504495071667924998
1504472109661110275
1504446298312916996
1504400902458728448
1504303737589968905
1504246636222074890
1504193918392487945
1504190946073882635
1504183994509791235
1504119223869747202
1503848882131849217
1503796095951986688
1503796094823772163
1503796093926133761
1503796092906971144
1503796091644522503
1503796090314936323
1503796089060839432
1503796086867206144
1503796073957146634
1503755496603455488
1503736044252020740
1503736042821664772
1503736041362046980
1503555893400592385
1503526356642148355
1503522018754539522
1503516862700732429
1503469388363673607
1502712855468126211
1502681584578830340
1502669609203343366
1502667397756510218
1502491070395043842
1502396608759148547
1502396607391838225
1502380253452324867
1502366408008736774
1502366406553309188
1502366405139877889
1502366403856318470
1502366402660999172
1502366401473957888
1502366400102506503
1502366398433144834
1502366397128716295
1502366393878130689
1502318010744377350
1502123444300832774
1502123362209914899
1502123349912268807
1502105342750212100
1502036919982739459
1502036917763944453
1501991074906222594
1501585705981591553
1501563124650029061
1501326981648035840
1501324740765618180
1501321287322374144
1501286636289728513
1501248984903557127
1501191647920631813
1500963050794401795
1500962855948107778
1500923699171581953
1500907372096720897
1500905373670256649
1500905227318444042
1500877579196289026
1500843484978286596
1499890935534075910
1499855486082072588
1499854868856680453
1499853980993789952
1499848304615731205
1499823071775109120
1499819771684085772
1499804107883827215
1499548308934639619
1499548295563292685
1499537386908356610
1499536661407014914
1499499629540433920
1499480884482912262
1499421657257107468
1499412521198964736
1499410562207424512
1499410468951281671
1499394018903568388
1499377960880648195
1499357228813504512
1499185516243210246
1499183889054580737
1499078943961501700
1499048543507603463
1498890996255494152
1498870186841100288
1498870072089235456
1498857779876057089
1498857023160688642
1498851227387535366
1498850912126783495
1498849606263873540
1498849605064212497
1498848201075535876
1498848199309766665
1498847652439638026
1498847233554501636
1498843832703672323
1498809811328114690
1498795673885552641
1498788056735928322
1498768830629400582
1498761973709824002
1498739605243408386
1498693337938866176
1498666872908095492
1498442862094077953
1498440378567045121
1498419565344309259
1498413167088705550
1498389810699984899
1498389809454366723
1498381507945283601
1498113947647553537
1498065250855399437
1497681505602183175
1497679141784670217
1497678732483563533
1497675009325776903
1497602427515654145
1497368314582085635
1497347810206887946
1497313760813404174
1497313759412449281
1497264490710122501
1497066520152788994
1497066451471060998
1497066184176513025
1496713068851740674
1496713067190706180
1496713064292491266
1496491805516484610
1496491800319643660
1496491525014016001
1496280576508272645
1496280573240909825
1496170430834565121
1496170417584852994
1495886262473043971
1495886261088919556
1495087278695358466
1495087238346166274
1494803665403715591
1494803663931559944
1494466899320655873
1494466830559232006
1494421340211884038
1494365869773930499
1492526711128399882
1492524514873327622
1492477083628486660
1492325239765803011
1492322613351362561
1492321875334246403
1492320147847143427
1492319728462962692
1492296768058540036
1492266730076389386
1492200895035097088
1491941837082353678
1491897674135658498
1491873501262852098
1491867783973453825
1491833375438610445
1491802719614488582
1491605881582235649
1491605165333434368
1491603412198248448
1491601291805704193
1491575996314755072
