1534670761184710656
1534644659812765697
1534613449170464769
1534586380025835522
1534556717891129345
1534523303204904960
1534523301212606466
1534318537254256641
1534300556361080833
1534293901229662213
1534288204609757186
1534257203561078786
1534241790718533634
1534223678686351369
1534201108939345921
1534201107051855872
1534167526795624448
1533986468225499136
1533947457532567554
1533913380012138505
1533913377227022339
1533871330650628101
1533850564836065286
1533832544193499139
1533806381144449024
1533606815459598337
1533606813303816194
1533606810845855748
1533585368511021058
1533545827385352197
1533513969062883328
1533469808221626370
1533445003602714625
1533445001836908547
1533219068630769665
1533165363814354944
1533128658088493059
1533094988829052930
1533074378342158337
1532876309780652036
1532823308588261377
1532798213496913921
1532763290471899138
1532763288039264257
1532744452653125632
1532717010517368834
1532541188749803531
1532506064343773184
1532474441178963994
1532446150133006338
1532446147658362881
1532446145015955458
1532433016424910872
1532408410402082820
1532408406753087489
1532388888706170881
1532358764430491652
1532163744125571072
1532135696940539904
1532135694625390592
1532105432868823040
1532105430360629249
1532074247379484672
1532042420736630785
1532027801531973633
1532002232148840448
1532002228894150658
1531983769581805568
1531799700084596739
1531790502110052353
1531764732482490369
1531734816378728449
1531703861651484672
1531678770855399425
1531644851384635393
1531627229888880640
1531418564661587968
1531398825683869697
1531307262131818497
1531279168381636608
1531279162316623875
1531279160559251461
1531279158940139520
1531279156973010945
1531059581656485889
1531008686268760068
1530922306968686598
1530581412553797635
1530320539629273088
1530320537360207872
1530278816496685056
1530278658266566656
1530239860539330560
1530215328172716033
1530186211289178113
1529993897589489664
1529946685987864579
1529908585785872403
1529886122893094936
1529886120657530887
1529857791661334528
1529824709528805378
1529605293553901569
1529566889722134529
1529525443862355968
1529486774111768576
1529224611052797953
1529224609362755584
1529224607345041409
1529177922409472002
1529177919536476160
1529177917489545218
1529177915103006720
1529152868724486144
1529118969164185608
1529091200157986818
1528904356371783686
1528853027742154752
1528818049343705089
1528800796262993920
1528800793993912324
1528775891987341314
1528775889332359168
1528747716104404992
1528722119911256068
1528722118158217216
1528722116517978120
1528497090376122372
1528452691092971529
1528429986201210881
1528399283938119680
1528368706862170114
1528161587462275072
1528104595704139778
1528061225560592395
1528042684090241026
1528004432071249920
1527787929522823168
1527767538263891975
1527725861960617986
1527694195678486529
1527690453444972545
1527671499972288514
1527638561964662784
1527638559607472130
1527638552477048832
1527437511320035334
1527437509701033991
1527398270602993674
1527372630659301376
1527368202455773184
1527368200467296258
1527368196365635585
1527368194486218759
1527368192649498625
1527368190644621312
1527368188605804557
1527368186290577408
1527342983166644233
1527323968705011715
1527305655912128512
1527278907426148354
1527076132453027841
1527076130154500098
1527038559680704520
1527038557684129792
1527011440653221894
1526975963183054851
1526959826311565317
1526959824071708672
1526941852682813440
1526916654692810753
1526739237156044803
1526739235377659904
1526722988858413056
1526692538093953024
1526677115080425473
1526677112513495041
1526666876738326530
1526643896188649472
1526604238687809536
1526585702711975937
1526564607304904705
1526554603726176257
1526342886916247560
1526315677551837186
1526293222812798978
1526290787989958659
1526286340354097155
1526272328732114946
1526245581512916993
1526245579139039233
1526245577205456898
1526245574688878595
1526225863750172674
1526198680801677312
1525999248147419136
1525924736072556546
1525895098428493824
1525870764439773185
1525651773469376514
1525596311399063553
1525594324108558339
1525588768035577856
1525530527113129984
1525530523292016640
1525500180921036801
1525469727560187904
1525240890645745664
1525228964620410881
1525197617713618945
1525189650679222273
1525169412122333185
1525137888366800898
1525107400381964288
1524922030415544328
1524894187836960768
1524869625971892230
1524869624369668114
1524839154693062657
1524833015112814596
1524821487596748801
1524821483519889409
1524821480650989568
1524821477811531776
1524821475164925952
1524789450118774785
1524765477398003713
1524742490410078211
1524742488761774080
1524525515067076608
1524488176169009159
1524488174327717889
1524488172444561408
1524472417686626308
1524462351889707012
1524462349587038210
1524432500357017600
1524391165788884992
1524391086873100290
1524363163667419137
1524196154745016321
1524177769642479616
1524172457082597376
1524159098148823040
1524143213086490628
1524116480115474432
1524091920624017408
1524063220817928194
1524033639679504384
1524019843900579842
1523836775734652930
1523823520551256065
1523801081914007552
1523766285091311616
1523761399377240064
1523747433293160448
1523747430046797824
1523723411679514624
1523710090406404096
1523678335766650881
1523657288195604480
1523438592390942720
1523386840618704898
1523370034793533443
1523316905691471873
1523293578658680834
1523147626203721729
1523147623527448578
1523088616293269504
1523081371018686466
1523081369219641344
1523041537407750144
1522993743087153153
1522993740809265155
1522993738485690368
1522993736992673794
1522993734958428165
1522947693328351232
1522711407128727552
1522704668199391232
1522658181327040512
1522640554168922115
1522612735074353156
1522583713560895492
1522583711035932672
1522567729378639872
1522379394479796224
1522335075500580864
1522311889748905985
1522288661290799104
1522260801997922316
1522225573476634624
1522204982333825025
1522011442785886208
1521984183023063040
1521956462016217100
1521929431354327041
1521914506452033540
1521906058159136768
1521886240248938499
1521861502638174208
1521842888316968965
1521671027205591040
1521640360736395266
1521616067365384192
1521615989603024903
1521607972325105664
1521587208553177088
1521548664413511681
1521522344765931521
1521489703568085006
1521488538264551424
1521484008315658241
1521484005912231936
1521484003630620678
1521484001223098368
1521483998492598274
1521465262180278272
1521266684299993088
1521250728920379392
1521225166323392513
1521199384599400451
1521179108792745984
1521179102979448833
1521142637994065920
1521142635729145858
1521122536871940098
1520962265721479169
1520886220934504451
1520810190089691136
1520791542381920257
1520758693234716673
1520551539802316806
1520508539667689472
1520457141416603650
1520423347531747329
1520385008506220545
1520198025255268352
1520198023510376448
1520155735149191170
1520139105811767296
1520109325649383425
1520073392099049473
1520073388294819841
1520073384901722112
1520073381957226496
1520073378861920256
1520044483420868608
1519838238181048326
1519802126473568258
1519768918151340038
1519737162052390915
1519737160374571018
1519737158571118593
1519737156650029058
1519720562427412480
1519687766501740546
1519662389972586496
1519456043901804544
1519434612539277321
1519395322128183299
1519361732023664640
1519331424096161795
1519300217853644802
1519120205011898368
1519082136397127685
1519056693325406209
1519031043570995201
1519006800212856833
1518972461253017602
1518953379317395456
1518730799507546113
1518700253444284417
1518672571591499776
1518641696917053442
1518607956367007746
1518573640907956227
1518344696262807552
1518268226484019208
1518229813554814976
1518053933431799808
1517987769330503680
1517902718765088769
1517869558584983552
1517674897765552128
1517616041672818692
1517564405415874575
1517549809124757505
1517549806641684482
1517549803995029504
1517549801155534848
1517549798014001152
1517518207321624577
1517496642588524551
1517320721625759745
1517282905508171777
1517231519093374980
1517197469527986177
1517169079349567488
1517169076254171138
1517134219146899456
1517134216558956544
1516924908370112512
1516872092121276416
1516836506069086214
1516808660260958211
1516767884277698569
1516603293627203591
1516534681717678081
1516497626732052481
1516458507435917319
1516458505133248521
1516428056822431754
1516396970625097731
1516187510942089233
1516187509054656512
1516153953418948617
1516121413920477193
1516101053695111176
1516068032044572677
1516035747488440330
1515843681424711686
1515698649916973056
1515491462867300356
1515416437808054273
1515356471617376258
1515324589047492612
1515080271661477889
1515050386289471489
1515006187963617288
1514967612752646150
1514934194220244996
1514753144802136075
1514708137588183057
1514685918539616268
1514652287704219649
1514627258081812480
1514604199073366022
1514347934472671234
1514303389856940033
1514261518006771722
1514228392991809542
1514055070840770570
1514025175641174027
1514025174227734529
1513995121242558467
1513972188168302600
1513936845289267203
1513906198776532998
1513906194624258050
1513877983894904835
1513877981340610561
1513668566876364804
1513644882631565315
1513644881251602438
1513644879729111047
1513610885713088512
1513586975776940047
1513566416607268874
1513549288646844422
1513540884318588928
1513502082569060359
1513258704015089665
1513258702601609224
1513258701141983244
1513258699799810052
1513258697790824450
1513204934627545090
1513177412581875718
1513153402200600581
1512894254061961220
1512824407122751490
1512785520186867722
1512569604798824448
1512536780687425536
1512523204203528197
1512523202395783175
1512504529954258948
1512479641315037185
1512468259852988419
1512443297918296067
1512443295649222657
1512424576252268546
1512220475296034840
1512185672664240139
1512157423632629770
1512134273960222725
1512134271766609924
1512134269463941121
1512134266959929350
1512128228823076865
1512097721901010944
1512074582496141319
1512056521177317383
1511877920444207108
1511847973386391554
1511831850636959766
1511826341573939208
1511814016343150593
1511796579061182480
1511779189820637195
1511751768996290566
1511751767008108554
1511731379033317380
1511718031713611784
1511698535502262272
1511529174611148801
1511529172870520833
1511515477125783559
1511486871041363970
1511456914261094402
1511456912361070602
1511429942474645506
1511378734422671368
1511345804883152899
1511345802085646337
1511345799007019022
1511345796326821894
1511330612812132355
1511157476338642946
1511115144301977600
1511113323105947655
1511099385014370306
1511099383043039244
1511099381054906375
1511099378655805450
1511081954334158851
1511054971609010182
1511054969419538438
1511027818490171399
1510998949494206475
1510980329384906759
1510721559127855105
1510687485273292802
1510643492871192580
1510343069857718276
1510296861948751874
1510252458827829251
1510252457317785605
1510018417713025029
1509986960386899969
1509951363207340040
1509928994682118165
1509888009709236248
1509873090356039714
1509705017854500867
1509673394253479950
1509658546601869321
1509636087752409097
1509615118417641481
1509609724735639558
1509592450968469511
1509560658983014401
1509548594310922246
1509523416759648261
1509344288148271116
1509344285954555909
1509320433979506693
1509300185104535560
1509277482536603657
1509247057529389063
1509214368633966603
1509190328192049158
1509163839555780608
1508980275392524293
1508954642536873993
1508916802298028040
1508886176014422016
1508853939499937800
1508818062857969671
1508797180680749072
1508778283915268096
1508602757183414277
1508573899352596491
1508556890497855488
1508556888765603842
1508530684696084485
1508521851458400257
1508497973998764034
1508497971993845760
1508462033724977156
1508462031577485313
1508436190361436165
1508254833425457159
1508254832217444365
1508254830556553217
1508218428116680707
1508157831022796806
1508118682022690822
1508118680466608133
1508084705274515456
1507863253937971215
1507804328651722755
1507742924229910536
1507718009925865480
1507495842101530627
1507495840394403845
1507466666145419266
1507440010630414342
1507414793900072960
1507385040409346048
1507367759386193972
1507345025293824016
1507158817909481478
1507158816214986760
1507144329466363905
1507125284511879176
1507090321515159554
1507078113909526533
1507056833311256577
1507049945186115600
1507016638549278730
1506996685905481734
1506996683716145153
1506996681103089665
1506982962507694084
1506812855550722048
1506801263572312070
1506801261466853382
1506785054336372736
1506767739381329931
1506767737284186119
1506752962189795333
1506732568250662914
1506721642722037775
1506718905619918853
1506697917599567875
1506666599125815300
1506639436049702920
1506626212155768837
1506622072839102472
1506457245030264839
1506426825592954881
1506426824686981135
1506426823697129473
1506426821880987657
1506426820803141632
1506426819158986762
1506406744007839744
1506392242667331591
1506375912077635585
1506360384130883592
1506344873351430151
1506344870847336451
1506344868729307148
1506344865814048769
1506344859556360193
1506344856360304647
1506334341701459970
1506334339403030538
1506325321649430537
1506300062913212420
1506280167274160135
1506255852327550977
1506083632909365254
1506064800656375816
1506064592287449090
1506035310014177285
1506035308684578820
1506035307438870535
1506035305937514499
1506007586025635840
1505962297201733633
1505938608167047169
1505921966296940548
1505899002511998979
1505721338480271366
1505681406818758666
1505681404079886337
1505646367242596352
1505646364256055298
1505601803970297864
1505560581658583041
1505529531783856134
1505357467756212230
1505330794570657795
1505307281449181189
1505272825250299905
1505269452572667905
1505236587130544128
1505204227584499715
1505169972422746114
1504982869516734465
1504945154079211521
1504913781985583111
1504880569964011521
1504850477024006153
1504833229395738639
1504810839139827716
1504639482284412931
1504624123531604000
1504599712573272074
1504584361332469766
1504561963723997202
1504560629805420546
1504539062899666955
1504523475352006671
1504507354095636513
1504487399073669123
1504465373990727684
1504447781129408517
1504447778839216130
1504273425946353667
1504247969696165888
1504230026530770954
1504213767747428355
1504197334867091457
1504187999730352129
1504175236870246401
1504175235230322699
1504151257564418050
1504136088654340103
1504133268790259716
1504133266605068293
1504133264218406914
1504133262008070146
1504133259751563272
1504119852792958976
1504104513292144649
1504093065384009731
1504078115357839362
1503915367890096128
1503896688536309763
1503879214952378370
1503861252677947392
1503857919586095114
1503845744360386562
1503829800460374023
1503824605588430848
1503803912763187203
1503799618584420365
1503791779648319499
1503772582172139521
1503750869384253440
1503719790967414785
1503534142121824257
1503496261814697988
1503478503248957447
1503441923197054981
1503410595768504330
1503388588888702982
1503353318072008706
1503353316994125832
1503192866637721603
1503192864146214912
1503134272206647297
1503084203830824962
1503042550319493122
1503012859730665483
1503012857784451077
1502866258575998979
1502836194199154696
1502808714646020100
1502791405659475972
1502756983522353157
1502721335453110274
1502691640107954176
1502684548030767109
1502651626171117571
1502495009438056451
1502458390731186179
1502434275181928452
1502410602026831879
1502399843842543624
1502399841900630016
1502367293887680526
1502338278682464256
1502309622815674372
1502295284935766023
1502281306616606722
1502115373952516106
1502098810134319104
1502081754449989639
1502067554625466371
1502052577885794323
1502029400216379392
1502022679381086213
1501997566661038107
1501983428501065728
1501968748726599686
1501960211401252868
1501957599654297607
1501956043068248064
1501953874873233411
1501952825366089730
1501952268307877893
1501951075649146887
1501925119849119749
1501751660254793734
1501730082137997312
1501709921414307843
1501689590335565825
1501689589102227456
1501689588150067201
1501689587114127373
1501689585591631876
1501667831204745217
1501650182739529729
1501650176708157441
1501626505713045507
1501611578520711171
1501582327893405701
1501582325808865282
1501566394378428420
1501557037918035974
1501551196015927304
1501372455004573696
1501361318355480576
1501342767640768512
1501327312943468544
1501314534514036746
1501296715311296516
1501269675988209664
1501251871511433216
1501228638452137989
1501200636704083970
1501028289640607746
1500999732583407617
1500977595529281537
1500954712543223808
1500937240784027650
1500912941662720004
1500885727780945927
1500853993244958724
1500831773214838788
1500643660911808513
1500595536205910017
1500554673484406785
1500539164948930560
1500507334065410055
1500480947556425729
1500271073526493184
1500239503797145600
1500209678655098886
1500187333135642625
1500154937996726275
1500134791982637059
1500099075567403009
1499905125380501511
1499900788394663938
1499871306082312197
1499857781452644357
1499845961245511681
1499821823634063368
1499805328216580098
1499769209710129153
1499742611954876416
1499553972721528877
1499528262623584257
1499502799717117954
1499489979164237830
1499474144584519682
1499444370558304263
1499429692000120833
1499409989491998725
1499390460447625216
1499360643186626560
1499197917973909506
1499172954508341256
1499148548381761544
1499135790949011459
1499131951374127111
1499110627008208911
1499088541929848844
1499080245051330560
1499060670939209729
1499060668871450625
1499036209573736451
1499022957875707910
1498873660534411264
1498854910036746245
1498813360950988800
1498794963533918209
1498765333045391360
1498731322495410181
1498706134370332674
1498689501186691072
1498665966691143682
1498651448271425538
1498474983831617540
1498448667551936513
1498436833323143172
1498415498022825989
1498415495577489409
1498391616675098632
1498391614351364098
1498363750184886281
1498341214692728835
1498322430900719624
1498300246174093324
1498110413849960450
1498084976339812355
1498056764557828103
1498022688870260736
1497995021408251907
1497975340131667982
1497960968428523520
1497749622667857926
1497711482284519430
1497650872364331008
1497615742354829316
1497586752336367616
1497376366345416705
1497353465265278978
1497324821184659457
1497308563919704068
1497278870713769987
1497253069452677120
1497253067166654465
1497241226025734147
1497226078053552128
1497226075281117186
1497226072819224586
1497226070973722632
1497039543911927812
1497011489328320520
1496996601092796416
1496971738277715971
1496943812786065432
1496926274043973638
1496898467150503962
1496870918399971336
1496839802288812039
1496656309076303875
1496627819673227265
1496602013638946817
1496574655121039373
1496551850430111746
1496524612628369415
1496498683440992260
1496482348157779969
1496300896992608259
1496300895549767681
1496271083082760195
1496242397839306758
1496216820591865860
1496186211676921858
1496151408386752523
1496120455383638021
1495952401857380353
1495909881748074499
1495879446292836362
1495879409613557766
1495861140227825665
1495826560439488514
1495826558531035144
1495801082357952512
1495759131545948163
1495759129968881665
1495551269611741195
1495505866568736775
1495467435956318210
1495435089198653440
1495401429644763142
1495204747502043141
1495173651087384579
1495154912132575240
1495129688418758662
1495092981472411655
1495063344658665475
1495042520430092294
1494830339637665792
1494802908772245507
1494763398705430533
1494729352562581506
1494710418719354882
1494679594661728257
1494502010393186306
1494462961074724867
1494426399943413766
1494397606780362761
1494368465653837829
1494346377631047681
1494317072150454277
1494317069445345280
1494113560955432964
1494075518752280580
1494043602158239755
1494043599624941569
1494012450638897153
1493980013049303047
1493953256346820609
1493953251472986115
1493953239993266178
1493756765569122305
1493723102999683074
1493723101003010051
1493723098331246595
1493696626803752960
1493658185785294857
1493621569184227330
1493592373779222533
1493391196135251970
1493357495410208774
1493331218900955136
1493281924021956614
1493259182698639366
1493259178688790536
1493225766770941953
1493005777212162056
1493005775752646661
1492978882059907084
1492947554182606849
1492916923176206341
1492874985488146442
1492656327113519110
1492620930157359109
1492584289870905345
1492545786206461957
1492503255871459328
1492301632914305027
1492268212406398979
1492236577376026627
1492197409686011911
1492170792280465409
1492170789902331906
1492143274999660548
1491959915598000130
1491904309361094659
1491872580046929922
1491872577014407169
1491848736624070659
1491826499405680640
1491807062610694149
1491780212299870209
1491583385499807753
1491552753696624651
1491536806331961351
