1534548390796738566
1534546638672379904
1533894029670334464
1532048337926594563
1531237740808912896
1529871314403700739
1529443078448287744
1529123323715657729
1527330760566267904
1527268224471076865
1527268223112167424
1527268221786763264
1527268220087967747
1526948293183430657
1525147607974088704
1524863234259288065
1524818455563837440
1524495486471786496
1524390074070278144
1524147814888058883
1524064222224650241
1524028783631683584
1524028114220851209
1523760229522886657
1523691109339340807
1523398750076514305
1520083689979494400
1520027522842472448
1519694669839585282
1519682673387659264
1519346919071490048
1518695556897558535
1517595404640174081
1517595123818897409
1517568446220935169
1517275613870137344
1517210364508844032
1517209792351199235
1516880823122808837
1516795915423694850
1516406623442546692
1516406622008053764
1516104537815330826
1515789116914515971
1514277153873043462
1513892554227519495
1513568892488196098
1513543652269776900
1512494670634442752
1512430060992487426
1512171981298409475
1512171958359711744
1512134891684732930
1512129086457630721
1511863378746163207
1511799156318298120
1511777283631194116
1511724387728306181
1511717075311546375
1511493047175073800
1511360281770962944
1511341378466463762
1509930164498612237
1509661188652683272
1509629861509353482
1509618595239710725
1509556994612637709
1508924043294121992
1508924040093839371
1508893884830687243
1508828395408400384
1508810336643735552
1508806160996048904
1508506664944734225
1507422268611248135
1506358912886398976
1506339998257324033
1506275904305180672
1506275817403387904
1506004536791552004
1505929953258442757
1505206817818873858
1504890897691033601
1504534233569759232
1504481732048801805
1504224645796536323
1504117266543267843
1503496613964263431
1503438653300912128
1503398316331130887
1502635214161469445
1502418410076094472
1502375813320257541
1502318907620745216
1502003920234815498
1501945278735081481
1501943910221762569
1501581650408398854
1501350944293933061
1501295031012843528
1501275686992031750
1501227797032976402
1500956973893885952
1499780207011676167
1499777472094773248
1499766868432891908
1499506702823174144
1499407960342212628
1499150605138350082
1499150602596724738
1499123361905057792
1499070508599582727
1499056225606111232
1498864510169452544
1498795238567071744
1498723182034964482
1498723180684398595
1498715089477771270
1498340367007166484
1497334778701484038
1497280259150221312
1497237961989136408
1496909059894779911
1496550078038908931
1496272755326693377
1495848031459160074
1494741693052170245
1494694027861626881
1494366843703894021
1494344680347246601
1494344340625317888
1494053316141199361
1493951048108683269
1493950553184952324
1493714566987014144
1493714122852155396
1493609852035379200
1493247262721552390
1492227810370412547
1491893218459459586
1491893040834916352
1491795102775144449
