1534608561619230720
1534582023939141632
1534561355101003777
1534561337430396930
1534538273896415233
1534256222727196675
1534235434406096897
1533836855954837504
1533836575100002304
1533239488163586050
1533239265169129474
1533238885022679040
1533238411800506368
1533237750438187008
1533236722087120897
1533235079178240001
1533235066532671488
1533225192046067714
1533224906447634440
1533222389667987456
1533222058963894274
1533212838050861056
1533189132989607936
1533189079545720832
1533189043751510017
1533188987782942724
1533187488973352960
1532866936094306305
1532866931925082112
1532812872224493572
1532761294390149121
1532760663130611713
1532737063849713664
1532684168135512064
1532380492883976194
1532016629919399936
1531633766883631112
1531259184058093574
1531255579158757379
1529925791685005312
1529905156795551755
1529905073702064128
1529850092001415168
1529587775929991170
1529565643577630720
1529542508274909191
1529536093946789888
1529524270002585601
1529522815891800064
1529500718260011008
1529493755992195073
1529493101286506497
1529159960122236928
1529124819228413952
1528796151167729665
1528709304605458432
1528696940342435841
1527701399290753029
1527689968440819713
1527689948618543104
1527375420902891520
1527319961378488320
1527314215249186817
1526945452716875782
1526609026561236992
1526322770367418368
1526313959917166592
1526313588066922496
1526210267486601217
1525141751861739521
1524842315151462414
1524829463766253574
1524823645125758986
1524493311549059075
1524465461005627395
1524224371111387138
1524120042551582721
1524095565272952834
1522668692999479296
1522668690528952320
1522668687672713221
1522299046748205059
1522299045305331722
1522280637213949953
1522240472047104003
1521929530281185282
1521597984126951424
1521577921961463808
1521535192363679744
1521528931110772736
1520928051525267456
1520057799891460096
1520057789372063746
1520057778806607873
1520057769399025666
1519751245245947906
1518995371141349379
1518045221262606339
1517612529538813957
1517612520466485250
1517612516188250112
1517612505392201734
1517607019884261376
1517567671260393477
1517567659256258566
1517519665920188417
1517511647690211330
1517136857267458049
1517136780675321858
1517123115364536320
1516956320812785664
1516956123328397312
1516955673828884481
1516914546023157760
1516913480829263873
1516910567214116864
1516866926588436482
1516866283874234370
1516865587447803904
1516863493869244416
1516862102845235201
1516860149536862215
1516858436813824001
1516815789206163457
1516814631356055559
1516525490022010886
1516492573120114698
1516490878310928391
1516148101014294529
1516137209757327366
1514628932334727172
1513606746551558150
1513605735984336897
1513545979445882881
1512945001440944130
1512519064454930435
1512271677496909830
1512254082509070337
1512201717093445636
1512201715721936899
1512148230246707200
1512114237061087232
1512113702488662020
1512096752811352066
1512096736076079104
1512088646765056011
1512073717492322317
1512073354760519698
1511459324119429120
1511459309481345034
1511459307560312833
1511459305597415432
1511459303688966156
1511425179154534403
1511359162235731975
1511129938488922112
1511129937478041611
1511107444679839745
1511013813918871563
1511013810781540360
1510991766782201857
1510991420584349698
1510694761698508806
1510694496249462795
1510694072775688193
1509552839240007685
1509552805056499717
1508893615464067077
1508873607707086856
1508871985895510027
1508809523896672262
1508151056290791436
1507803966154936326
1507803965316116491
1507803963428589576
1507427414846099458
1507388986767069187
1507388984237994000
1507388981591384065
1507176326591045632
1506999999200174085
1506802797899137027
1506800100349259779
1506796467444490241
1506752221664452610
1506752219571445767
1506752217512091655
1506752212185366529
1506735329201594373
1506718107326369793
1506717965475102728
1506713722768830466
1506699767275036673
1506697340228452360
1506697330468302856
1506694597417836545
1506688947006722050
1506681751984390146
1506672947649470470
1506672192444145667
1506656281096077327
1506655854896074764
1506655847371399169
1506655839838420997
1506655833215668225
1506655826022383622
1506655818665578498
1506655810520326145
1506655800315551751
1506655794279845889
1506655784150749185
1506655776449961997
1506655496564101120
1506655430596038662
1506654817892151311
1506654578632179714
1506653029470285833
1506652960922738699
1506652910058360837
1506615277240397824
1506416433588224007
1506416399773835265
1506348109336817664
1506300069213093897
1506297142620700685
1506287339894628355
1506274097927438340
1506273742414127114
1506273562814038033
1506263041519890438
1506019984300023816
1506019778108223490
1506018367173705729
1505961543871180805
1505953603558821888
1505953487548567553
1505938406349672452
1505938403803684872
1504883026832109569
1504572917102821379
1504498331971637258
1504462914992107521
1504243194434928642
1503841980299857927
1503824147155243008
1503815742957015042
1503811262903250946
1503809302217170945
1503809155357822982
1503808961534849025
1503808211635216385
1503507170050117640
1503468459182596096
1503450017503191045
1503435110359597057
1502749440469315592
1502406992278654978
1502406823432753152
1502405998589317120
1502392957747576833
1502382258682011651
1502301578405031938
1502273123755958278
1502173066591232002
1502111493130620930
1502110897459793921
1501970320403611657
1501594687089655809
1501572186305404931
1501572175232393221
1501572164914401282
1501572155045199873
1501572145842999299
1501301885428383747
1500171046502256643
1499870875817963520
1499492868322476032
1499478710214406147
1499478670414647304
1499420890613919748
1499413677442678785
1499409973121404929
1499407424314171392
1499040242883600385
1498982178562191362
1498878121973530633
1498876347267043328
1498801754539970564
1498522623445291009
1498455855410253827
1498415870196002826
1498042208515100673
1497950565053001731
1497241541487652866
1497241338781356050
1497000598419378189
1496958795720892418
1496954707105153027
1496952185623506961
1496852636598865928
1496832435568648198
1496616067468124163
1496615524368666624
1496613756490629123
1496604355163795458
1496410315558428672
1496150028032909322
1496126974003142658
1496023276711444485
1496002906679803905
1495531054572179463
1495066012298801153
1494497679858016256
1494438900055490563
1494430514240897037
1494430222858403841
1494426280464314379
1494426198042046464
1494425827106189330
1494425773679144960
1494418221734129674
1494400967747457026
1494400965033738244
1494400959413424131
1494400950697668614
1494387888628256783
1494380977602252821
1494074515747450882
1493677475171381250
1493670671884247040
1493669486003507200
1493646284808499201
1493260601556373505
1492237996942258176
1491903750289588234
1491903240287387649
1491889532203008003
1491540825662181379
1491540823527374852
1491540821346328576
1491540818225684488
