1534532718817685506
1533941322587033604
1533888182500081664
1533888176280023042
1533888170563194880
1533888166347821056
1532136233664532481
1532136222725787648
1532136212366229509
1532126322377388032
1531410051155435520
1531409595339419648
1531409592315351041
1529165950431395841
1528011054973952002
1526953797779705859
1526953795724496897
1526648955186061312
1526276103781896195
1526276102796328963
1526276101689024515
1526276100183179265
1525202179858092033
1525202178536775682
1524068578550501379
1524068576843468806
1519678681282662403
1519678680045428742
1519022174836862985
1518939608725307392
1517156689161633792
1516910642724323328
1516910637229744133
1516582160764968962
1516582158726488078
1516516855791374338
1516516853379739656
1516516851131551744
1515075952660865026
1514975817985626123
1514300492515614727
1512130416492355587
1512130415355695109
1512130413887696903
1511729229679017985
1511729228450045954
1511729224448724996
1511729214185160705
1510990966139801606
1509959407655952389
1509959406477357065
1509648886721355779
1509648885823717377
1509648882279583744
1509262958563631107
1508860296542236680
1508552895846920194
1508552894278209536
1507800050394566656
1507425099783225347
1507368745353854979
1507052013221302278
1506397875634274304
1505976820142907393
1505976666018963458
1505919101281185799
1505919095706894339
1505919089725820936
1504887607729303552
1503813264051998729
1502357043809816576
1500879212269428746
1499469748362522624
1499469745527169024
1498868937769033732
1498786374203367434
1498466388733743105
1498466387420975105
1498387212089577472
1496956358985347091
1496956358016462857
1496956356619759620
1496226052116471809
1496226050937962496
1493997233842364418
1493657023430463490
1493657021815693319
1492608266538475523
1491891163393110019
1491843669976129542
1491809871083233281
1491809869875367937
1491809868692525056
