1534602422060044292
1534588695982092288
1534584146827288577
1534550819357347840
1534542494649798657
1534354524768329728
1534339430365929472
1534322394835435522
1534276016532860929
1534271477746487301
1534266201039413253
1534265957492957187
1534262897211281409
1534254966998814722
1534239325247967232
1534217915515412481
1534209948531433475
1534192350267850754
1532777063647612928
1532605871812902912
1532447030462713856
1532430757011988480
1532399831867482116
1532165099485552642
1532155572547514369
1532091332256092160
1532075807060860928
1531780895283085312
1531768811912712192
1531742318625177605
1531733667042582528
1531678299067297793
1531404320402354176
1531066609527410695
1531057634282901504
1530624181527728128
1530212996999368705
1529298250255290368
1529298248661446656
1529205829567623168
1528447435802124288
1528447374108114946
1528179635799961600
1528179416135831552
1527651789717311488
1527366291585175553
1527280414603223041
1527137362282684416
1527120273400598528
1527113555589341185
1527111249837932549
1527108967599570945
1527108039706394624
1527067035792023557
1527058464823967746
1527055380433469441
1527025336608768001
1527015303036780545
1527013413968297985
1526999948264349696
1526998857753759745
1526991003512610817
1526957181060497408
1526953816968527873
1526769986068520960
1526758749385502720
1526743597911093248
1526736632417767424
1526693572027744258
1526642538744012800
1526642511489515521
1526628773998772224
1526628733305626624
1526617712994226178
1526617431380197381
1526600242409484291
1526600180698587137
1526352688081936386
1526336698166173696
1526329751845187588
1526329143834685443
1526305744051744770
1526305738318135296
1526280840283553800
1525906357634752512
1525859800810242049
1525844701315743755
1525815762237067264
1525213857920299008
1525205661474336770
1525200552459632640
1525200550811381763
1525190116490326017
1525190114951176192
1525181419894493193
1525174288164192256
1525123311499464704
1524838773875429393
1524833050919587846
1524820884774592512
1524806002087976960
1524778951733813248
1524775153758003203
1524772045023858688
1524768674552463360
1524589658411343873
1524512478176198656
1524512476615909377
1524493176517582848
1524466117460123648
1524408175524462594
1524386859324948484
1524380307373318147
1524218029030223872
1524175217618300928
1524163512901287937
1524027683050602497
1523868095567306753
1523792428569817088
1523785385909751808
1523770610182422528
1523770512165376000
1523728021186019328
1523428758992351232
1523428754684772353
1522714404671926274
1522712369910226946
1522712232806780929
1522705265639886848
1522684689877803008
1522681821754019847
1522681806071468034
1522681782365270022
1522681612353380352
1522681608473616389
1522657449508888576
1522653190319218688
1522629768675577857
1522625711789465601
1522618442402058241
1522608376458358784
1522601912947855360
1522601342522560514
1522374173099806723
1522299529500020736
1522291699321561088
1522291636423872513
1522288149636030465
1522286960869527552
1522262943756439554
1522249449262698499
1522222081622134784
1522213512210124801
1522201871829680136
1521996142501933056
1521975744716546055
1521945311375208448
1521931231084036102
1521931217888845831
1521886627638956033
1521886626472988675
1521886624883392513
1521829496550088704
1521629426059866112
1521591135902253057
1521591134639861761
1521582798817173506
1521569027629346816
1521539967176085508
1521195316220874753
1521165119421526017
1520863126396100608
1520849479968174086
1520849447227428864
1520455440944881664
1520444115225387009
1520162375231586307
1520146999726817281
1520144433664172034
1520144050116083713
1520120374821859329
1520105819341312000
1520102638624419842
1520071581673967616
1520071293361692673
1520070816037314560
1520069191876976640
1520069153939415041
1520041260374966273
1520032657786167296
1519880673993150466
1519879950328901632
1519868766678568962
1519868764724113411
1519862619779354629
1519828818864738305
1519810927473967105
1519768414314582017
1519763544706854913
1519755830110961664
1519748820422340610
1519731516531740672
1519728079555674112
1519725431984959491
1519690783984701446
1519684276551311360
1519536710526382081
1519494957916114947
1519474226654285826
1519441330178560000
1519434687323811840
1519432142840901646
1519409794670645249
1519409793047351305
1519404766991765504
1519384643400830978
1519135360491655173
1519083243470995461
1519007682639937537
1518688449091575808
1518688447489261573
1517616973236117506
1517607986025443328
1517578784744087553
1517578779228524547
1517577173086912514
1517243482947166208
1517227375502807040
1517203601655009280
1517190123334651908
1516863688749240321
1516861318472495104
1516861215938686980
1516857316573913091
1516857312266358788
1516857158113144839
1516847533271789571
1516847459628195843
1516840517262319619
1516517309745086470
1516488806098251787
1516488803434778630
1516472948390912003
1516463391795200001
1516463058109050886
1516462128781307910
1516419928794017810
1516194491043966977
1516193494582190081
1516156569863528452
1516156410291269652
1516152085787545603
1516146027333574658
1516146025756508169
1516129437099646994
1516119384024096769
1516115857193283592
1515792909118885888
1515792856300105730
1515351814073421838
1515088011553353729
1515042273947525126
1515012076284096518
1515008297748869132
1515004522740867072
1514993610101596161
1514959594614837262
1514759517694738433
1514703406488866832
1514703400126013442
1514669164761255939
1514669146314846211
1514649490053124100
1514640375255867399
1514349878436057093
1514333897982676998
1514319699907158024
1513996230262546435
1513942266942951428
1513606893842800640
1513313379707936777
1513298279408320516
1513283504951500800
1512508382942535683
1512494231377485829
1512478756325441540
1512431824873705472
1512411184250556419
1512262267018088452
1512226216228519937
1512215216888508423
1512122637543219210
1512100757054627843
1512094531319214084
1512067900625997837
1511894197749567488
1511891709017444357
1511810987950632961
1511780199616159746
1511737067063201797
1511711812768649216
1511460651939598336
1511459311989440512
1511427120555335688
1511421591183405061
1511169536292179971
1511161703945306116
1511101303006539776
1511069418784178185
1511048855084843011
1511048852941459468
1511037538005393422
1511034971129061383
1511034525794676743
1510414276032229376
1510395401664352260
1509959141183340545
1509959134912856069
1509904668821966851
1509900511872524294
1509720357237837824
1509655646068748293
1509648006789971973
1509628328768069635
1509619343222583306
1509611178506473475
1509606289382559744
1509290218498756622
1509278438686924809
1509278437055381521
1509272637528236036
1509253871058755595
1509250914456154118
1509216048733724672
1509216047429206032
1509178602352435200
1509178281270165512
1508905455724245003
1508905454579109895
1508905452255522817
1508894951211474946
1508894949676355589
1507429018458599430
1507429017409970179
1507429014369153026
1507377575827591179
1507132377675739136
1507125352019247105
1507073684753858571
1507073606043508736
1506738729305653250
1506428011532328962
1506374751748513796
1506001575977836545
1505926540877451265
1505589997356806148
1505331894895919108
1505331893616750597
1505238924318359552
1504940717356986368
1504918062008569857
1504816138726825985
1504797266846101507
1504623625957163010
1504580739320406016
1504556930726969366
1504525120664186890
1504519579082579972
1504492051550855169
1504239803247869952
1504193285690064897
1504161442563559428
1504161110181785607
1504122295257817092
1504080041453371393
1503872822938058758
1503872812167188486
1503869246509662209
1503842563295375360
1503806753884016642
1503795664706285572
1503538009551081472
1503443437315665933
1503443237381550089
1503434534909579265
1502347400991715330
1502340937703469065
1502339280395542529
1502297269583986688
1502026907768049673
1502025195464409095
1502023563217448962
1502023561887854596
1502023560310800397
1502023559018958849
1502023557756465157
1502023556557045762
1502023555181068297
1502023553474084871
1502023552056311809
1502023550856802316
1502023548612878337
1501987296773611523
1501943460063891472
1501913263826771972
1501786064557682688
1501777366070095874
1501773256986185731
1501766135317995520
1501635178673836032
1501612973789429768
1501602598977159173
1501596019317948421
1501595902615633933
1501580229319577603
1501324667533017091
1501244578464157704
1501244526937219079
1501219371355717633
1501022391761346561
1501022122587607050
1501022079839346695
1501019615123673098
1501015451790458880
1500895361983991815
1500887581038452741
1500887578140188675
1500879605649002496
1500871988520357889
1500852067145027596
1500851418751774720
1499905994402541571
1499846612486881280
1499846390557650954
1499822448732160011
1499520871530180613
1499492886336917505
1499467142613254160
1499417190231064582
1499417174024327172
1499417028314214404
1499402970596712450
1499399423016587265
1499399414544146436
1499396547259240457
1499127405008470016
1499070778352054279
1499059024091914241
1499059022410006534
1498857238483587076
1498856446490034179
1498855139070910470
1498855015347281922
1498853253991309319
1498851631290535939
1498851477401518083
1498848623802695689
1498847772572848128
1498846548876218368
1498843594702086148
1498843238190530570
1498825898971312128
1498820176892108801
1498820174564233216
1498814090252369921
1498807994565357570
1498769504301727746
1498725838606548993
1498667949892194308
1498654416290865154
1498486619543908352
1498401698452234248
1498400489632849929
1498400488559099908
1497356988560199682
1497337986006106112
1497253599965061131
1497241880232439810
1497241582692708356
1497036124900020226
1497005925793771523
1496987050813190146
1496951394410311682
1496926652772732932
1496628437720702976
1496620896768954368
1496598239163809795
1496551211704758274
1496550307907743746
1496534066627289098
1496529338614923267
1495918761693499395
1495888566160969731
1494814238572961797
1494771148680318977
1494770600761516042
1494520094843711489
1494520086069235714
1494505540239642643
1494443974634971137
1494439290604081165
1494429651032281090
1494335882098200582
1494319043712630786
1494144577883672583
1494133246241636352
1494120327219138569
1494056345838010372
1494013469393403910
1494013389974257670
1493666867642253329
1493418924423229447
1493303225897861124
1493303157337821187
1493279711014928385
1493246533856288771
1492617298355568650
1492311792831373312
1492228958368280589
1491837057894858753
1491834329965764616
1491810995798478855
1491590101452918784
1491586451217211396
1491533606111657989
