1534663172904329219
1534660934983098369
1534660913860644867
1534654119490818048
1534654115548221441
1534644434737893377
1534633203826409473
1534616939024220162
1534605999457419265
1534562555632435200
1534555468235939843
1534520140385116161
1534288569778458628
1534260251792445445
1534254365124476928
1534237271226040321
1534212589495910400
1534177563563769858
1534173873943486465
1533923288321343488
1533897792434880512
1532825473121718272
1532818213658103809
1532810161626161152
1532810158409129986
1532797425257259008
1532797423810228227
1532797421302030344
1532529825402986502
1532490894053629952
1532490889989443590
1532474936626929673
1532474934592667648
1532173701885599748
1532134213582999556
1532127276900536321
1532107319567433729
1532107313812840448
1532084862559174659
1532074135496839168
1532068630896074753
1532068626630856705
1532068623698649088
1532068618430599169
1532012257160331265
1531718931492261888
1531659907082207233
1531271468348219393
1530659639788027908
1530266141523951616
1530254845487239172
1530197867079602176
1530193457175842818
1530189562882011137
1529870879739584516
1529843337301315584
1529843328740638720
1529843311946735616
1529843302857580546
1529841428582518788
1529825378029645825
1529605404434608129
1529605402954018816
1529605401074876416
1529575642953568259
1529556337323036672
1529524526819774464
1529494184918495234
1529494164077002752
1529494143126364161
1529480935179268099
1529480873275445248
1529220317289549824
1529220315401703424
1529193965399982081
1529167625590546432
1529165686240694273
1529106482058661894
1528855285162463239
1528846308764786691
1528766172199534594
1528736800683982851
1528732764077449216
1527747108241035267
1527724314157522944
1527678605689556994
1527668639645986817
1527386388403867672
1527386385807818756
1527363685467181056
1527310943964626944
1527292977449537537
1527275983631306753
1527103811780849664
1527069524603846657
1527069523249070086
1527022653277708288
1527001223597068292
1526971678743461891
1526967410724683779
1526936364167618561
1526929873268244481
1526917254247489539
1526698099208601600
1526645539760181249
1526645535943315462
1526626174058758144
1526616122648322048
1526601674604806144
1526583674312982531
1526355840676003841
1526355839564521473
1526355748300677121
1526347514202542081
1526315820300783616
1526304973922914306
1526299862999834624
1526292413265887235
1526283624827473920
1526264051386417152
1526229002133852161
1525968017766727682
1525854210255880194
1525854208628604928
1525854206602641409
1525262134787055616
1525262133147193352
1525262131557449728
1525262129443573761
1525261719370702848
1525235905879060484
1525177006895374337
1525162604682936322
1525106803704573959
1524846083901378587
1524760196127596544
1524751076116729856
1524561488010268675
1524561484268855297
1524526842581065729
1524488481954803714
1524488478905573378
1524481748045860866
1524455977839378439
1524444166410977280
1524403672821682180
1524388956305043456
1524377815675772928
1524188923085393920
1524166977723539458
1524135238946988044
1524046723911401473
1524043498684620802
1524013448996261889
1523810095276359680
1523810092964933633
1523773409385410560
1523741212720734210
1523687561138348033
1523644313816961025
1523422187712966658
1523403595433275392
1522682901158146054
1522682899501301760
1522682897605480453
1522640630194782210
1522640625891528706
1522627031359492096
1522625707288977414
1522614747627245568
1522580078877716480
1522324391828373507
1522297295458480129
1522261531269877762
1522241506106556416
1522213158969954308
1521980246911766530
1521895206035066881
1521861435839680513
1521847957418561538
1521648775080648705
1521625236659224582
1521617781241880586
1521617712144863234
1521603922472976388
1521592823082008579
1521579148606676993
1521531131442700288
1521517151068295169
1521496927275294720
1521212328024453120
1521175108022321156
1521163684885798913
1520861014560026626
1520138067536977924
1520101863009497088
1520101859528216577
1520092270598492160
1519802510021648388
1519785170332696581
1519773691302883330
1519739778090024961
1519739775519014912
1519726011792998400
1519714883880763392
1519673324401565701
1519489150935777281
1519477054370111489
1519423817386442753
1519418960839692288
1519391805204307969
1519371989840023558
1519362944261312512
1519323992565469185
1519323990933786631
1519323841046138881
1519311931223547905
1519308156819628033
1519132358649303042
1519132354673057792
1519092731276148736
1519076203314954241
1518999299417325571
1518970494355136514
1518964429269970945
1518953214435024902
1518719161295421440
1518703741117030400
1518681288890359808
1518668547769126914
1518650479940616192
1518650478195843075
1517611357432160257
1517611256630452232
1517611252939472910
1517560959912534017
1517516984698777600
1517516972979892225
1517516934979497985
1517235157618540544
1517224295050756096
1517178796121767938
1517172941510823941
1516844118474989580
1516844116310740993
1516825241087094791
1516526810556776449
1516510139393658883
1516478815739949062
1516478810333630472
1516426529365975056
1516426527382114304
1516069184014327813
1515722866888785923
1515104068686991364
1514308780867133449
1514308778878984192
1514290389670313990
1513967558512324615
1513959940121153547
1513944416658018316
1513897448443416578
1513884405533663247
1513879866546036742
1513599733050355723
1513599730714034178
1513599728403034114
1513599725525782528
1513511618403045381
1512825074004463621
1512544136234250248
1512457507318476805
1512457505372352519
1512457503359090691
1512457500993404932
1512457498292326408
1512435227251167240
1512435217637810180
1512415006725451790
1512134888367038474
1512131202173526019
1512126572303691785
1512117966757900291
1512113614676766725
1512094950648864770
1512084328074801156
1512083533363220481
1512069953549058071
1511760188633763847
1511755295739060231
1511714633773682695
1511700140981198857
1511485608853753864
1511470638829031424
1511455359730335755
1511452769156317188
1511415239702626307
1511122392449536002
1511114709440868357
1511091906377396236
1511091903948804105
1511077231283613704
1511045811500634112
1511018144445485066
1511007029019791360
1510983890797842441
1510976322675355664
1510961564131733504
1510279048072769540
1510001382451040262
1509998061967323140
1509977490177073166
1509966886750109700
1509961426047324160
1509935183860015111
1509935182303928371
1509617482641731587
1509617393886244865
1509602721724342276
1509599884302864395
1509549757622018049
1509536676472840196
1509536674627399686
1509536672001794050
1509501098436014082
1509304647634329612
1509281715772137484
1509209778215702530
1509190239620841476
1509157191357550593
1509157190061461507
1508946346438541319
1508941201084399618
1508934671106818056
1508906023775571970
1508828911190388743
1508590441234583558
1508590438290059268
1508573476109668356
1508544058553249797
1508541077246066689
1508530170424135681
1508186068411195394
1507470049157783558
1507466257221660674
1507462686971367426
1507350250700353551
1507029207813140481
1507017187508162573
1506985254724194304
1506812421452840962
1506773045830107139
1506770844814561285
1506770766725066757
1506762236701855745
1506749626573021196
1506735251426578436
1506712337406996485
1506711609040941057
1506637366324301831
1506634861066530820
1506634758637424650
1506627758516023306
1506627689570045959
1506621554658095114
1506465253730791427
1506454879405027331
1506423277794869250
1506423263118909443
1506379245563568128
1506379204186812417
1506375589858529283
1506375187138289683
1506368499639275525
1506365685923995649
1506357446654242822
1506357424596344838
1506357419802247171
1506357415532498950
1506357396670750726
1506351343283458051
1506351338279604235
1506351332965371904
1506348835035099151
1506338278777184256
1506330803520815107
1506330706980610054
1506327738809991168
1506325044183674883
1506317383123841028
1506317364157104132
1506317351054159872
1506287190220972043
1506258908859535373
1506253981315698695
1506235791693029382
1506081295159504900
1506060426232086530
1506060418527158275
1506026554291326985
1505993790326247427
1505990921015418881
1505958832769544195
1505947875037040640
1505947866770161664
1505945158705164288
1505943742888521730
1505943735556837377
1505943724035084288
1505943716774748167
1505943705299165186
1505943696897892360
1505943690933645317
1505937078667862022
1505921138974679040
1505904813409812481
1505401901847883776
1504942931685298178
1504932333329293312
1504893367108390915
1504881264003846149
1504881206978129926
1504616681854971906
1504582666062028805
1504548575518367748
1504528522274127880
1504519007436685313
1504515185264009229
1504503518580944901
1504467427186262022
1504467423830892544
1504260321724276744
1504226846258479105
1504209691592777728
1504194724491636741
1504163116883582983
1504139323641372682
1504114720462286848
1504106795983376391
1503840834457944072
1503819225638613007
1503798258757419014
1503783131249324038
1503768008061247492
1503746502669262850
1503729093313019908
1503724425593737233
1503527714145320960
1503516788679708676
1503489817031622667
1503485319278215174
1503462891369996293
1503447242115534850
1503440525189435394
1503420186094940160
1503406776447913989
1503403143316619267
1503387198422454273
1503372030674149382
1503171362009104386
1503158734478053376
1503123495332552710
1502420003345567747
1502395072683331596
1502395068677828608
1502392223425515531
1502367367858372608
1502367365790674953
1502367363538239493
1502347707687571459
1502336557688229904
1502127419217657861
1502123687352455170
1502123685293006851
1502060118019649553
1502047375141056515
1502047348322713601
1502026729753296896
1501986539106193408
1501982639196155904
1501976821595881482
1501950460080492549
1501931680277442562
1501930104297074690
1501748546323853314
1501724409706471426
1501685993916841991
1501671213302755334
1501631219502665739
1501629326307041281
1501629324964814853
1501580874701283329
1501580857596948480
1501571682884108303
1501358040372625409
1501358039248642048
1501339799499812871
1501336447634354177
1501314931836301315
1501287183696769029
1501281383842414592
1501250879260876806
1501249293319131152
1501222429984624642
1501211989401554949
1501211007833808907
1501023688459796485
1500990296225681410
1500976468037447681
1500930127466745858
1500883745443880961
1500832497684422657
1500543900271976449
1500514087284924421
1500498984246333441
1500498982174400515
1500229666346438656
1500227152813469703
1500190818925219846
1500190817297838081
1499925992378413061
1499851997612290051
1499842911902605313
1499835821679165446
1499835817719652355
1499830215362727944
1499828457710231560
1499801561534545921
1499801559093456899
1499783330962759689
1499783290986938371
1499760773291253764
1499739307199848453
1499577849484824595
1499577844279693312
1499463207378993160
1499462451733086212
1499456150999388167
1499443449921220614
1499431844009459719
1499425238613958657
1499399840777703430
1499390667814014980
1499143993338310659
1499140688495140869
1499135810595131393
1499110890989359106
1499092143859814407
1499078097618022400
1499042224671182850
1498869369979518978
1498865779349065731
1498865777428029442
1498865775888814083
1498865774257180672
1498865772046675968
1498852045553651721
1498797262260117511
1498797260594991108
1498787637926281224
1498774701816131584
1498764281021710339
1498726069456842755
1498701969707474948
1498701966767177731
1498691998387159042
1498665282080067590
1498665280372985864
1498646450095501315
1498485276007616518
1498464485597667334
1498443576350588928
1498443574576398341
1498429065241534464
1498411470568267776
1498386629647638531
1498386627458129933
1498374578950836227
1498365698900430850
1498338026044407820
1498320908682989570
1498301028273381378
1498077890310770690
1498042439017373715
1498027153329467395
1498013773835165698
1497983784741789698
1497977726807982086
1497926058145988608
1497722660264067072
1497629290447491073
1497609860707454976
1497598969161170964
1497351103482056711
1497351101242347520
1497351098482532357
1497351094195965953
1497339452301135879
1497304899410923522
1497262447446605834
1497253150570463235
1497232230808100865
1497232227083685891
1497232224579690498
1497036280483483652
1497024212942221312
1496963755456200704
1496932851840962565
1496897121563328517
1496886234320232448
1496854347304603650
1496707484513415169
1496703791026081797
1496702664557699072
1496702663022583810
1496591130749714441
1496580797624635395
1496554187609591816
1496514738758500353
1496476685365137412
1496240194215112704
1496196402162155524
1496196396910792707
1496177166018654215
1495858821725626373
1495549100833619968
1495111102572679172
1495111101108957188
1495079896917458952
1494776797225000967
1494718094228525063
1494485046429986838
1494477253157212166
1494421845696815104
1494420124585144325
1494369604126355463
1494355959636021254
1494339635832516612
1494095446112886784
1494054572318408710
1494035836312207368
1493981623515332609
1493970629887987717
1493742771756097539
1493732800486281217
1493721253965963265
1493712969846472706
1493689785872965637
1493675931109675017
1493675929272471560
1493671731759886345
1493614076043440132
1493338628973633538
1493317386887438341
1493307095134965762
1493307093654384647
1493271954631049219
1493271953293156363
1492667363665268742
1492667275652083713
1492525541777367047
1492276443828703236
1492249628904935430
1492249623586643969
1492249070206869514
1492217228657364994
1491919665823637504
1491919664309547009
1491919662401081346
1491884747739512839
1491880843710808068
1491874179775401987
1491868021715001344
1491863342029447171
1491851901280960512
1491842199411216387
1491812204798218243
1491803776725966849
1491571248001916937
1491566332327907328
1491554514209550337
1491535758238404614
