1534605529510723584
1528836146586959881
1527089691501150210
1526906166609068038
1525967663209627653
1525504695997022212
1525211921284218880
1525208882003451904
1524529923708358656
1522605888724422656
1522605246039695360
1522604389197926405
1522582024464314368
1522228539961098241
1522228452270739456
1521927131634282497
1521905255641980931
1521901690798198784
1521875003905650694
1521874637117927425
1521856800194183169
1521214777812525058
1521176757579264000
1521176072330612744
1521125338440421381
1520961133074853888
1520048098751520770
1519759194072756225
1519744916620034048
1519731612593840128
1519728528903876610
1519689261469032449
1519400833552691200
1519392091331252224
1519392050516475906
1519391538631032833
1519372252306972673
1519371094880362498
1519341811248119808
1519326350947061761
1519296090599743488
1519007169676558339
1519006586689265666
1519004902382616576
1519004459346673664
1518968879640371201
1518729914069000192
1518729792920633346
1518674557510598666
1518672561613254656
1518609854386118658
1518597812132397057
1517585924481339396
1517585786555805705
1517564350533414914
1517548327226822656
1517247936664584192
1517244401155772417
1517244137120088065
1517240566743982080
1517190114547535872
1517184491021750280
1517141693828530176
1517125344918134784
1517125251787857920
1516776175980404737
1516759578591043596
1516511164775157767
1516413646951403524
1516413580685586439
1516413474187927552
1516140723896266754
1515825479550488580
1514997518949654528
1514992507985276938
1514992481716346889
1514957996497027075
1514957910555643907
1514957858646994946
1514738394093572097
1514702911791677447
1514702707923292162
1514702605880070148
1514702573189705737
1514702543070314500
1514695372869935118
1514687724074246155
1514647809240313859
1514628523054485511
1514608852204875787
1514603771661221905
1514325654581432320
1514285511921344519
1514285455692472323
1514239870604038146
1514239476851171330
1514237559374819331
1514237518400696323
1513979086934269956
1513942808205406216
1513930383607410695
1513913245018595338
1513655834437427212
1513655819648348160
1513655774542766085
1513655757761302537
1513511376479731721
1513136799534755845
1512567030582493187
1512111837038448645
1512111675494875136
1511720177045549059
1511686953623867392
1511442412949934092
1511430394612269071
1511422504702726146
1511364396932640770
1511066745884262400
1509915170465792017
1509915045676916746
1509909096736215042
1509275412655919108
1509261533066534917
1509215538278539265
1509215499078574090
1508894311026409472
1508528787146870787
1508528204381921284
1508473445209808902
1508470137892089871
1507343127236984838
1507158257244254208
1506727654174736385
1506727220215263232
1506726984545669133
1506672188153384963
1506612354171248642
1506612293408280578
1506612170536243202
1506433848648908806
1506305288336556039
1506305240144003096
1506295569123315726
1506261916188090372
1506090718254841857
1506069303237427201
1506069256143884290
1506068920691798018
1506014267291713544
1506014247507357698
1506004884964970517
1505980517631549445
1505968176730882050
1505959948907335682
1505956347258576897
1505935075606679553
1505924328130498560
1505696411282726915
1505607054425300996
1505606998473297922
1505238640712200198
1505032089875402756
1505015851732422661
1505010595027898376
1504942716760768517
1504937886864625673
1504937850005073921
1504906364962938881
1504906315264626690
1504904410052321280
1504904371359911938
1504904107508785152
1504893089483210754
1504873333753581602
1504857664622415884
1504843050710933508
1504838562956591108
1504834526329012230
1504831163084558345
1504831093630984193
1504829657526513670
1504817920660152334
1504138509313097730
1504118959192350722
1504118836773232646
1504118695471239170
1504075007948996612
1503791736702836738
1503790593201393666
1503789650946801670
1503771762688991233
1503770472999276551
1503767720994746368
1503459388513783808
1502330874754383872
1501961514147885062
1501951939390709761
1501947961986543629
1501947933578563595
1501946438812463105
1501945123671666693
1501944896357158920
1501934423712813060
1501934309791260673
1501933165652283399
1501752023909388292
1501751815221780485
1501751770263048193
1501751632631058437
1501751363541348359
1501704091071918083
1501699904661594112
1501698185387032576
1501661918175678474
1501655317775532035
1501614201994887170
1501557242415534081
1501553676481183755
1501312427907944451
1501197853548498950
1500967199430918149
1500928145687515137
1500894983544520704
1500894885439852548
1500883342648135681
1500857400575905794
1500843272826204164
1499828704880517122
1499759846815580170
1499759799881408520
1499490912568754178
1499143771363192836
1499141642221232134
1499140726558531586
1499136498268094473
1499134200250880004
1499064744019480581
1499056181305909253
1499016518474121220
1499015633589219328
1499014972768202753
1498857353613094913
1498857326647914500
1498857304678182913
1498857287942918149
1498853478780878850
1498852313653460995
1498851060651372553
1498850424681545729
1498850050025398272
1498849278646800390
1498829556089769985
1498827784772370432
1498788623499550722
1498777982076440578
1498777602273812485
1498777365438160896
1498777100714713089
1498776112515751940
1498772970529034242
1498728252646600704
1498703893143990276
1498701111494164484
1498699773922222085
1498402271255842822
1498376101273702400
1498375501324423168
1498375490322808832
1498345157174992896
1497290375211454476
1496810987286061058
1496810282311729152
1496806029862047745
1496537216126005251
1496480302394445829
1496191589894529028
1496191534055763976
1496152582611509253
1496105249081380873
1494793854503075844
1494785063543877637
1494777743938301952
1494774659174354947
1494763401637158913
1494760749553668102
1494318540534562822
1494315359532462084
1494054463962861572
1494006237339467777
1493943542347149317
1493682700586303495
1493682476073603072
1493649352706908170
1493649106010525696
1493302199493009416
1493287021384769536
1493285652670132229
1493285400688873482
1492237169053872128
1492224031281590272
1491784619926056968
1491768440729882624
1491547792434765825
1491540356487426055
