1534642890403721223
1534623360084213766
1534564138554359808
1534544142449233921
1534525558431825920
1534232967551262720
1533845400809086984
1532808860334956551
1532807373701713925
1532773859325358081
1532723537995251712
1532579120604930048
1532398106033127425
1531269102882410497
1530210357612011520
1529888999657160704
1529858209745362947
1529814268358565889
1529655603689299968
1529655602271633409
1529655599616622595
1529655598178000896
1529655597108543488
1529655595833470976
1529655594281582592
1529655592616329219
1529543340454293504
1529487704639127552
1529484988080607232
1529449433154322432
1529449432122523650
1529449431048806400
1529449429014568960
1528846808386002947
1528778958040453121
1528118250957070336
1527741941898780678
1527710987704578049
1527390310900191241
1527292241202622464
1527013475142230017
1526994815271018496
1526991303648616451
1526939118831280128
1526938696070602760
1526931594828709889
1526924618921033731
1526629066132135936
1526564008316346370
1526284764826804225
1526228250002866192
1526228243036110848
1526228231376015361
1526228224597958656
1526228214162640896
1526228201764175876
1526199147459665923
1525124888519909377
1524563962163040256
1524472139293806592
1524448003989377026
1524425602522042372
1524389163201855488
1524387443251859457
1524384347654086657
1524126523262910469
1523334462481829888
1522672064771014662
1522670947811176449
1522650548415213571
1522622615780745216
1522618506570866690
1522618505350234112
1522618504058388487
1522618502632382466
1522605567658897408
1522605566450880513
1522605565318467586
1522605562768371712
1522595486494072836
1521950294615207938
1521922752608935936
1521903860117291008
1521881955100418051
1521881952227319811
1521585550792302600
1521585547327819777
1521585546291781632
1521585544500813824
1521541907972825088
1521502258936041473
1521209110183690240
1521186637014876164
1521124332612767745
1521124328326189056
1521124323410550785
1521124316972204033
1521124309753868289
1520418750364889088
1520131065301639170
1520131064118878208
1520131061979750400
1520116757909975040
1519754611036495872
1519754608037478401
1519715638557790208
1519703259304407046
1519685450138542081
1519407304600440835
1519407302368976897
1519395690400657408
1519382359392595968
1519374175923838976
1519374173554061312
1519351765774352387
1519351415352840192
1519304199259004930
1519085671683604480
1519077781879066625
1519062434572554243
1519062432936824834
1519062431057727488
1519032091824082944
1519031766094426114
1518965857648615428
1518965855182364672
1518957997367730177
1518625510028414978
1518625502306709505
1518601801041424386
1518601795622346753
1517555789338132487
1517531614993010688
1517527842053136388
1516551265857290246
1516463334371086352
1516444940057948162
1516433767002517511
1516273960329043975
1516148042717610000
1516137321942425605
1516092895396302854
1516076635535118337
1516076293368029186
1516071040337678336
1516052064966746127
1515021138845446147
1514969229824606218
1514968328984485896
1514955447446478851
1514718565924061189
1513951290669342721
1513614346810703877
1513598182172905472
1513598179798831110
1513511606457716737
1513511605107105794
1513511601932234755
1513247276449337345
1512143429278515201
1512143426212577288
1512143421544280064
1512135202604208130
1512127632271462408
1512111526542561287
1512110769223213058
1512076086418415621
1511804516181725195
1511793387741003777
1511780383402168321
1511780382450065409
1511780380025704452
1511732616193626113
1511715928358195204
1511715926940520451
1511062501307396098
1509999082693181442
1509906125088772103
1509584572262100995
1509566816619749378
1509546586006769674
1509537549999656963
1509255746533433351
1509227384905605126
1509164644702867469
1508899334057775104
1508893347305377794
1508846119001882627
1508845724158550020
1508641546865893377
1508641275490230280
1508540407533219842
1508540399236886538
1508520308952772614
1508515906359631874
1508515905155866634
1508515903998156817
1508515902836383746
1508515901724839941
1508515900042928137
1508509348569530369
1508509258358398997
1508509170131214347
1508492872735240210
1508433358434578436
1507433677130772480
1507361158554177537
1506706321441177609
1506706297357537299
1506706293058375691
1506706287148638212
1506624840249270279
1506624839154610187
1506624836822515716
1506624371187765249
1506471490035798016
1506297877412425743
1506279261807730690
1506007204436004865
1505960216025878528
1505930995266203651
1505691860148359169
1505676677225013249
1505674329614340110
1505674328356052996
1505619012201459714
1505619010678886400
1504930896008425479
1504839391549734936
1504812705558896646
1504573690704506887
1504573685520285702
1504525904336277507
1504498349545857035
1504492581069148162
1504477786362183688
1504455887313936390
1504381002319286279
1504381000754905088
1504380998179594248
1504237532988518407
1504222095173206025
1504215337193164800
1504054409642352641
1503892264820559874
1503884582839537671
1503856757277405190
1503852304893677572
1503852302737813505
1503751372210061317
1503466136259674119
1503466133978034177
1503442152919117830
1503433750658666505
1503433749610041346
1503433748477530123
1503433747349266436
1503433745055072257
1503414235187003402
1503403120126218245
1503384068678983685
1503192508452544517
1503126108409151496
1503105430003802122
1503105428112162821
1502748101777494018
1502680247342354441
1502408273307316228
1502403645857583110
1502344981599637506
1502344979229941764
1502328706718699522
1502328701756887044
1502328696732016645
1501984188882370561
1501658383425982472
1501419073166622720
1501295305039523842
1501294288642007043
1501285503701815310
1501233713526550531
1501233706933043201
1500957089635749901
1500915960445874182
1500876573616050176
1500859706365067271
1500850673725984770
1500850669560942596
1500611349331779588
1499846561207144449
1499846558761857027
1499800986843500544
1499785966910947333
1499785964939628546
1499785962645299209
1499769948150845440
1499769945915371522
1499760663400431616
1499758732212944899
1499758725183295490
1499601847836975106
1499585078007058463
1499523389123407875
1499511874551009285
1499479999044374528
1499478271423127553
1499461462988832791
1499461460895969281
1499452990884884489
1499452988682813446
1499145037682249733
1499077503385841667
1499050994549895178
1498860262316724231
1498814139413762049
1498814137190731778
1498739924132061185
1498415045642010626
1498366381355634689
1498366379044577283
1498366377291395077
1498366375693361152
1498366373461962757
1498355473283792897
1498355471241076741
1498344598883741702
1498330274031181828
1498326846466932736
1498326844805898243
1497314347097415681
1497254371435982851
1497254369795915782
1496911353159766020
1496536970230706184
1496470689427169284
1496470686977728514
1496470685807489029
1496470684301676547
1496470678798839810
1496468127227469825
1496468125881098240
1496468123897282560
1496463116783308801
1496366283088179201
1496242781605486601
1496242779504185351
1496242774420635653
1496123050747736066
1496121806914269189
1495832378874515456
1495808108706340865
1495794315238547457
1495777750589886469
1495546918889529347
1495190269817458694
1495092621194244102
1494752865734348814
1494335014833569793
1494315510145687552
1494314475390119940
1494314472290365440
1494107481588609030
1494095483547103232
1494062929624322054
1494062925455269889
1494062921449623555
1494062919184650242
1494062913975459841
1494062909231620101
1494043598848942089
1493978162304331777
1493705791152562176
1493698587825475595
1493653561191841794
1493653559891669004
1493653557895208967
1493621116262309889
1493617108726468618
1493608995600404497
1493262836608475140
1492555531781033984
1492493836630773762
1492483413080776717
1492200199900610568
1492197668579381266
1492197666033389575
1492169475092848642
1492091620233252881
1492091617481789441
1491897030263853059
1491897027147575300
1491897022273978369
1491887050026622979
1491884721185378304
1491880439576940553
