1534619464750223361
1534553531151163392
1534552578008174593
1534552055607660544
1534235020512075776
1534157980404314112
1533923867500109824
1533899321028009987
1532878508002713600
1532878498494558208
1532851153783861248
1532851076788916225
1532828236773662720
1532796944866652160
1532796934380957696
1532781549644488704
1532776995662090241
1532526645621338112
1532453112606101504
1532420095288303617
1532409829003669509
1532041647772532739
1531691332296749057
1531652485810642946
1531652220562702336
1531244280701853699
1530915866442772482
1530555977514242048
1530213874091311105
1530187722270326785
1529840675935641600
1529602192839172097
1529591137425555459
1529544890178277376
1529504898672476162
1529237427323273221
1529138882410856451
1528767998626078722
1528751102929297408
1528502464047194113
1528051909285797890
1527679657562226688
1527315449964220419
1527078926249508864
1526993146416078849
1526970308732891139
1526950396455014402
1526625108772757511
1526601408576880640
1526384821571821569
1526384819890012160
1526384818401034240
1526250150204780550
1526239402636324869
1525974505939664898
1525919623266418693
1525860193728348160
1525632320958513155
1525570021480714242
1525534862840631296
1525523161370054664
1525522330256035840
1525520301982883840
1525189540104773633
1525144115704434691
1525121725867954176
1525084190600876032
1524840063368056859
1524823829272461313
1524489195334647816
1524485744743563264
1524460858222518272
1524202272732991494
1524127526322425856
1523266117158174720
1522608105670037504
1522608103866445832
1522376506445598722
1522326580957167621
1522303288036761602
1522296912795287552
1522214344485859328
1521872518721814529
1521864606360211460
1521853631477211136
1521838361840955392
1521681535132475393
1521543780419219461
1521535450787295232
1521334339417616387
1521312905341321219
1521312529754071045
1521312243652218880
1521201137189371904
1521196790359498753
1521188322575536131
1521162308847865859
1521147528066084864
1520787194797043713
1520749193773604867
1520748231667466240
1520474944567746563
1520079574436126721
1520050572153561090
1520050367173730306
1519739612343713792
1519739610422812672
1519739608619180036
1519739606081679360
1519739603963588608
1519739602357137412
1519684217604648962
1519679041837707265
1519678953186803712
1519420296293490689
1519420294817009665
1519370026658238464
1519342788646690818
1519039128968568834
1518959597553336323
1518957913565536256
1518699295867912199
1518699135859413000
1518672435377233923
1518667259413245953
1518395726056894464
1518083348802977793
1518080964710305793
1517539441983868929
1517312577763692544
1517205003018113029
1517163874050613249
1516811972544708614
1516801337249382407
1516492836123951109
1516477369061896195
1516428218290610183
1516143966395289601
1516117892953169920
1516064457662812162
1515702332918579207
1515013840400003083
1514284121907941381
1513963727829311494
1513960725294764040
1513891467357564947
1513891465138778115
1513891459027673088
1513607530714386441
1513559817868259332
1513529013540687877
1513529012290785280
1513529010885693441
1513268622449422340
1512850866344181764
1512527380581175303
1512505716673761290
1512447810075074573
1512130179442823177
1512117563798474759
1512099934052487177
1511819625666912257
1511810225531150338
1511704394089349123
1511468284469825538
1511468274583846916
1511468264848695297
1511461605179076616
1511461603929202689
1511461602545053697
1511439992832282633
1511407434962808834
1511367204197089289
1511332652791517185
1511143449755635712
1511143237071040513
1511143233539264518
1511119095395139588
1511093418688135173
1510996249461338120
1510728647333797891
1510655939376037896
1510324525157736448
1509956019232911361
1509950785962004483
1509940703744471042
1509911337836716038
1509910267962048517
1509855595544952836
1509650539742695426
1509640510474010627
1509630476188884993
1509600126137946114
1509586778528825344
1509532984721952771
1509526401585664002
1509273318943305730
1509253863555186692
1509237930879029257
1509201193666502661
1508938950555189252
1508938525386944533
1508916338047463424
1508872527266955266
1508865711057297422
1508836689103532034
1508816090863919108
1508806598260662282
1508539451504537602
1508494340733161484
1508132227414372352
1507805216158232579
1507789623233331206
1507551467594469379
1507533641542516748
1507419848824995844
1507398887203614722
1507370318825988104
1507164851201785856
1507118111706730506
1507024079957671941
1507024078317760512
1507024076820430849
1507024074870071298
1506730407017992207
1506714332595372041
1506661092403126279
1506658676479832066
1506655095378821125
1506625887382523916
1506451160370229252
1506294483327098892
1506284388170010631
1506283880814456832
1506019115990880259
1506019113063563270
1505997635034955781
1505936701109194753
1505925837517959169
1505627075545374724
1505233321231536129
1505043901085892609
1504866255681032201
1504552489495973892
1504531496065019906
1504479556375220228
1504133578086621188
1504094777222086658
1503902139743186948
1503844249778991108
1503844248164212740
1503764718527385605
1503754912055934988
1503484003566899200
1503474962140745728
1503458900301037569
1503457179210289152
1503400640755683336
1503400638444679170
1503372888983932932
1503051776353873921
1502736867917189126
1502369063112220677
1502324881689563147
1502309963103883273
1502309888470536195
1502305816677961735
1502294104851599364
1502294101521309696
1502294099889692673
1502294098300092422
1502294097117208576
1502294094617497603
1502070142267711488
1502048806107590673
1501961280617336833
1501791527953182722
1501791487629172741
1501791277687447554
1501656357480677377
1501596690326949888
1501580341441609733
1501564262338404357
1501339529386639365
1501324219157651462
1501305924660641795
1501273703501295624
1501259167662841863
1501218211689291786
1500957939573604358
1500912248117673988
1500871481839996929
1500618874491965450
1500546973048397829
1500521563959046151
1500504905819336707
1500206259949158400
1500158418149072900
1499880977539256324
1499778494653423620
1499765241592303619
1499517128394821634
1499477606042943493
1499458183915577352
1499418446496518154
1499393815244951552
1499175060560621573
1499081108528447494
1499066159823573006
1498857716244176901
1498856438009114626
1498853714848886791
1498846319493931014
1498839480203104260
1498834262539313155
1498827857744834560
1498734700768210948
1498711933763166213
1498495785842925572
1498486447090933762
1498452046424514564
1498416606464126977
1498416604958314496
1498404502155800579
1498389936852058120
1498382970855596042
1498382772355936264
1498373862840487937
1498355012258443268
1498101387699359746
1497949919830630405
1497679457343082496
1497627552780730371
1497617082124410882
1497331317142212608
1497327521695551491
1497305791459516419
1497302429628452870
1497242765788422153
1497014138437996547
1496976307279781888
1496976305660706821
1496976303068753931
1496971412971606017
1496901187601317895
1496716037412114432
1496582232357707778
1496550016512671750
1496332723782311941
1496332722784067585
1496332721307762689
1496332720057860096
1496332718082306049
1496201493858373639
1495906964789989376
1495906963628204033
1495906961786822670
1495825746010550273
1495819491607027718
1495819489409216516
1495819485307183107
1495819482794758152
1495812234760568843
1495456548478459904
1495179027237285888
1495178645232664576
1495114056419745799
1494844018739589124
1494827213098733572
1494777310985211912
1494777108522016780
1494756465197953024
1494405364439257088
1494357140525490181
1494343629170741251
1494064806181101569
1494008531774853124
1493952349580283913
1493730630022184961
1493683871157792778
1493635971564322820
1493359336604766211
1493340074162937864
1493335479718191106
1493280835344154630
1492960897161121804
1492556896351526912
1492298980528738310
1492233650607435777
1491836989431238656
