1534650762067955719
1534625123612901379
1534505865583239170
1534319666449027073
1534315461474664448
1534199071921127426
1534172082438905856
1534162745905618944
1533964682138198016
1533926600596676608
1533871426427559937
1533448897359757314
1533164552069652481
1532750282542796800
1532750280848187399
1532431173586145308
1532348191823249411
1532115740320579586
1532115738139451406
1532076495128121345
1531803023957282816
1531325899714461696
1530296146458976258
1529941444407853056
1529918108672086020
1529653745591664640
1529577571100377091
1529224409126694913
1528081871044739073
1527420183148740620
1527371911147454467
1526628609347166208
1526565535860903937
1526375374040584193
1526248532805574660
1526194548656988167
1525558755605327873
1525150736098762754
1524850912988217350
1524502200206123010
1524212645733277696
1524128229262565380
1523778973758812162
1523732095482228737
1523730603962626048
1523298406700961798
1522578906896912387
1522319980682952713
1522305500389511169
1522018238569193472
1522003143998902272
1521967176068091906
1521949056129454084
1521939123325612033
1521930742011510787
1521904993434959872
1521897903824023558
1521699114269888512
1521565252684587015
1521526034910302208
1521323828806258688
1521319598754197505
1521318350432784384
1521227653189099528
1520157008166408192
1520038473130029058
1519788987292004352
1519784931261620225
1519784930078863362
1519784928770203648
1519493084534521858
1519448181100228608
1519378483742392323
1519312758881374209
1519045756400906241
1519001872031432704
1518697673880186881
1518553098431700994
1518335228028362753
1517634490436177920
1517607423556694018
1517590385492733955
1517576410046636034
1517540734185869313
1517522250257338370
1517522249103953920
1517486276974452736
1517227496797782018
1517199283912691712
1516798686478876674
1516785100398252040
1516423668502515718
1516423666527092753
1515760125180588033
1515759800868610054
1515005419634270211
1514782716553674757
1514755381075054594
1514740281278709768
1514659307283005452
1514611937421713408
1514359190130761733
1514326082685706249
1514326081087619076
1514312750570352646
1514249551347126276
1513936819720761344
1513886836179013644
1513692172205371395
1513655396199800840
1513596407738994694
1513263070667501570
1512504761458872320
1512192444980412425
1512184106548969478
1512184105403924486
1512184104212738060
1512184103080275969
1512184100148420610
1512135681992232970
1512131846930407431
1512065793214730260
1511814324322553860
1511736660945477635
1511461559133954055
1511395755860410368
1511395754509844487
1511139711347220485
1511015136320008201
1510270834744647683
1509960723002232833
1509920689561780233
1509920618417987596
1509623607550529543
1509611510754074627
1509570719616753665
1509558383774519298
1509541299573170178
1509378992410927108
1509301351049830403
1509231020201160706
1509229134664318989
1509183681671442437
1509173482558574594
1509157807278469125
1508947980363177989
1508916856924614666
1508811568225693707
1508589816216277001
1508512014146195456
1508482431455744009
1508453328711299080
1507818158782091266
1507407772362866689
1507117852909879311
1506754721167679499
1506728191465037825
1506719427911471114
1506708521865392143
1506641581520134148
1506390261680680963
1506375162404425728
1506366765953081349
1506275095811080199
1506268480789696512
1506007367321747459
1505983105772969995
1505979521656410120
1505593516361240576
1505286917184700419
1505264114385494027
1505192134688874499
1504926511119409157
1504833385616887816
1504820502484897800
1504525625926864897
1504524852291674113
1504504682902958087
1504463665487036420
1504445777657184268
1504251324841574405
1504247756696788996
1504197447186325512
1504171513708044294
1504109635694907395
1504102002267197449
1504082999717113865
1503880585483366411
1503852001637060617
1503768122532241413
1503765905679003655
1503553719392219143
1503374965789368320
1502424628211245059
1502411453113982984
1502373391256502273
1502373389994012679
1502305989286051841
1502079135488917510
1502079134507356179
1502079133618163735
1502079132167024640
1502003762059169793
1501973103890599939
1501953012301979650
1501953010712432648
1501908964291846145
1501908963167768577
1501768710498959365
1501733887713718274
1501681127156760577
1501680914849726464
1501643069208285184
1501246370115641351
1501246367624314891
1501235210792448009
1501227857049436166
1500871520171835392
1499909230253555714
1499771833922600965
1499552093316829185
1499495559828316160
1499461122281385986
1499461120637218831
1499461118523330564
1499434739618430985
1499413942497648651
1499138846591696896
1499124370727477248
1499109487021547522
1499097207298920449
1499081897040912386
1499081895602278409
1498889292680253442
1498879954544742401
1498853284119027716
1498850521213456384
1498848487772991491
1498847998230552577
1498846864942280707
1498845374294937608
1498845118702444547
1498843698263736322
1498792499623518208
1498644697841115141
1498496150445436929
1498461550000185344
1498422579668955140
1498388232693817346
1498376541691998208
1498375488720547843
1498318013245784067
1497261160051138566
1497241092256894979
1497203284964253701
1497027614082428928
1496966052944789511
1496859487285788680
1496854803875516418
1496532028623409153
1496517255244435462
1496249426200956930
1496184906032074761
1496184904874434570
1496150986301317122
1495939019523379202
1495882339058077702
1495055778759299073
1494401010747547652
1494340096375484420
1494340093741395983
1494015721965178880
1493994138932547589
1493950915740581893
1493332973994725376
1493314117599473664
1493027963578707971
1493027524879728640
1493022175053238276
1493017393655959555
1493013164627308546
1493008334059974669
1492273777417273346
1491924558949105705
1491823330336329731
1491533501014884362
