1534641573882908680
1534549228042731520
1534191468742688768
1534185379385028609
1534178182638755841
1533873221182885890
1533873219555426304
1532817993616457728
1532805523002761218
1532454143843090438
1532065339881598978
1532041494680444928
1531297632164925440
1530187624165654531
1530187622164926470
1529905688373252101
1529905686909440000
1529507644335071235
1529281675787747332
1529263033406603264
1528804337547452416
1527304219266408448
1527301524442841090
1527075362995331072
1527032034887081985
1527032033322606594
1526926311037579264
1526916489613348866
1526633514447290368
1526030463168659458
1526030461901889538
1525160191095984128
1525130563451031554
1524868490930565120
1524868461574471686
1524497760438964225
1524401385277640709
1524400625441820673
1524400156220833794
1524393740151971846
1524160751958642691
1524160750645915648
1524106557620949000
1522737097538510848
1522670327922364417
1521914620440633346
1521594634144825347
1521522314143272967
1521522312926961664
1521522311223988224
1521522310078992385
1521522308657070082
1521338972299055104
1519316848042385411
1518335211758665728
1518335210596798465
1511332428425613317
1511122203030560769
1511122201726042117
1511122062307475465
1510431137172271111
1509649944344420356
1509649794746261511
1509596626893131788
1509596625278222344
1509162249470066693
1509161606961324038
1508912828085948427
1508871837526237190
1508247643281108996
1507072031124332552
1506677891513397260
1506356827038142472
1506267912058855425
1505589993712111622
1504581108448600068
1504531238765346820
1504476967969574923
1503850906806374406
1503733492412301312
1501959480669573126
1501287338781163526
1501287336818221061
1501255235620245505
1501254490736889861
1501254390992232449
1500952492971941888
1499406568663977984
1499060375966339085
1499037016624926726
1498859770324951040
1498691558350143493
1498338035880148993
1498334907545829386
1497648282276925440
1497318374853984256
1497318373218263040
1497318371477626884
1497233996870258696
1496922322464292867
1496922320950206466
1496919741151256578
1496571418762518531
1496517306406817793
1496517304691183619
1496493902249054216
1496248369425129475
1496192281413574664
1495846543936602113
1495846542074331138
1493677809679712257
1493677808157081607
1493244520263294976
1493244519042666497
