1534300732211576834
1532738338402467841
1531268809100763138
1529517923865444355
1529456906041008129
1529211335833276416
1528032913249411072
1527276977937428484
1527128320009183234
1526952626738315264
1526933947460075520
1526918230283104257
1526713785419018241
1525601684617146368
1525167593979580417
1524521121793650689
1523317073035902976
1522599857231470594
1522586371940098048
1521906580350017537
1521527466728243209
1521522919687471105
1521169824197586946
1519785837264879616
1519688640779149312
1519674583569248257
1519348458657923082
1519308345420693504
1517597890407014401
1517535609878945795
1515713003097927684
1515093434272567298
1514715557492367368
1514637069380947970
1514279166564343811
1513554874788687886
1512161889404530698
1512160960051617792
1511754688248619010
1511453489054027790
1511389095217582082
1511385106019139589
1509583074010484745
1509218344544743424
1509210833439662086
1508869179939639306
1508864607678615553
1508492946357817356
1508429442271657989
1507366634427752450
1507341570122686467
1507111447297470467
1506386519778639874
1506374400014262274
1506024997621407747
1504939627731378183
1504908667870760970
1504862621358608388
1504556550836391942
1504528329919057920
1504123056385630214
1503875437885333512
1503802451010408453
1503796974277087233
1503503183578120194
1503466529488318482
1502394744063803397
1502344970480635909
1502025344785780743
1501933334733017093
1501930684985880576
1501640071614767107
1501631901374849029
1501585085618925581
1501328039464116226
1500967449839161349
1499810593028587521
1499513788156022787
1499443875504705540
1499098170311254018
1499068267398418444
1498766890444992514
1498747688573194242
1498359757299666951
1497372441638838278
1497310957718020098
1496917751117590533
1496916122771378177
1496881026559270920
1496586371556945924
1496583703975366661
1496579884424040448
1496553604030906368
1496227176190033928
1494722938771226629
1494678912110145537
1494375956433317897
1494003766009516035
1493615081330032644
1493346380982722567
1492180345655025670
1491863207333572608
