1534679769220005889
1534534987223126017
1534252079530639360
1534227689132986368
1534209448733986824
1533918703074549761
1533877881192988674
1533853342824550400
1533473972326518784
1533132472254402560
1532853179934818305
1532793780583243783
1532769684407328769
1532730494068170752
1532476148281663500
1532453548159647746
1532410535437815811
1532122819160514562
1532108353157185541
1532093659650437120
1532031045247373314
1531739890584539140
1531670513302622208
1531653857767526400
1531289726648459266
1530229271561641985
1530206794114646016
1530186869811576833
1529604748957126657
1529604194499452931
1529534559242670088
1529521452495654914
1529461458001592321
1529223985938206720
1529191361592938497
1529142515953197056
1529122385856991233
1528869785450483712
1528790418539913217
1528405827702472704
1528386701105762306
1527771698220630025
1527762295295729665
1527722972655628291
1527364970077298688
1527344081696968704
1527333882378346496
1527020203036516355
1526964665116393473
1526946257809416196
1526926121794772992
1526680875542380544
1526636285112229889
1526260863665045504
1526235081819492354
1526222015862030339
1525891509978968064
1525528446197194752
1525528442942496769
1525231819481927682
1525205544650391554
1524849286185467919
1524836277371162638
1524824717491851280
1524494246128066563
1524487862791643137
1524415386531291137
1524388070048550918
1524076902142644226
1523679577293262848
1523317046267817987
1522948114902040576
1522696097415766020
1522682737680961540
1522650338192498690
1522611849023430657
1522596557450891264
1522563832895397890
1522322321092063237
1522314863191724033
1522308147922223109
1522295816823742466
1522282040183435267
1522268051915354116
1522227450817789953
1522205934084370436
1521900713420345344
1521888610294939649
1521885039721697284
1521872731331047424
1521868755130793987
1521847757417459717
1521840745140957184
1521615784916754432
1521597795005829120
1521307941848166400
1521279369204838400
1521264127120924674
1521258288054251522
1521187150422855680
1521184716296183818
1521154695267778560
1521122699493445633
1520807509761527808
1520497471390109699
1520420711491375106
1520117261356441603
1520044688161583104
1519826749890211840
1519788387921760257
1519769608856772608
1519475482567143425
1519445405125300225
1519430699501203459
1519354253416017920
1519341823487090688
1519041038807093250
1518297722331164674
1518257440713756672
1517869399843086338
1517615564725829632
1517568699443695616
1517540917699354624
1517524628167704577
1517512129678655488
1517507005497454594
1517223028115058689
1517178811523207169
1517172923223744514
1516489880972500992
1516085870939545608
1516044122653552646
1515762265370226690
1515679469867995137
1515338221441462277
1515121292013289476
1515054763670441985
1515041089861959699
1515017975442595851
1515013079263690755
1514996167477800962
1514608246153113620
1514273452198354945
1513896859869274117
1513181761903149056
1512853246125170694
1512808612523089924
1512504398248873984
1512445423218270211
1512165660188626948
1512151376977174539
1512151375664275461
1512132538231398403
1512099824056868867
1512091928136925185
1512070030204149766
1512068865269792783
1511859731144585225
1511842668346814467
1511837764148420610
1511779872951218186
1511774827098562561
1511762378463105024
1511738700694228994
1511703995223584770
1511698885953081347
1511498909306269703
1511460943515037696
1511433873560944647
1511391806889549826
1511071643799629825
1511031491870003213
1511013542111105035
1510646305210699779
1510330919223242760
1510308270606622722
1510272450222825476
1510241890683301895
1510062378267852803
1509998183593787397
1509994962733219841
1509932197549121536
1509664919666495491
1509657776888365062
1509631641018372102
1509540064530944000
1509266091280941058
1509265640330256388
1509209917940502542
1509158733234024745
1508928362261135366
1508874630249000971
1508836759307800578
1508576327540031490
1508449715398094848
1508143564055883777
1507720023837581312
1507461811964358661
1507420418705182720
1507384284583182348
1507093243632271367
1507089112666361869
1506778932305088516
1506742191523352579
1506731761258012672
1506721998583570436
1506632372162375680
1506389609344819205
1506381912914411520
1506276788690956293
1506276785440317451
1506013780609847302
1505973436065193987
1505932761667969030
1505638809278459905
1505217282221486080
1504937105482559488
1504934426010165253
1504920028638023685
1504904515476148232
1504642142957973506
1504632549347373057
1504621525139623937
1504566801270812676
1504462340812689412
1504170064152514563
1504095691269943296
1503874181779185668
1503861789758529539
1503822139669069828
1503800621438230540
1503450471343738889
1503449784878866447
1503093362806730763
1503026597057638405
1502729287706853377
1502435542553800706
1502385714151010306
1502352158917861383
1502045072333938693
1502027195618893825
1502018017386971137
1501648002552786945
1501621688424878081
1501610251296124931
1501556067779682310
1501380873324838919
1501369437844344832
1501363452979429377
1501339917263196160
1501303193023631360
1501293720263667712
1501262897250553856
1501189360791830528
1501024227905835009
1500970659958112261
1500962589135806465
1500506743146565633
1500134540454604801
1499896894885093377
1499789813687459841
1499779801888002054
1499762808149450753
1499107120641413124
1499037231453032454
1499026769311059971
1498856537674108928
1498852696626892803
1498848960928178184
1498847697004023810
1498843744451366920
1498828098028150790
1498816935600996356
1498816932002287623
1498816926792966149
1498816917662048257
1498816912448499718
1498453423817207816
1498328222932803584
1498317808941383680
1498294475172548612
1497999451918585860
1497587759598514182
1497265733239291909
1497247674713743393
1496967474297851906
1496862382546685955
1496862381187739653
1496615414004072454
1496594731790442499
1496501734297976842
1496492900619894791
1496462405043429376
1496260649005072384
1496210210012151810
1496122970917552129
1495952652676616194
1495861592424071168
1495465273591271436
1495068348358483970
1495053560672829444
1494808445391826944
1494745915629969413
1494676828203761666
1494396433390354440
1494328185504239625
1494069685872173058
1493966379762044935
1493681663431389195
1493323504330158084
1492521626973310980
1492175777449848838
1492162725820223493
1491931097814515743
1491889451202760711
1491869735784521733
1491779027656495107
1491567861902495747
