1534582243989278720
1534566130274246656
1534517832976932864
1534256066904567808
1534213257572933633
1534185799381655552
1533961426527612928
1533921407645663233
1533863505513721856
1533846882232913920
1533846880639012864
1533830969618223104
1532820054215053312
1532791683292835840
1532717314872954881
1532428610790780930
1532428534739701762
1532414286416465925
1532363009154093056
1532122363550105601
1532038481291235332
1532038479768604678
1531750939673042944
1531728149125292032
1531637730697805826
1531352710749880320
1530982673836978176
1530937221473153024
1530734981571457024
1530734890706079744
1530684768605442054
1530673080913350656
1530612856156303362
1530298210404536320
1530298207955087360
1530269899955654656
1530257828400742401
1530200057781305347
1530200056699277313
1530200054857928704
1529887975127097344
1529851210487975938
1529851208902619136
1529851207170379779
1529804059028357120
1529526024316325888
1529485091759595520
1529228105423929346
1529194998067040262
1528034212640694274
1527755833576144897
1527641186583855106
1527419974377082882
1527403828873596928
1527388495601250304
1527370200202391557
1527369741379088403
1527349354440585217
1527055383184830465
1527037913384484866
1527007313407664129
1526982880236343296
1526982878445375491
1526963845373337600
1526944054570803202
1526720201701605376
1526698837955551232
1526652997958258695
1526574000197054464
1526308268905312257
1526275512728813568
1526259069132021766
1526242863436206080
1525875383521792007
1525488932808314880
1525109367481286659
1524835129188831248
1524835127968337922
1524818281164439552
1524797780396589056
1524777853337968642
1524490909378826240
1524473212347813888
1524461526656204801
1524143547821264896
1523771267102351360
1523678987167301635
1523315619889696770
1522638748256768005
1522341662579576832
1522325492942188545
1522278600325611528
1522260819416797200
1522245438635745286
1522245437444476931
1521956371578634243
1521910926718517248
1521866989463117826
1521488486817275907
1521260291819929601
1521245987771191302
1521181684271489025
1521181682568626178
1521164043398131713
1519722663412781056
1519406898923122692
1519406897073434624
1519365289535688704
1519016730013708292
1518986999251849218
1518723812057092097
1518335681365426181
1517590048878772224
1517557529105952768
1517557386935889920
1517544906901753856
1517526793384869890
1517505462538625024
1517137122989252610
1516890504260071424
1516875828964970497
1516851430870585346
1516814443321053184
1516790546500517888
1516774108951760897
1516550127694934020
1516499213034475520
1516462643791286274
1516427318587179021
1516216446811983878
1516194697525415941
1516121639213096965
1515491089666351106
1515473292735311875
1515456921196654595
1515441687895556096
1515427784369139713
1515404718041821185
1515099354264072193
1515020553555349504
1514992179894448130
1514635323224969219
1514597321639485442
1514302505655537671
1514055041220440064
1514035119157174278
1513977951179603972
1513977834183659522
1513960181813559297
1513892129239711747
1513870953486303234
1513671871442550788
1513628609814036480
1513618555933143040
1513618468003717121
1513562714618036229
1513562536766976001
1513356301572603904
1513267270453104641
1513241800814718979
1513225590114963457
1513155505367048194
1512965094031781895
1512927266371633158
1512866056389365761
1512535082107506690
1512485550384574466
1512485548992065536
1512171693426442246
1512138092873805824
1512097696936431616
1512061760802418693
1511842077511847936
1511820219697680385
1511820218271641601
1511701566293651461
1511421314090815490
1511400181518020614
1510689096867495939
1510267106457264131
1509999847444819968
1509930675008385025
1509930673691373575
1509697429440024576
1509646056946085890
1509614546377453568
1509582318998011905
1509228637362561026
1509228635978452995
1509228634661429260
1509171294155194369
1508844178679099393
1508844131820335107
1507380797384368157
1507380794725179399
1507346684367486976
1507067970828345354
1506743137397624840
1506716750607532043
1506608656170823683
1506402469726801928
1506337158143127556
1506331884313358341
1506281722983374857
1505905977903632384
1505272510668959744
1505184121110228992
1504930884532596737
1504916141503877124
1504811978451214339
1504546006507012110
1504499485094944768
1504457906397360144
1504231238202114049
1504209082164547588
1504178119598555137
1504157894333321217
1504096785354170372
1504095706080022534
1504095207557582853
1503872616557334528
1503830210864562177
1503817405503614977
1503792697605300237
1503792226069065735
1503735664801730565
1503726513773899783
1503726354914705415
1503457326031724546
1503426024981286912
1503137221666213889
1503058040114712578
1502791338680635395
1502722548651511809
1502720277645602819
1502436587359121418
1502369514788294658
1502318444091514884
1502318442623418373
1501956988682579972
1501629855804231680
1501629818382655492
1501582928773775361
1501253152846368773
1501217127797297155
1499836304107913229
1499572746489143296
1499511857958244353
1499487194133708811
1499487192879673350
1499384552728506370
1499384551587684355
1499384550165725190
1499157067717910530
1499136492676997124
1499062659202879499
1499062657944637448
1499045292959801346
1499045292037054467
1498863648726470661
1498863646834888709
1498863645832450049
1498779798956609536
1498758658469122051
1498758656954875904
1498734107970396164
1498734106879967234
1498734105843970048
1498734104443076611
1498703459708805120
1498703458593030147
1498703457578110978
1498462175513518085
1498374008487698437
1498281809313996804
1497715263529267203
1497343388382679041
1497321131828596738
1497304943664975884
1497295511442931712
1496998849851715649
1496998848484372487
1496998722395205637
1496971130376122384
1496919105642840071
1496919100248973316
1496895236869693441
1496623288281227265
1496623042541199362
1496603761329987594
1496579377001377800
1496516606822068227
1496313593406574592
1496288790461431808
1496288577709391878
1496288366446669825
1496181537099943939
1496181504820625411
1496132645822029831
1495827129678045184
1495827128360837125
1495174353624780801
1495174350219059201
1495156655838818305
1495142147716173835
1495076262989025284
1495053596261433345
1494826623375343617
1494810690263166981
1494810586877763584
1494777364970041344
1494698100148998145
1494697904736329730
1494687108820201477
1494673863879315458
1494391101272190977
1494327131593007110
1494312043444420610
1494013161858482179
1493972618851979266
1493960388857241610
1493708084371415040
1493676813859450881
1493639199781707783
1493602062554259462
1493331015263260672
1493284827096829953
1492201396015271937
1492168660831592451
1492151023808376835
1491912005623627779
1491846792195063815
1491804690555752449
1491804689477906432
1491804687581909006
1491804685929365512
1491536502907674624
