1534620492430200834
1534620490404438016
1534620485778014208
1528826532180942849
1527437296454320132
1527062581403328518
1526312848196046854
1522607862194872322
1521563795964968961
1521172732028887040
1519678991875125248
1517513182813855745
1513641390324002818
1513626426913796099
1513626425265373185
1512579885826510850
1512579884069306370
1512088136331018240
1512081256900558860
1508840662854213639
1508834971204653059
1504138098237743106
1504138096530661378
1503549545019543554
1501717417860472833
1501683476914974724
1501648652745555971
1499834482882404352
1498777454344867840
1496606302071664641
1496606300393852928
1494074402346053633
1493698750820364288
1493679310888185859
1492208739960692742
1491878631085379593
1491850186435571715
