1534610930520117248
1532389292982472706
1532050747482726400
1532050742944493569
1532050741296123904
1532050740193071105
1531351537833783296
1529300346329190401
1527728703085608960
1527391363322499073
1527391087790374912
1527390635686338561
1527390506732245026
1527390418547003423
1527390267774468096
1527028148239573001
1527027877056856064
1525256525022957569
1525253552700112896
1524797736528269313
1524498167282216961
1524009235406807040
1521957328098152450
1521636027378679809
1521636025608683521
1520056634634117120
1519785532112449538
1519381116427378699
1519303302021894146
1519303253023985666
1518974075573518338
1518704648701591554
1518676007913504769
1517593428745465856
1517593411611725826
1517579143625547776
1517540706830757889
1517267368250073092
1517264671778164741
1517260274029502466
1517255932807417863
1517208366950584320
1516904020539064329
1516903977895534593
1516903976524042242
1516847433170440192
1514774624243892229
1514231614422798337
1514231612644413443
1512524904809304070
1512490746162532357
1512243061874741249
1512079191457427464
1511827948248182789
1511816584591028235
1511816582997102602
1511791782694203398
1511790410313748492
1511781350570868750
1511779658139901952
1511715107075764225
1511428458966003713
1511406360080044046
1511406357655732224
1511399707515498504
1511399609981186051
1511393540554858505
1511359877054140424
1511354057771868171
1511112743641915404
1511063890842591239
1510974026117746692
1509580261352218638
1509580168100261902
1509531296812306451
1509279331884929028
1509279307042103297
1508907849992212484
1508895873777950729
1508895670173896713
1508889590056329221
1508875336154554372
1508609984791199753
1508571434033061890
1508558614038032384
1508542230004391943
1508536571204673548
1508533943620239361
1508497933288804364
1508440991325466637
1508439840580378626
1508438443449274382
1507731057868787716
1507730864515727362
1507729806091333634
1507433308413730819
1507433298640973828
1507431000007131136
1507427764906901540
1507409338226421771
1507380653817724934
1507068790395310088
1506749884426301447
1506749880148148230
1506739167878950916
1506659199178223616
1506645447426908166
1506390637737881606
1506390580867346432
1505983681688711180
1505966151603470341
1505912416927985669
1505243603865645069
1505224593010831360
1505224376551104521
1505224333542711304
1504926075201142795
1504905472792576008
1504849338891186178
1504605856419172357
1504576766823866373
1504567589225312271
1504551322577739783
1504546224938131459
1504502114323738624
1504463260585799680
1504463259025481732
1504461014737297412
1504226988193726470
1504222528142815238
1504218530128056326
1504200287103467520
1504200285794746380
1504191192556310536
1504162502531334155
1504135383403180039
1504123479918092291
1503817307105153034
1503814418869768199
1503808130311991302
1503796167796158465
1503781044746657797
1503471262823292940
1503420412700545036
1503369577241186308
1502393495365074945
1502372938145841165
1502343641230098435
1502341935721328645
1502341927173242895
1502341914741420032
1502341906122133513
1502341896886267911
1502341884894715911
1502341873050005510
1502341863419830281
1502341831308333062
1502333459339132928
1502275662106738690
1502038282363981826
1502011580204072967
1502011533907406852
1502011441343340551
1502011322430627846
1502011254331912196
1501991274915708935
1501979607427395592
1501979605019897856
1501979598556479488
1501979596966834176
1501979595272294401
1501979588683091972
1501979579627548678
1501979578050490374
1501979576561512449
1501979574858657799
1501979573352910858
1501979571922644993
1501614652941287425
1501580753691422724
1501580752168919048
1501566785858031622
1501562638127538187
1501321206905114626
1501321205420335109
1501317531453116417
1501307115058696197
1501286697937641480
1501269429987983362
1501260484363886595
1501247281386987522
1501235331525398530
1501229206084399104
1501228022200160258
1501209324898693123
1501209323065815042
1501209321249595399
1501209318397464581
1500898346063519750
1499873485761482761
1499838334054682628
1499766205590249474
1499756285297930243
1499468917420568587
1499440380856655885
1499425443778371588
1499425389202096136
1499425367110598665
1499425283581038593
1499425282037587969
1499417123743055880
1499410133419532296
1499148458468556810
1499143607026135042
1499129346388336642
1499114864924676110
1499107236471259147
1499107175150596098
1499093682867351554
1499093665825841158
1499073593262620680
1499072381058437124
1499068352630824961
1499067939898769417
1499039868940394497
1499039855535403016
1499039840830201859
1499039638865985538
1499039053743898625
1499002153377087495
1499001718419374087
1498800570613784582
1498800567086370818
1498756135054098438
1498713780078923785
1498698321296297988
1498681857520590849
1498328265320239109
1498327303851589637
1498275303147413505
1498275288698007557
1496963337128665089
1496963026041327619
1496954666487521280
1496954663899480065
1496954661236051968
1496954659210403841
1496954657805119488
1496954656496439305
1496954655175290885
1496954653354999811
1496880395958337536
1496845840517767171
1496631646405152768
1496631632916361227
1496623905146036231
1496606418333581319
1496606416651657221
1496583936201396231
1496571457677234178
1496561357155704834
1496532521273769984
1496527773808082948
1496525726669058053
1496502773134893067
1496502683758440449
1496485448763514886
1496485245062889473
1496260468125618178
1496260075031252994
1496252334388785154
1496224553965690885
1496112092646199302
1496112069250326529
1494688153659011086
1494682550060859397
1494682527373705216
1494682200209559552
1494410276313210882
1494359093603192837
1494017914143444994
1493715364601024515
1493694436978610188
1493680261883695108
1493657591968321541
1493657561828110342
1493657499576283137
1493657371238965253
1493653343394279424
1493651396981317644
1493632789866074122
1493631360724045829
1493605596721033228
1493380449493831683
1493329199851048967
1493300257957974017
1493282641461727237
1493282399492390917
1493282300443963403
1493269248407441415
1493267608925523970
1493242574873706511
1492168884597796867
1492162226362408962
1492159502229118976
1492152573452763136
1492136765632692238
1492134012722241536
1491912800846766082
1491912443823820800
1491912374433075205
1491910600972292096
1491894753209712647
1491885183288676359
1491881312680038405
1491873449073123330
1491866199289995266
1491857536139644928
1491831843670433796
1491797481331384322
1491796361838141453
1491632752814600196
1491632722518888448
1491632568449523716
1491544186419650567
1491536511405330441
