1534533061995544576
1532820967751401472
1532749526548758533
1527680284103258116
1527670062282317824
1527412084903923726
1525250468129124352
1525161186110627840
1524843545168859150
1524209539943440384
1523841254571794436
1522639341109002240
1522624705349533697
1521181844418576384
1521126544227319808
1520131811166375943
1520131692089982977
1520082865475760128
1520068934141190144
1519863097258881025
1519708614512021507
1519324555155841027
1519081410300157953
1518685172039888897
1518613763297062913
1517523607496368128
1513664854174879744
1513601645044715528
1512188724351803395
1512093297057177600
1511789094984114176
1511787525731454982
1511729078684033026
1511704985725292552
1510046415610908676
1510012439353565190
1509995392619978753
1508874978263027716
1508874963704496129
1508534399939317776
1507455231201841170
1507412371903594508
1507144321262358536
1507053608046678020
1506748523538423808
1506309021736787969
1505638694790832132
1505212008639209475
1504862140770967557
1504818109122813980
1504598397357117443
1504455991257182208
1504232142833913856
1503859219291947012
1503747391404625936
1503430253028552715
1503387719241814025
1502363670856224769
1501980084235874305
1501735765365121025
1501326814735646725
1500835027021615104
1500162668795252738
1499794450968715271
1499591313846644739
1499587169404567552
1499587147195633714
1499161337401913346
1498859374953050118
1498759477125865473
1498759465776070667
1498740892412354570
1498365696190955521
1498365694173499405
1497810614961508352
1497810613044584450
1497044044693876745
1496987997547679744
1496972794583736322
1496940337755004939
1496889329330925568
1496880907814420482
1496880900663312384
1496731147308519429
1496711680067354624
1496702570865303558
1496699221658984453
1496645001169756166
1496513723078479880
1496510172327469058
1496510044300615691
1496168791784534020
1496123920180776962
1495922991129141251
1495852137573720069
1494820096795152397
1494695444869439492
1494339310962704389
1494052957083549702
1494052832391086082
1493667556166615042
1493667555092881411
1493667554019225604
1492234241735897089
1491897085574189057
