1534685461708476419
1534681203017646081
1534663838502617090
1534593321275904003
1534583580302757888
1534552465344974849
1534551676450967552
1534550164534435840
1534542428149108740
1534541221649170433
1534539601532145665
1534533971937304577
1534514584912117760
1534508067932479490
1534507644161073154
1534495872368750592
1534286578545266693
1534272511696855042
1534263361810186250
1534256379401228294
1534245054054748160
1534233731858280450
1534212746346172418
1534179073500626944
1533918260730765313
1533914317195776004
1533901542448762880
1533875116450336769
1533865849353814017
1533836234698670081
1533512018719907840
1533497619091275776
1533141372731113475
1533130161289412608
1532836636668698624
1532836029429911556
1532836028121239553
1532836023654305794
1532829476148482048
1532821926439030785
1532806828911992834
1532798603315511296
1532775558400049153
1532771152615116802
1532761122528436224
1532755038061441025
1532511260754968576
1532500565749530629
1532485961937920002
1532473149605961739
1532473148184092687
1532457741356351515
1532444107725062161
1532417599635705858
1532350468235661312
1532350466931163138
1532350465136115713
1532142951446503424
1532119800838856704
1532110040110403584
1532108474577977350
1532100925581668354
1532093375339540480
1532085825655259140
1532081247677210630
1532081228718931968
1532078275714904064
1532061807711776769
1531984682920837121
1531984655179816960
1531787742920724481
1531764961806016517
1531757416085196800
1531749863179927553
1531742317207425025
1531738537468608513
1531731835750912000
1531731831535566850
1531731827056058369
1531730987800879104
1531723437831442432
1531712311345434628
1531705568712445953
1531692421129687040
1531659745068711936
1531633998727880704
1531306682709594115
1531276399906103306
1530962531463925760
1530307862467031040
1530292765040459777
1530285210750820353
1530277066519760900
1530255012919709700
1530253705534111752
1530244190428352512
1530236389362573316
1530231104313204740
1530226113603153920
1530222191723352066
1530215720667209728
1530215718129700866
1530201298842304517
1530199360260251653
1530195694321119232
1530172984996012032
1530010271976136711
1529957136993816578
1529949246958493708
1529937922916425728
1529930375912472583
1529923486306779160
1529915272945016832
1529908975336050705
1529907726553296896
1529844902590390272
1529601959296126976
1529594409292951552
1529583091500470273
1529576038069547008
1529567992530477056
1529556660183658496
1529547852325654528
1529545270106652676
1529531053450350592
1529531051848220674
1529531050006876162
1529517237111070724
1529448448176496640
1529271506752118784
1529229943204261888
1529229872895528961
1529229801575223297
1529229697212620802
1529229627159363585
1529218396063162369
1529207884847927296
1529199908028293121
1529199906287673349
1529199903246798850
1529199899715284994
1529190498568642567
1529170743568867328
1528876754143694855
1528855815335067648
1528839256390742016
1528820528449986563
1528720762907070464
1528475983908638720
1528410741874860035
1528395824681590784
1528067326624636930
1527811546205888512
1527668226259288064
1527655464766476291
1527440987194331137
1527437689238216713
1527400984099573762
1527348863748624397
1527086879409156098
1527079112040501248
1527062286720028673
1527048052988600322
1527014928380567552
1526916893709565954
1526899028365017088
1526692783855214593
1526689876745367552
1526628056445624323
1526578279662116866
1526574452900827136
1526570021425754113
1526550272557961219
1526363620463890434
1526333421462618113
1526328938045362177
1526314419709427714
1526306001900777473
1526237666710278146
1525886285428162564
1525839233038032896
1525832533757280258
1525670529906008064
1525594646541369345
1525574735375089671
1525474456738611200
1525230471629750274
1525129762741657600
1525117822673756167
1524938731567947776
1524926024517033998
1524917501850681365
1524903585355554816
1524858566686941184
1524849537885560832
1524799634648055808
1524799527735132161
1524535511163052036
1524527933242621952
1524460971468771329
1524445481337868292
1524438224411705344
1524393048800739328
1524369701996044290
1524205808585740289
1524173820537487360
1524165401923440642
1524149875193135106
1524138503898021890
1524137547907145731
1524123864594513920
1524118132394242049
1524112381982429184
1524092733849227264
1524032863439671298
1523818600661934083
1523805011045666816
1523798971331665921
1523787748448280576
1523771062323802112
1523698704347443200
1523655186400825344
1523427181241966593
1523013414519730176
1522988869309845504
1522673828140400642
1522650115957264385
1522589197948882945
1522343589530984448
1522310118041440258
1522306275052339200
1522255490658492418
1522254362583744518
1522224721953177603
1522022089863184385
1521990555164585989
1521975204074901512
1521960207634649099
1521945816713379842
1521921508981055489
1521909336867577856
1521589870229078016
1521570576174829568
1521570574782414852
1521570573129859072
1521570571783450625
1521341810915872775
1521301473866489856
1521266236818182151
1521220259734302722
1521185990219546624
1521152076847403011
1521112148558196742
1520467602841219073
1520440161854791682
1520197989259747328
1520186461928177665
1520129778665336834
1520037071272005632
1519848365311381504
1519843519233413122
1519797506690981889
1519794287273291781
1519747198002552834
1519733452576530432
1519678669849042944
1519477354078392323
1519369347327840256
1519369344236597249
1519369341736730624
1519369335848026112
1519368623374090242
1519347603665735680
1519347056959229953
1519321278951436288
1519320650351095809
1519101860455591941
1519074854330408960
1519049730642300931
1519010678950055936
1518966378211905536
1518954897449885696
1518754451586174976
1518701686864453634
1518681362538110976
1518657168995717125
1517659405000626176
1517613421826654208
1517599248975646727
1517582064970874880
1517582063699996672
1517259322467786752
1517243691852873729
1516955107077857282
1516931283590557698
1516886021983674375
1516845279747756033
1516531246217711622
1516509636026937352
1516179634701979650
1516159639129317386
1516137242590609408
1516129442770440200
1516114344236367872
1516085176924884992
1516070631560855563
1514732383479734276
1514731795622866944
1514690632270422024
1514557876299313153
1514385445462945792
1514370346182393861
1514355244288946181
1514335948200419331
1514329197153562627
1514026621740670984
1513896718504448003
1513885658158411783
1513875989327237130
1513686974040842244
1513682145755209732
1513670959517122563
1513618619233718277
1513612451669020674
1513601287803318274
1512837168284291082
1512499477583704068
1512481512784293893
1512190877002780678
1512152127086419972
1512135473774354437
1512099806730194948
1512073069266755587
1512067818295943177
1511837403773763591
1511836035982016524
1511829854383050753
1511822303943815168
1511807491029573635
1511802760559308807
1511780671731245062
1511699538314149889
1511470280543281156
1511463692801609729
1511448592648658953
1511433494077095943
1511418393332797443
1511403303720013826
1511388377270128643
1510731257579249665
1510416634107867144
1510261228341448712
1510063212909064199
1510059078432792579
1509988209513672710
1509975181665751054
1509698267508060162
1509675555339259909
1509675164400861184
1509650487653584906
1509615702956822531
1509308010119716875
1509297778043797506
1509292676356747269
1509249043263897615
1509219359436197890
1509170184715751424
1509164490255917058
1508936249129816067
1508929343300452356
1508875395847884804
1508871371245432839
1508865259334946817
1508865103784861696
1508801937147412480
1508794668666040323
1508601833450745859
1508590005492477953
1508583462760075266
1508579435863166977
1508574025131384841
1508194998017314817
1508133636184358912
1508133523969957900
1508131831027277829
1507876554549964805
1507750754169331712
1507497808974254080
1507482127948034049
1507481471669485569
1507451709018279956
1507440274619965445
1507378625888329734
1507375264325677056
1507129381356859396
1507107235196981264
1507099433745334279
1507092135815757829
1507083830955425834
1507081047393058818
1507072160610856968
1506997289075851271
1506777557110337545
1506746138321379335
1506745864034918405
1506408292955955202
1506397486973435907
1506380713695891457
1506357098166333453
1506357027072786441
1506354594892468230
1506330443272048649
1506269607115513857
1506258013681856521
1506020323195564039
1506005224426778629
1505990125381201921
1505983881694035973
1505975027208007693
1505959928594239488
1505944828055535624
1505213212161097732
1505183505961127936
1504940457796677636
1504925045449187334
1504920786129272841
1504889350999494656
1504877454653022216
1504866179264958468
1504865346079105025
1504843069572661258
1504810870760636417
1504581625459449856
1504574411420098565
1504566478607114250
1504526224164544514
1504496204884975617
1504261422083158017
1504249031798710272
1504242549837475845
1504207879519281162
1504202045229871104
1503892804509986819
1503883493092126721
1503877521267376131
1503873170046164997
1503795400054034437
1503750775549440000
1503746261689765893
1503746210796130314
1503741574072647689
1503741398222360585
1503528861941866507
1503478447997440009
1503461647402287108
1503422559953559561
1503352948432252929
1503052587670585347
1502999530576527365
1502395777565474826
1502376854979764231
1502336300359331840
1502059725948473345
1502043994007777298
1502030555151536134
1501715983236571141
1501699693264441349
1501385282016485379
1501377230009778177
1501368672371326979
1501363359387635720
1501357898311553027
1501338675841482756
1501335804018368513
1501305916871827468
1501218919293542401
1501002866869297152
1500983863425777664
1500954625830178822
1500932592438325252
1500580430172598277
1500474912263258118
1499910816220553218
1499895464988188674
1499888670194688012
1499880352667549700
1499842711238717440
1499774401063145476
1499568812638752781
1499553713106694157
1499538361828225034
1499527289045979137
1499523933393063938
1499510082274533393
1499499971934138373
1499393556234084352
1499180755615813633
1499173206036414464
1499165404601618435
1499159039078547466
1499144848137457673
1499128995664863235
1499123264056082442
1499085360437071874
1498850626691903496
1498816408158941191
1498770517754527744
1498758294374174721
1498740491516620805
1498734100642938904
1498703247741276162
1498690462244380680
1498432433791848448
1498413246948257794
1498405878478815237
1498374857234468866
1498102651711537161
1498095379342049286
1498063517559177219
1498046787017400320
1497920520108584963
1497313023840735233
1497290110177587205
1497040756422455312
1497040634309341185
1496619251611979778
1496604698744340482
1496578527122104328
1496524784343080975
1496523846651985923
1496270717171683336
1496262431269703683
1496252909511757829
1496241222805069832
1496177462585270276
1494814586264076291
1494784792935735309
1494780675668467714
1494483325905420289
1494462199817023489
1494430308976021511
1494350883731165192
1494325725695864842
1494325724232118293
1494128716422680583
1494112358695907334
1494105815581659136
1494094239164026881
1494087862236626955
1494009682700255240
1494002384300871680
1493994583205847045
1493989297879273472
1493979231919001604
1493976463275552770
1493967845373493253
1493729841698459648
1493719588915318785
1493705162774487046
1493407715661529089
1493401172429922306
1493392364538404864
1493388127347650560
1493387491583442947
1493356392186581002
1493356390911512581
1493277073909387264
1493255265097027585
1492566894984974339
1492515209206026243
1492269512145649670
1492269105566605322
1492227123616047104
1492212266082742273
1492171854307635200
1491949075092103175
1491949073183694872
1491941295463489549
1491891587810533385
1491891528943427587
1491891362454818820
1491864975589224458
1491842150400679938
1491842148169302019
1491842145728225285
1491842142934913039
1491842136937046016
1491842135301230597
1491842133552250887
1491842131379597318
1491842129538203663
1491842127000653826
1491835073154457600
1491811585622478848
1491778972467798020
1491771251618193410
1491771250175356934
1491771248489209856
1491546860242231296
