1534611468007755776
1534565414230904832
1534518857808740352
1534246563173769217
1534199755965726720
1534154961272983552
1533877128978210818
1533835102991446017
1533787538527334403
1533761540679208962
1533473720924196864
1532808839493324800
1532748441905942528
1532702891529617408
1532446199990697994
1532385550560178179
1532340252404113409
1532083309794279428
1532022659491549187
1531977109677019137
1531720166576472066
1531659266024562688
1531613714704523265
1531592499042689026
1531388170255880193
1530261051656310790
1530225819754278912
1530180521220792321
1529898411926880258
1529887336317825032
1529863179991277573
1529816623204290562
1529559931640332290
1529541812234473476
1529496010782871552
1529450208815247361
1529177914385715200
1529132112644673537
1529090370356887559
1529090238580248577
1529086562658443264
1528799946979299328
1528756387047776257
1528697380148756480
1528697378894749698
1528695859772260354
1528022301006090241
1527730376575275010
1527684826542723077
1527624176902713344
1527367485023977472
1527321935624822788
1527276384917327872
1527004342712258561
1526950739335032832
1526904938189684736
1526645226399358976
1526584828262436865
1526548613010231299
1526548461335760898
1526538774553018369
1526281832546701312
1526236533304401921
1526175883308027906
1526153658039148546
1525195171352088576
1525134773705789440
1525104322979147777
1524838068187824128
1524827449468518401
1524730757637357568
1524468130621259777
1524422581020942337
1524397497803755527
1524359918597287936
1524185017663983617
1524066921062227968
1524057424818229250
1523996775195029505
1523739328282771458
1523693526730657792
1523647473264173061
1523293389806092291
1523284581734129664
1522658959462699012
1522613409505857538
1522205471347601408
1522155320830832640
1522064794567684096
1521918832641646592
1521887878745407491
1521854156360675329
1521842077268463617
1521570034333540354
1521524484188090368
1521478934130528257
1521206639906287616
1521168527096520705
1521161089689567233
1521115287759716355
1521102201694863361
1521060025623617536
1520059581484785664
1520013024748314624
1519750000661643264
1519749286879182849
1519735564249014274
1519711035413860352
1519689880242118657
1519689729658302471
1519689161820848128
1519650133788348416
1519470197983244288
1519425656525893634
1518985001047670788
1518924351327723521
1518666653487140864
1518621103668801538
1518574546428645376
1518208635196768257
1517845995836563458
1517573953090469889
1517528151324127234
1517483104507682816
1517224399904067586
1517173180502364161
1517169034852278272
1517121723233185793
1516864528465727493
1516803627234455554
1516756066289213443
1516497862355390464
1516488113832570895
1516451054073774081
1516388894568333327
1516130441694224394
1516116133757308934
1516094800231030794
1516084388383137797
1516040208378126338
1516023744216674312
1515044536111837188
1514998985970241541
1514953687491248129
1514681645122535443
1514635088448798720
1514590293663752193
1514581032758091789
1514569603502034952
1514569440326787078
1514317747496394754
1514272206699773956
1514226900805201921
1513954855848579073
1513908802453598209
1513873359507005442
1513863252412928003
1513591209817632768
1513545659571449856
1513500109480214533
1512510840963928064
1512450192108310532
1512419740714778627
1512144930013159425
1512087300242505732
1512052068042870797
1512004361999769602
1511803656068374529
1511734475687747586
1511705535028113410
1511688422020292613
1511445401974497294
1511440803666747393
1511440328213118976
1511413611247423493
1511385158506717189
1511368060871098373
1511322510687711239
1511061792805511173
1511001143245217792
1510955089896353799
1509970351014363139
1509944919347109888
1509944528073015299
1509942094080716812
1509922284366143509
1509875727570722818
1509603684992225312
1509557631723216896
1509512081694941191
1509236567302455296
1509233999411044360
1509218322742759430
1509181983372554253
1509167880574750721
1509148686936383495
1508902997434187780
1508887465771294723
1508882432862294018
1508830339166134275
1508785544192569349
1508522057809625090
1508462163836477441
1508431964277288961
1508388649779486721
1507430868029124608
1507385569487335428
1507339515848966145
1507067221696253957
1507021671739256840
1506975869755006980
1506703827134824450
1506658277777711108
1506612978656821253
1506340936065896459
1506295385920348184
1506249332420399105
1506214565020844041
1505992389114036224
1505931488092581888
1505924369729654791
1505886441183715334
1504901954044153856
1504887106207842306
1504846589340180481
1504801291066753031
1504558503591133191
1504483698325934084
1504438147991580673
1504186245315977218
1504186242652639240
1504166105887219716
1504120303588364289
1504102865408860168
1504075005168177152
1503781139487600640
1503756406020730880
1503710352718114817
1503453411609612292
1503392004679557125
1503346706385100804
1502991338534584320
1502990629290323969
1502379835217248256
1502285966832136195
1501983989036376071
1501967116127260672
1501960163925839876
1501960052013510659
1501930360443215872
1501921062589710336
1501867342434820102
1501866799381495811
1501866677830656005
1501866658272628740
1501831220694380544
1501648767925121029
1501603217804722178
1501557416021745664
1501285373359443968
1501238061828476928
1501235162675359747
1501215704435015681
1501215595043381251
1501210787750334464
1501197550199713792
1500925251038990345
1500879197446688771
1500833395621781512
1499868357411192836
1499789768766468103
1499743967075786757
1499722655443955713
1499489288706265091
1499472175845289986
1499426625854885898
1499381075667304450
1499112312627552257
1499062727850950656
1499017177818537988
1498781674808688645
1498764513126068226
1498762745470197766
1498762588469051403
1498749161730019328
1498703611571826688
1498674423485763585
1498659326772269064
1498630829328711680
1498395078871564290
1498387476423094273
1498317481919881222
1498317480334401541
1498302321050234889
1497975816155717641
1497250788652896258
1497203980316725249
1496947037064990747
1496900983837929473
1496854586858119174
1496840585826603010
1496840334227111936
1496819561789894658
1496818899781881861
1496818863924723712
1496818862498762752
1496567411948011525
1496566745326362637
1496538092798242816
1496477191122698247
1496219745028292612
1496173942998028294
1496113294033268737
1495856350269747203
1495810800052703232
1495779594619822085
1495776153285636098
1495748892981223424
1495028311126421508
1495028001821573124
1495027100704595969
1495026651918475276
1494765663440670721
1494719861737590794
1494659212462501890
1494630966555521026
1494630333978972173
1494423482863702018
1494401766074560515
1494355968838275074
1494336056618934285
1494310413789536261
1494161292134862848
1494159070147883018
1494068591628632068
1494068589749587973
1494068588029874193
1494059099880894466
1494037867756023809
1494003158489706499
1493991814310682628
1493946264190291969
1493675983358021633
1493625148322238471
1493594663097360389
1493344604250386432
1493313092071137285
1493277309096411150
1493245093754585088
1493222998442188805
1492907419583664128
1492905154248540161
1492229703519768576
1492188934675251210
1492168302805889024
1492143132925779968
1491924118672977920
1491871090410360832
1491826801970237440
1491825540629602307
1491743751252893700
