1534653746105360384
1534635626607153152
1534615494224924672
1534603668808290304
1534592605727629315
1534592341557665793
1534582778586664967
1534567679058747393
1534562641011679233
1534558457294094337
1534558455943528448
1534524394663313408
1534283054750920704
1534272987347791872
1534266792406835201
1534266579415965697
1534266577444552705
1534253731860074496
1534230708750733312
1534222404213415942
1534217338865713153
1534163264300621829
1533920415785132035
1533912614090297344
1533892731705217024
1533877633284440066
1533861800655167490
1533855432112066560
1533511217595068417
1533450065221521408
1533261611581988864
1533147572369596420
1533087174093991941
1532831992164798465
1532825443086352385
1532825338023186432
1532789312663732225
1532787676734160898
1532711699761045506
1532463313388306433
1532448213839425537
1532433192157859865
1532432610646888448
1532410465350889472
1532395603040280576
1532351073632915457
1532116779517943809
1532093375481909249
1532081547242704896
1532064183549689858
1532059403473625088
1532049335034302466
1532036756211736576
1532020413273882626
1531988433874329600
1531746087253331968
1531734996515532804
1531730988161703937
1531716503711645703
1531701291801399296
1531694670111289349
1531650699200811008
1531633847779180547
1531286558862606338
1530969721323065351
1530622432805011459
1530560776926273537
1530300802765660161
1530249978727149569
1530234124304232448
1530226071542681601
1530214061035642882
1530210504903360512
1530199647083384835
1530186057680949248
1530175739491852288
1529933895868858371
1529923326243549189
1529903445255327744
1529897284892340243
1529881047814443008
1529875642011070464
1529871484843397120
1529843550531112961
1529832981187244038
1529576875621769216
1529505070412230656
1529486699318824961
1529471599652483072
1529455242231750658
1529209724536819717
1529209371997216768
1529198298824749057
1529194272880095232
1529186722931740673
1529179173171757056
1529163063089410048
1529152749958582272
1529092352215814145
1528836758388998146
1528816785293647872
1528806970156675073
1528784615217016834
1528394250768949248
1528046711221780480
1528016514279952385
1527846442756452353
1527763093098471424
1527743116270346241
1527740953766686722
1527729622602993670
1527714018923892738
1527703199079096320
1527688100658282497
1527678626392580096
1527386424319823872
1527378167865802752
1527367988382511104
1527362329960034309
1527326884257619991
1527321936673398792
1527314385529544706
1527304320022200321
1527297775968235523
1527286703165263872
1527279187639144448
1527038822365548544
1527023722187595782
1527015415473373184
1527001072375631874
1526989747385606145
1526982197403607041
1526966845714178049
1526953256156598274
1526946714002739200
1526945929206562817
1526941468304326657
1526941308673220609
1526915507558838272
1526689014647992320
1526671398751588355
1526661335135555584
1526642459362463744
1526632177827446786
1526627359087943680
1526613014291570691
1526603954242527232
1526594644649431041
1526589609639038978
1526579292401913856
1526566960363806721
1526555635793403907
1526321596956192768
1526317138771947522
1526316836026990593
1526310045880832002
1526281357822926850
1526225496501002241
1526207244546805763
1525906358159261702
1525848727914790913
1525555797853208576
1525550261003030529
1525510499072413698
1525231158232875009
1525214172430090241
1525213224567701505
1525192907019255813
1525181521358995457
1525174033582641159
1525158937359552513
1525155157503201280
1525144211057778688
1525136227049029632
1525127475117760513
1525122395148886016
1524841850791677967
1524830770510053376
1524827943859539981
1524824161742426114
1524811653207887881
1524796554183335937
1524781450666528769
1524777670436868096
1524768940077076480
1524757389831979008
1524502106660560896
1524487006708854784
1524472660415164419
1524457309329633280
1524445481530654720
1524441203030167552
1524431241797324800
1524425348959535110
1524411759918002176
1524409935878098945
1524392633195393024
1524379798591754247
1524137451542827008
1524124869209858049
1524107755946078209
1524097353594155008
1524094420986982401
1524079322163662848
1524062645850189827
1524059115298959362
1524049121656586240
1524023954188369920
1524015146355486720
1523789058899681280
1523776240368431104
1523776078136946690
1523758454606807046
1523752162873860097
1523743355146018816
1523737063400481088
1523728255588569094
1523714162471456776
1523701076159078400
1523694028910440449
1523409449603715072
1523364888701063168
1523362101078593536
1523324344876863493
1523053503576346626
1523023108998897665
1522992874484547584
1522950953619578880
1522950631320813571
1522682993546039299
1522667522994016256
1522655760282529802
1522643447752105985
1522586017651478530
1522367357653557255
1522367327127445504
1522274937263718410
1522267380746883083
1522257633268350977
1522251236149448704
1522203207107182593
1522003701669535744
1521966144554340352
1521960859580477441
1521952237840388098
1521899203403862026
1521887375722487813
1521877309384380417
1521868752975011840
1521867208196034562
1521838302575443969
1521599291969703936
1521585385423314945
1521581610742665216
1521560318136176640
1521551411900727296
1521542271648239619
1521532715836874753
1521525679149490177
1521505862090641412
1521475914520924161
1521256087839719425
1521256086652784642
1521256085411225601
1521237829392736260
1521219726009147398
1521212931345723396
1521209852965621760
1521203620372369408
1521197691765760000
1520787628689215489
1520417696076214272
1520142125828087810
1520111926864269312
1520085513314603008
1520055303827443713
1520043979311517696
1520036429732233219
1520027621039427584
1519798614389788672
1519787287499792384
1519772188504641537
1519768416042717184
1519763380042620933
1519757088854921216
1519749538835165185
1519741989050150913
1519734439361851392
1519730665272397824
1519724373124464640
1519719339837976577
1519713719659474946
1519457721791176705
1519434911530328071
1519412819992584193
1519398475951005696
1519393442308272128
1519387150629834752
1519380859241078784
1519375687852900352
1519354127557484545
1519343891350237184
1519342103951720450
1519304858666418177
1519072798118924289
1519066264404172801
1519063826683109378
1519052524187262976
1519025040628621314
1519002616901947392
1518990791384907777
1518987014237941762
1518974682988519424
1518969675396395013
1518941967278911491
1518926956607295488
1518731335715729408
1518695534260854786
1518673699699838982
1518670176425705472
1518665394877206529
1518660002453590018
1518646017238917122
1518640732331929600
1518634670803537920
1518070875362365441
1518065956085456897
1518065955250880512
1518065954248441856
1518065952784633856
1517899478451343360
1517612960180436992
1517602148107833344
1517601859824934913
1517601807706562562
1517578994924855296
1517570933514379264
1517565602201804804
1517534845655781377
1517209051179864064
1517201503429271552
1517186407386648584
1517178852941844490
1517172114771656715
1517172010924793857
1517171309356015618
1517163750851321857
1517157867471532033
1517156212621598721
1517146869725417472
1516873085558804480
1516865176988958721
1516865047666073601
1516864046741479431
1516846157548335105
1516838184004464641
1516837874338910210
1516824013082820610
1516800935947030528
1516785357349699584
1516766130160824330
1516529573294485514
1516525796923482127
1516519265125416969
1516491827309731840
1516450299187122177
1516445265837838336
1516433100124921860
1516425132046262280
1516421358590345222
1516416326507630607
1516410237183537155
1516402484717109253
1516137655343403014
1516099235896168453
1516076401153265672
1516072812473196555
1516066520350310400
1516057391577681932
1515806394498355201
1515703167610232834
1515049453610315779
1515039382423621638
1514986371009626123
1514755325232128009
1514715292894699524
1514673372566855683
1514670238654152706
1514662462792024069
1514649689546797062
1514642135705870345
1514634589628633091
1514627286980608004
1514617363445936137
1514591803160207365
1514351469369036805
1514337897654022144
1514331813447184387
1514331755662168067
1514291071689236484
1514281669796278276
1514272209610674176
1514264652053549058
1514262406997884931
1514262259056394253
1514259614300221443
1514254580955160588
1514250062838341633
1514239772989997057
1514230673803866113
1513996631577927680
1513990643986702338
1513984243004809232
1513981531726905346
1513974089773375489
1513917875131764740
1513917358695489548
1513902259972698113
1513898485178769413
1513890935393820673
1513888418475872258
1513883536499130373
1513877416321724421
1513877415096901636
1513877413897424903
1513875835584929794
1513875163036725250
1513868286022332416
1513667753168838659
1513626693453316101
1513622734789562374
1513596814632574976
1513596812921393154
1513596811172319244
1513570072018800640
1513550896826929155
1513545326724104200
1512810566179385345
1512539530275921923
1512528091335344128
1512505560683352064
1512496196484534279
1512490456512352256
1512478125413871619
1512473226579955714
1512459666848165897
1512418734559932427
1512160532714901505
1512153616802623503
1512153541816852492
1512153224760938502
1512152942903808003
1512152760535457792
1512146943207686159
1512136192728436744
1512134998152945673
1512096422874730502
1512085717509234688
1512085643102343177
1512085109968572416
1511780780942376960
1511773234412212224
1511765684363022340
1511761906121412613
1511758132397101068
1511750586999345157
1511745731035602946
1511719701214343174
1511716608145825804
1511709321997926402
1511690183770574855
1511436529918488588
1511412457729888259
1511380647276789761
1511346670260293633
1511344780533538826
1511342896116645896
1511340378464555009
1511331571059421184
1511327800418050053
1511097528271396875
1511096647765344259
1511092219096272901
1511091147128647683
1511084496724152326
1511053437869477890
1511037130553937932
1511022030728179713
1511017944830070799
1510007330489909251
1509998955337293825
1509925052623458310
1509920015667056643
1509624320879779844
1509619335156883461
1509609460444110849
1509599325298565126
1509599261436088329
1509599151436320769
1509535066157953024
1509530960806567947
1509527180769910786
1509524125269774341
1509315941720600587
1509251617245200384
1509244069385441282
1509238829068296195
1509235202912104453
1509228206871793675
1509228121169575943
1509201655249657873
1509157243232690183
1508905723371081731
1508901695597780995
1508897561788231689
1508893763120287749
1508877903102103553
1508867917693263881
1508858698583662593
1508857107881340938
1508856725516034048
1508832604098904069
1508811213509050368
1508806244785696771
1508803663459934213
1508794856222588928
1508791085904052236
1508572138503954434
1508568363533946883
1508563390293331979
1508560398747938822
1508556758972866562
1508506385872564230
1508477664943878160
1508469338252230656
1508466443159052293
1508458896586944517
1508441993084649485
1508428696562114561
1508247733538275337
1508096507744034821
1507818457353572365
1507734124907270145
1507493229503172621
1507493201581678599
1507491062457290756
1507491053896671234
1507489478469988365
1507489164417282051
1507487645122940933
1507471959348723716
1507451000843501568
1507438011864211457
1507422385649201157
1507084842495889411
1507077290395521025
1507068933496578060
1507054646199607312
1507047089078898688
1507039547170955275
1507029578757386240
1507028215029772294
1507009343891415041
1507007379409309700
1507001792227426304
1506998015613018119
1506986693743759368
1506979154587181057
1506753419280883715
1506745854224388102
1506723396528349187
1506722630694490115
1506706289023455233
1506703575560466435
1506699239832924160
1506688476179226631
1506677644150153228
1506677156767744008
1506662053565534211
1506646579062706181
1506644980445720578
1506616755778695171
1506384300236808192
1506373615465414670
1506373599044808714
1506370980704313345
1506370801154596870
1506332742757326851
1506313876589223946
1506310988647305219
1506294703926485002
1506254375949381643
1506066759106936836
1506022677928153093
1506021236169932800
1505995349495799820
1505959926224498691
1505952381011259393
1505942610434830336
1505929728611414020
1505915458049953793
1505584702723346436
1505529591791714304
1505204048852570112
1505201786071793665
1505167201749323776
1504940977970204673
1504914921238274051
1504876536557625346
1504867225559261185
1504862546658045957
1504862353824878601
1504862312972394499
1504804818556125184
1504568469408432130
1504548128313298946
1504540573595750405
1504535043733086213
1504533319748362248
1504533029468975104
1504527825591799817
1504487725277274113
1504486359100129286
1504486357707616263
1504480177966878722
1504476400476164096
1504472376439803921
1504459689853128704
1504450772624367625
1504214466266898441
1504181960557535233
1504178185973293057
1504169113320624134
1504159574353457157
1504159223139213320
1504153937028464644
1504129111748489223
1504080045597470733
1503877410692943882
1503876905501700097
1503865696912084992
1503846215993237508
1503835509134614529
1503812022680670208
1503808250386518022
1503803214340059138
1503798050594164738
1503785601027350532
1503775009243861002
1503766464079306752
1503751625290260483
1503748544645193732
1503720167238475778
1503486166825422851
1503450892665856004
1503445862499897357
1503431650440581120
1503431270285590529
1503421874583347201
1503400472182468610
1503032675493367808
1503021794311254019
1503012576455798788
1502716959468756995
1502716900211572739
1502667464114589701
1502412970785230856
1502385904064811015
1502380191682809865
1502326347171049480
1502295094548103172
1502133486735564802
1502081257945059355
1502068494644436992
1502067092778110981
1502062802592313384
1502041855030173701
1501978199097585669
1501978197780578313
1501978196287369222
1501974072145727488
1501928328592334850
1501692327773061120
1501651850805886979
1501630848612933635
1501566862546644998
1501331414687666182
1501325598681096200
1501316476602564615
1501309173497311235
1501300878908837892
1501286461575892998
1501244457882112009
1501244456615489539
1501244455302619138
1501244453947850754
1501214910696595467
1501212516961112074
1500970098126995464
1500969411792019456
1500949576584421389
1500938059210280961
1500167752178225152
1500139181477175297
1499873476609458181
1499515799173840905
1499511363827380224
1499511362766184451
1499511361872797698
1499511360425762821
1499494856804245512
1499494833228075010
1499492984160722952
1499492982956994570
1499479961182384128
1499410440614563844
1499157250975358980
1499131747358941195
1499090173111541765
1498800581334417410
1498800202085453826
1498799871410806786
1498689526675525632
1498659321114251265
1498474794563641349
1498474792374218759
1498474790461575171
1498456717708959748
1498456716832395265
1498440246488412161
1498372433518157827
1498360681862778881
1498357338918604811
1498308993890009094
1498308700657831951
1497983266946752512
1497983084112793605
1497983081046814720
1497702192760901638
1497702113668968454
1497645138469961733
1497309024630546436
1497298911836491778
1497279822518800394
1497279733385633797
1497259453548318726
1497209770222174238
1496971638147063809
1496951624765480966
1496919102996324353
1496909015066066954
1496899718428991488
1496863517089144835
1496863288373780484
1496861701978968064
1496861693015642117
1496861684060803074
1496603346966396939
1496575589720870912
1496522741272522753
1496516932979367936
1496502493676769283
1496484995434782727
1496236391952433159
1496236077635489794
1496235801696481287
1496202908358123526
1495792972142718979
1495458227978342401
1495112197122363393
1495084514720157697
1495050543835844608
1494811564456787970
1494789401284644874
1494741003567177728
1494722762740539397
1494722600983011332
1494722583811526656
1494673061194485760
1494401462738292749
1494391205685350400
1494335673771323397
1494027550401740803
1494020000897814534
1494012453084184584
1493979186498789383
1493971647862390789
1493952052975878145
1493948286486532098
1493816156758724617
1493710460922871812
1493702298916302849
1493691230970163210
1493678762290032642
1493665490207653888
1493665162137686020
1493634963425488896
1493585899220881413
1493342989418127370
1493328625399181314
1493317873875537921
1493314107939774465
1493310972634800129
1493307002919034887
1493287675259801600
1493253443951149059
1492547799749169155
1492513826775969796
1492262155734949906
1492219249493958657
1492211841736617984
1492200511440830477
1492194719459430404
1492136346131091464
1491901773229006855
1491894748616949764
1491886716550004742
1491880408434319363
1491785581403131917
1491785027239104514
1491781581459136518
