1534595754949582848
1534569146461081600
1534253407539802112
1534197120655314945
1533867174858838026
1532784557979754501
1532741175941255169
1532421441852940291
1532403232416444416
1532400343644004352
1532399082857193472
1532394806407725056
1532392473502392320
1532095568712982529
1531282142608637952
1530250813683159042
1530224843538501632
1530224841428815872
1529510573263790080
1529454215642349569
1529454214203711491
1529209955810693120
1529177693102944256
1528814341046390784
1528802014687383552
1528707315221798912
1528385298371170304
1528385296945102848
1528074097023926273
1528017747468230656
1527755187762475008
1527702645384806400
1527376311672418316
1527361554055737361
1527352466689654784
1527013657670033411
1526993936786636801
1526993458803638274
1526696185657974784
1526661901320593408
1526661887122980864
1526341642780913666
1525161143945375745
1524833157710761993
1524817143413587968
1524517470228422656
1524486332109791236
1524470014899896322
1524445723537948673
1524432175600447488
1524394119358988288
1524177687048245248
1524112152990203906
1523738039268569090
1522387423568740353
1522041394826825728
1521622602464305154
1521609179563188225
1521593495848378370
1521579467465973764
1521515484847480832
1521208029378658305
1521195046174961664
1520425364689989639
1520133853469368320
1520102142245232641
1520101314369314822
1520058816758493185
1519786560874586112
1519773827366113281
1519732393023881216
1519707197294497794
1519674824636960770
1519485333922066432
1519369003143241734
1519356799886966785
1519353689865080832
1519322663180713986
1519068758563827712
1518925290382274561
1518714573901156377
1518707885680824325
1518319624483450881
1518260287991959553
1518214118695710720
1518213335891783687
1517204054266503169
1517147754690007040
1516873707918180354
1516851946853908495
1516813923852369926
1516497382736908294
1516425217182253058
1516223122579599361
1516143471052140547
1516140498745970691
1516129181213593601
1515761679279210506
1514967758974468104
1514666455341666316
1514636672587247616
1514632566489468929
1514599506129698817
1513938715684610049
1513914899809902597
1513912936762327044
1513899178916782084
1513897860059869200
1513880683785162760
1513554549356781572
1513554512094674944
1513541169636155400
1512501096517971975
1512211890214219776
1512166299308367884
1512135328009801738
1512084468776898567
1511814291510472709
1511788361995931658
1511784955327692801
1511748274323132424
1511725100286062599
1511692113544716298
1511432038607372297
1511425299489210369
1511423853712576514
1511038783961059330
1511038754580045825
1511031129880600583
1511006026069422086
1511006024634929157
1511004944127700994
1510372674790383617
1510279836689969156
1509950772942979075
1509911895565914115
1509659022428938253
1509630893178204167
1509594269706764288
1509567391914725392
1509190715506675723
1509176087422636047
1508971506759618565
1508912810713100288
1508892780457861127
1508883717091176450
1508572619326513157
1508565697189847050
1508557319373737995
1508546514460811267
1508536370981183488
1508514393415467020
1508465446286249986
1508463701866729479
1508432969693810689
1508432272613154825
1507478138053591041
1507455687680565251
1507372740420022281
1507093891912245253
1507083759111262219
1507083411604877314
1507082243730194443
1507037834728902657
1506800960991113224
1506766107562151938
1506703759434555392
1506689752896049155
1506659144031424534
1506643657365106701
1506616732051546116
1506363244008677386
1506324543161393152
1506317255747022854
1506000343041290242
1505986269716824067
1505983261432025089
1505957514650783745
1505916007273140228
1504927418397642753
1504914026651922434
1504881673703501824
1504851653018726401
1504834312008519682
1504612650822549506
1504609825904336900
1504588318142615555
1504581257434439687
1504575077102276611
1504546557231837184
1504541577334636545
1504523255633354755
1504499606155059211
1504429303714525185
1504234066610163712
1504228947311140873
1504181906287599616
1504181856186605569
1504181044844580875
1504175311751110664
1504168009048412169
1504151861510782980
1504123342709788673
1504123163067752449
1504083944878268417
1503882618953216003
1503858226948972550
1503801401952157696
1503787142492925952
1503464225397788681
1503446879333404673
1502361331348946952
1502076708509339665
1502037167866105860
1502023099889369091
1501998735806681092
1501993698132963332
1501965987683393541
1501938670693076995
1501731517277650950
1501694799283306498
1501657522427596800
1501657508695400453
1501649171526336518
1501632757625241600
1501621217895325698
1501587539521679369
1501330654537011206
1501302884167610368
1501302277637877760
1501301717886910466
1501273754038681601
1501260865730793475
1500538491947651083
1500534169604169735
1500517446440169472
1500307556077551616
1500157834985619457
1499891591632326661
1499809603223269382
1499784766333333505
1499410408301596673
1499143160253063180
1499143023845908483
1499076256754774019
1499069734054154254
1498882288427409410
1498863030993666053
1498858718649331716
1498805377642684423
1498799422037233668
1498774928396636168
1498761303254614034
1498753911871746053
1498727301592268801
1498698223799746567
1497990557137883143
1497977589314555909
1497971199690870786
1497951915006644227
1497751246366654465
1497714829259333634
1497306204158283780
1496978153730117633
1496939848996986882
1496895430822617089
1496845971673788426
1496841862639927299
1496827846731649026
1496812234969866245
1496708661510561793
1496708659346382850
1496706196878893058
1496706187080998916
1496494419243118592
1496218675879231490
1496174139991859201
1496145037117341699
1495902010507411464
1495784888951263232
1495537181091414021
1494767610373840907
1494693741826912258
1494375697279864834
1494321510307172357
1494112995412258819
1494091877812998146
1494066290834747396
1494058733797789696
1494057358716293125
1494038544402235403
1494037410560290820
1494023826606284811
1493752852509958147
1493698901701976065
1493686250246713352
1493653831401488385
1493640733634572291
1493612461148327948
1493597468218597379
1493597449256112137
1493342184334139397
1493315101063094274
1493277852741025796
1492146211599659010
1492127591586836484
1491876679454707712
1491810919189565445
