1533830517115822081
1532799801326284802
1532520262729711616
1532443708569829377
1527682117752307713
1527313522279219202
1527284053988331520
1527051041602150400
1527016408592302080
1525176800447451136
1525127258805002240
1524827984070426624
1524759659634208768
1524478377415127040
1524376676821618689
1524194272391708672
1524194263705260032
1524117595938766848
1524042769660096518
1522696050011787264
1522291776261869568
1521988430313533441
1521564875776012289
1519806104968040453
1515009769966350337
1514275322358808577
1513978077382160389
1512491651398307842
1512441738564194318
1512066638589296641
1511704957010989057
1511687966095204353
1511368472521068546
1511368050607595521
1511033161878228992
1511025844239708166
1509942351376048129
1509513849434689546
1509329583027413002
1509329359324303364
1508574278207393795
1508527583276711954
1507045148881997837
1506673188180271104
1506364920593633288
1504904331119800321
1504840036596002820
1504822053337186305
1504820933776789511
1504630501033840643
1504630498798227463
1504585066365734912
1503070225138593794
1503070222927998977
1501623443640438784
1499531174389112832
1499457404563558407
1499068274767798273
1499052062340005889
1498835399942225925
1498833280405315586
1496613838262784001
1496564534387134466
1494369852781383684
1494026881435410441
1493715724350672899
1491947534599786496
