1534636124769030144
1534269839463927810
1532906736843116545
1532830611655770113
1532827942534922240
1532480293227094053
1532455205056528399
1532330292916244480
1532100833785044993
1531437730747523072
1531281117222948866
1531091765167636480
1529606991965847552
1529536432456572930
1529536047633387521
1529114413088882688
1528788826667229185
1527724433829502978
1527724432713826304
1527724431388426243
1527696710297870336
1527375290602663967
1527375288396460040
1526961750486224898
1526961749315969027
1526961748003241985
1526609514853720066
1526609395303317504
1526210094031114242
1526209309830438914
1525933097673531392
1525266642300805120
1525182331413307395
1525143339770728450
1524799723965661185
1524749444683546625
1524506535879225349
1524506534717317121
1524506533446443011
1523764916154355712
1523324599760564225
1522679527591268353
1522246874689937415
1522246574763646981
1522241993522524161
1521916611556519936
1521916472376930305
1521548592397357056
1521145500636008448
1520534411523104768
1520499505124233218
1520499503928905728
1520499502783815687
1520133820904787969
1520046586188947456
1520046585371111426
1520046584439918595
1519716913387028480
1519705449334988802
1519336391095861252
1518642398418673667
1517633137693667329
1517564730168201218
1517525596074659844
1517233043332870144
1516806865115561987
1516131936271581191
1515727359822999558
1515011482269929476
1514662457763143685
1514443008636297217
1514333823978332166
1513924795209031695
1513924793850081281
1513924792566571013
1513924790905622538
1513542760766361605
1512510087218311170
1512079644643659786
1511796444637900807
1511738517470298113
1511397839854878723
1511353056859992079
1511106726384349188
1509925476969684993
1509574838838607876
1509162434640158732
1508901018997825539
1508901017982844943
1508901016925884423
1508901015797604363
1508901014707052548
1508526377582137346
1507086570096050176
1506734822936432640
1506629360467521546
1506315809232142353
1506300807192399888
1505917482942484486
1505011387747160065
1504877931813875718
1504533776793313282
1504263574553829378
1504168256545951749
1504103908133724160
1503863212730634245
1503384441556774920
1502077593524191233
1502007182820265985
1502007181750771720
1502007180651859973
1502007179490045953
1501678711187382280
1501675483188113419
1501655220320878597
1501361908812767234
1501271871659991043
1501268411816595459
1501024925477392384
1501023638035869698
1499818797091495937
1499491614733094914
1499443063843864591
1499078621570506753
1498832993972019204
1498780232106622977
1498741764882149376
1498741763313483777
1498693663005843459
1498316018430750726
1496899988751802371
1496528382644862979
1495784256446296065
1495043164188684294
1494691407365349387
1494514523692224521
1494365731173146627
1494071229472555010
1494070740336926727
1493667008214441987
1493614122826665986
1493381820527915008
1493247913354575875
1492193746636746753
1491953157819228160
1491555908333232130
