1534566899572527105
1534566664091623425
1533826317564649475
1532453770852024342
1532096375583821826
1531994345771081729
1531648511728668675
1531451980689940485
1530991229000892418
1530885910576898049
1530882034880716800
1530881598605910016
1530880999843938304
1530878197386051585
1530876449212751873
1530546153397407744
1530502652399951872
1530502047979667456
1530319412984700931
1530211036061655043
1530141190561087490
1529614194659713024
1529509237923225600
1529508859425038336
1529508363318460418
1529450048005758977
1529447385214197762
1529132344782757891
1529122138057228289
1528896637283848192
1528896436695441414
1528891106712092674
1528890285673127937
1528482006518177792
1527740029249937408
1527667646577184770
1527667492956536832
1527617124038066176
1527591774637662209
1527441303310565376
1527440452554788864
1527333480019165185
1527332658895724544
1527234533019504641
1527234429814509569
1527013056802435073
1527010042414759937
1526986229442560001
1526974361806200833
1526971244876378114
1525868256476778503
1525867825990193153
1525544498301902848
1525331174301876224
1525236399754072064
1525236190391242752
1525232148189483008
1525205273513713671
1525204809221029888
1525204683274469377
1525203987980554246
1525203567799312386
1525156024352751617
1525155065023057920
1525084560345669632
1525084510928441344
1524906626955857930
1524906112763547669
1524833475723149312
1524801915049091072
1524797795365965828
1524793308509351937
1524742997723783169
1524399630850609157
1523986463230210049
1523871966830149636
1523737827812339712
1523737769121443841
1523681584758460416
1523681578513481728
1523637670538203136
1523502548249989120
1523385298331316228
1523384020104617986
1523334867886346241
1523316727806709765
1523313144960983041
1523311642251083777
1523310971422339080
1523310355153305600
1523309057536577539
1523308899708772352
1523307469769887745
1523293553236930560
1522939462539304960
1522931165283430401
1522926628770394112
1522910626590466049
1522891113392222209
1522890194868969478
1522889601634996226
1522888200955609088
1522577092403212292
1522552905995366403
1522552358269505536
1522304514413502472
1522289486285185024
1522275042654052352
1522262839137910789
1522202537570492416
1522165846780567552
1522165845807480832
1522165844427563008
1522165843022471168
1522165842083000323
1522165840061378560
1521948099094228993
1521947566862131203
1521656005461004288
1521108736055590912
1520761641603932162
1520761114497331202
1520555486952763393
1520115220093739009
1518813640308232193
1518813015579283456
1518741918557081608
1518737138182930433
1518736683373584384
1518735569173557253
1518074947096223744
1517604345461755905
1517178060763709441
1517090267324723200
1516812209770401792
1515670770252496897
1514948268073136132
1514929794974162944
1513885732544434188
1513293726776504322
1513142920743985152
1513142144537608198
1513142004405964804
1512809364750483460
1512536510637260800
1512532803216240643
1512531055412191232
1512530761311830028
1512527676904456200
1512514813074849795
1512500624952377350
1512476775556825091
1512166760203571202
1512019913313067016
1511675273934221315
1511431976196231169
1511111589138776065
1511106060223979522
1511097897017819144
1511097765530636289
1510817326932844551
1510684834703814659
1510648793670340613
1509958043609583621
1509957881478754307
1509956563582304263
1509645093791219714
1509622834108243976
1509622370302111755
1509563059160985612
1509562079216386061
1509556736021123078
1509372431194071042
1509363027140825088
1509361802974486535
1509205021963042816
1509145613375574024
1508981899993223170
1508980083633053696
1508874190916661255
1508869703275528192
1508865872168992768
1508865252934488066
1508865128447553536
1508547970546999301
1508547260208009223
1508546940778303488
1508460249509994505
1508458221941538826
1508456227352764427
1508453198079614992
1508451957140242434
1508385912547328000
1508385823246503936
1508149983396212748
1508147558773895171
1508101270132994049
1507869751351074822
1507679875313848323
1507679370407817220
1507074640216211466
1507067072043433993
1506797139879469062
1506794226088091655
1506793601682051075
1506792713374547971
1506792506448564226
1506790845260959746
1506763516388290562
1506626352153255945
1506399006888542209
1506398371979878410
1506049605770919938
1506049005725401091
1506043700660613128
1505959834407129095
1505959581356367881
1505959559600427016
1505936380052086787
1505585697238962180
1505583491764871172
1505566163786416138
1505565931392622601
1505565920319713286
1505565674449649667
1505565545550200841
1505565211218038789
1505508220273631236
1505193556998336518
1505193306170482689
1504980684108177413
1504849423645515777
1504840826387578934
1504814213965008896
1504813907160014885
1504808684240707608
1504761593393000452
1504760898015186944
1504528470252167169
1504431474451304451
1504200179364335620
1504199184207028227
1504179779863465986
1504078938154414083
1503875715057471492
1503865499276431371
1503865431437754376
1503795538617151495
1503793727202115599
1503792606110748678
1503790529674465284
1503790029931429901
1503450893953474560
1502144726245548034
1502143494055464962
1502000629287632896
1501946210579402754
1501791501352943616
1501783396485324802
1501783251656093696
1501681419864662021
1501668060402532362
1501635267341525002
1501624124824821764
1500928621397037061
1500910337578655753
1500810729653481472
1500493641659334659
1499844248681787393
1499830115987075074
1499819645431390218
1499764922909138945
1499498116092944384
1499449202639839234
1499344319395897344
1498868767018958853
1498868601922764811
1498867622158520322
1498867362656919552
1498802829275787268
1498802813148618752
1498802508721889285
1498802125526102017
1498687723099598854
1498422222913953799
1498421599996981249
1498218594416529411
1498218383518560257
1498215775500660736
1497512138079887362
1497251653518569477
1497244041427124227
1497211728190345223
1497194741015978029
1497194304275685388
1497194177800679425
1497194153431736325
1497194044304334866
1496905580006412291
1496597026317942789
1496472393799323652
1496209274900561926
1495915252608811009
1495844480871809034
1495842138071998474
1495841765978427408
1495835958108954640
1495203046111985670
1495201100496056333
1495199854204698624
1495199258978537478
1495197894160302084
1495197430807248901
1495192117177630720
1495189993668726788
1495176866826788864
1495175598041440264
1495103374643060742
1495103334188994560
1495086498378616838
1495085366122106885
1495085107950100483
1495072441412030466
1495072399884181507
1494726105324048394
1494714133555646469
1493984675928416261
1493984033205796865
1493983783938318342
1493709011576926209
1493708919176376321
1493708857612328960
