1534583902333030400
1534560844322856960
1534543473822552064
1534346178070040576
1533859159439036417
1533843656108560384
1533807147192139776
1533636504777539584
1533418968966385664
1533099764300107779
1533097245712822274
1532809324866719746
1532688079147962370
1532536206428356608
1532473657699749888
1532377359680258049
1532369082565152769
1532200588896780288
1532055797437542406
1532026649423798272
1531733405532045312
1531449028348727297
1531405287051124736
1531252190127570945
1531102658597109762
1531006183229820933
1530716370517778432
1530561708128882688
1529892073247227906
1529632409007931392
1529560727274631168
1529538191501545475
1529262006771101697
1529177925584621568
1528860707621838848
1528804181515051009
1528751686646366214
1528129592741052417
1528103481772490753
1527992456729477120
1527822367090786304
1527373364519546881
1527276793128005634
1526731784809025536
1526694000387936256
1526647050779115521
1526250090934980611
1526204985331040256
1525949221219729409
1525906420780212226
1525617406118354946
1525605540491055104
1525595797231902721
1525539981116186630
1525159897675055104
1524942624293003289
1524886048106504220
1524830552024563712
1524778856040775680
1524778067641737216
1524568679043657729
1524526034321817605
1524414018357710849
1524379676902309889
1524146293165203461
1524108282561974275
1524040012576268289
1523825819155640320
1523777929989136384
1523678625802768384
1523467440017281024
1523316020261253121
1523282463317164035
1523134738806022144
1523111724391419904
1522706145210773507
1522605914515197953
1522396961680371712
1522018482526765057
1521979282641276929
1521922023651520515
1521884294700056578
1521820308734451713
1521689421007007744
1521609346479710209
1521589587948326921
1521467202037288963
1521191473273872384
1520841730995757059
1520736554729324547
1520733451145695232
1520733214263885825
1520588364658917379
1520511963226415110
1520470149375090696
1520429761616564224
1520219219274649600
1520122080389480450
1519808145991905282
1519807155741810689
1519805486480171008
1519802820890972160
1519744106888577027
1519634549130600449
1519503484030177281
1519490646549090307
1519442471847088128
1519433162123882496
1519399835207708677
1519381870076641282
1519350741122568200
1519156552288149508
1519119901952204801
1519119863259832320
1519096993322258434
1519043481817264130
1519023346419175424
1518789441455800321
1518758048847835136
1518702877518311424
1518335461617549312
1518233876065361921
1517933017725116417
1517931278301028352
1517920057187352577
1517856291527532544
1517837277430493184
1517515668798812162
1517334162474258432
1517226283977129989
1517156569724555265
1517126505930891264
1516877682209955841
1516873687084978176
1516851609401180161
1516816501667516423
1516436630726496256
1516213522467807236
1516123774860632064
1516060954152534028
1515676299544735751
1515142718560874503
1515114543135006728
1515114374536613888
1515098458142695429
1514990179097919493
1514755944663719954
1514697379399839755
1514597641220415488
1514580354568441860
1514561204693389314
1514308039330996227
1514291496597569539
1514232929588846592
1514050461413826560
1513961287054675969
1513895949638197250
1513895948392538112
1513885019474907148
1513859033001873412
1513547505665032199
1512959423249014791
1512820527462862856
1512788685657460741
1512763580369838085
1512750107082596353
1512607816850280457
1512584169859203080
1512469023300239362
1512219608958312450
1511835379971858446
1511768824705597457
1511742095182245893
1511720558127374349
1511492379253133316
1511408586144071692
1511374410162360336
1511335969949110280
1511083244082638852
1510995475335426058
1510676469147648003
1510332211635052549
1509967931509293057
1509909074959290369
1509676243595272194
1509642746935533575
1509641742391422985
1509638096924684289
1509555289909084166
1509541772854235144
1509352173620056070
1509321538335608844
1509264476750630918
1509239735922876416
1508991961558097920
1508989405247193090
1508974715322486790
1508963968848699395
1508941180612055047
1508813034751471621
1508657999111503873
1508657975539417093
1508642383528873984
1508613267660410883
1508539887280177156
1508461517125079041
1508260697259618305
1508113268782485506
1507801424889004042
1507388111860473863
1507196183294492680
1507195295725236226
1507033550381535233
1506794445949255681
1506747802478645249
1506679771127758856
1506360313813549056
1506354064216444935
1506304169090727943
1506045505498927112
1505941278797836289
1505702626930966535
1505640357501018114
1505223121418215431
1505010569090322437
1504912006377349121
1504596401480732677
1504559740445237254
1504149013758722054
1503916039767314433
1503885944755261448
1503793293775327236
1503766672116748291
1503760154663301133
1503430496885301250
1503423337430663173
1503401731744571392
1503159648475500544
1503146179445637123
1502664411688972298
1502381079314980886
1502324682091114496
1502117334856699906
1502117300048216072
1502106286065958931
1501948948201685005
1501923803634536448
1501667124703600642
1501660347786272770
1501641036489273353
1501373564452233218
1501370175915970561
1500949088195461123
1500900486618177551
1500599483146588167
1500163796274487298
1499859738485481472
1499848759395635202
1499806469138624514
1499733653567463425
1499578090208518154
1499469718264197125
1499459872370401280
1499180726469726211
1499110842574553097
1499094632625496071
1499045256129564678
1499032196711174148
1498876358675550209
1498851038635433988
1498791907853574148
1498783293617156111
1498773784383348738
1498283683165491202
1498121059698106381
1498042714826362885
1497774620270804996
1497685227933732872
1497671365113044994
1497647222456041475
1497640465260322823
1497628204487610368
1497595866420555778
1497587586621128707
1497363889532588042
1497306102194655238
1497067387576799239
1496861956489494530
1496506154054299650
1496144760779776020
1495864932927168517
1495850645278138368
1495774432064851968
1495523804969320452
1495075017020825603
1495073941001584643
1494739478128246786
1494511469144248322
1494374530810368002
1494318702988300289
1494160167298027535
1494150434856054784
1493979216634912772
1493914904742481920
1493911695038816256
1493819415888076800
1493762233431695360
1493715778146873345
1493658399644520448
1493643882336292864
1493585242774458370
1493419202253893634
1493409342011363329
1493404036162334721
1493346032050221071
1493300949720477701
1493295826671652865
1493295824691998725
1493256687880388612
1492975429388587009
1492856155848257537
1492856047677149187
1492716252845989889
1492702758679547907
1492682927460786181
1492637552192507912
1492556990245134341
1492352367416778755
1492157277624754180
1491908089049755650
1491873351245176836
1491772926634467335
