1533846886695698433
1533842852459028480
1531332612303663104
1531281939394613254
1529887916050239493
1528021195291082753
1527659941116497920
1527409535513763841
1527288716959420416
1526940155843690497
1526684810743250945
1525498167986372609
1525200800259133440
1524847304569659392
1524783106355601409
1524434160709906432
1524386000675483651
1524132604475236352
1524090910631510018
1523756424483901440
1523723320423723009
1523373968664952832
1522570124242341889
1521847799758954496
1521629922674065408
1521570211257856005
1521502238350483456
1521160549748416512
1519693652636938242
1519355234279215104
1519294386567368707
1519021671981752320
1518289417558913025
1517216733605548036
1516853911310766087
1516483039156752385
1516425555733880844
1516062242084585478
1515753709090836482
1515347532804608006
1515014337101971456
1514975305068331016
1514715350755164169
1514608664350367753
1514321235064274945
1513919810744242177
1513602586322026503
1511710569635667975
1511402726093119497
1511129178401349636
1511020044423241728
1510981506860306440
1510683076040536069
1509627394587512836
1509600413443493933
1509540689402642435
1509178177528213510
1508892429159743490
1508859275573137414
1508840955520200713
1508496040537825287
1507356088353673224
1507089058207604741
1506640130911739910
1506351636645654528
1506311779286241290
1505990082704125952
1505199665721008131
1504458339664764929
1504167745910358026
1502401468451676170
1502373597184151557
1502320695505612801
1501997566740897793
1501960320893558784
1501931916957667333
1501680253512650766
1501602175042084865
1501569150442946562
1501294111277658119
1501294110283546624
1501294109264388096
1501273294003077120
1501225168869470208
1499787215035109377
1499467123797725184
1499427103695159298
1499402472879628290
1499065110018641920
1498862045428695041
1498766691391713285
1498741906590810118
1498722385586970632
1496928651610308608
1496592857288818699
1496531544193880064
1496259649200345088
1495773098045587458
1495065383996375051
1494715929091055621
1494682533828734987
1494350296897761280
1493976789860954117
1493611509779505165
1493334874706620416
1492963086638198790
1491782761081970691
