1534602226357903364
1534556211705790466
1534522652798369792
1534522651749793793
1534522650772512768
1534522649765941251
1534342455298072576
1534221890188976133
1534191283601817601
1534191225418534913
1534164067245506564
1533980489962471424
1533980486460227584
1533909022859993089
1533854252652691457
1533834865891753984
1533611040507940866
1533594858916544512
1533560500826546176
1533476281496608768
1533250712422989824
1533228410100666370
1532915641648398338
1532830144402010114
1532814186262282241
1532749664696643586
1532725855750918147
1532713164755853313
1532473046438666245
1532159564132515842
1532159563297918976
1532159562442317824
1532092677491249153
1532067083496083456
1531795286825263105
1531754448653017095
1531707941275189249
1531707929367306240
1531707928331313154
1531446427611807748
1531430326165282820
1531277880071626753
1531105080488886273
1531064809751564293
1531050558894837760
1530691772631990279
1530648887756734467
1530345565950713856
1529954837927976967
1529919718911528980
1529862539273809921
1529841617577955330
1529836727036149760
1529629496285855744
1529555883264458754
1529455424638189568
1529455312738078720
1529237167326765058
1529216490377216000
1529216489005400064
1529094968714973185
1528907425562124288
1528854736828522497
1528820001502810115
1528819996603912192
1528794460049575937
1528757510232018946
1528519909235466240
1528470788550041601
1528452203157102593
1528426545144012808
1528401754538266625
1528121812369940481
1528056172678365186
1528056165929832449
1527820474239131652
1527820472108425218
1527820470388723716
1527820468094439424
1527387307224879117
1527355379218206724
1527276779009810432
1527276777327951878
1527078547529113600
1527028403580321793
1526995883434332160
1526958187173355523
1526937094978945025
1526628551038062592
1526628549607792641
1526573380283076619
1526307274691592193
1526274894450900993
1526260637466300418
1526228245351366656
1526213401038442496
1526190272429817856
1525988435760144384
1525956602058219525
1525938488104960002
1525876208780582913
1525876206708658177
1525841404806807554
1525841403913322497
1525841402755784707
1525664355186094082
1525664354393260032
1525664353218969601
1525512141733777408
1525470177478987776
1524870662795452420
1524832237145018369
1524759030643765248
1524561870539087872
1524561868521717761
1524549923202646016
1524537794739195906
1524537793124392963
1524518353158692864
1524518352210829313
1524518351241945088
1524518350252122119
1524416595212349445
1524406229770067970
1524385029899620357
1524139682711408641
1524085448682921988
1524027845160407044
1523830900236111879
1523670784740564997
1523332910073335808
1523318760043646976
1523099422707572736
1522658567525965829
1522641870790217729
1522637785567576064
1522599966228762634
1522599965406777352
1522599964463050759
1522599963720658945
1522343538624765954
1522307940912357379
1522307939712782336
1521961799649832960
1521939742023208962
1521939740731351040
1521319115121647616
1521307720653189121
1521307719176704000
1521302099769937921
1521299840315142146
1521290278077931532
1521270471773327361
1521232189786136577
1521178153267437569
1521178151010848768
1521125425669451779
1520897997676195840
1520779536836833280
1520779535201013766
1520560106903068672
1520546371819945992
1520531043337617408
1520502607835500544
1520432906681868289
1520198303987957760
1520163025394745345
1520144451498385410
1520144449770344448
1520046864619483141
1520046863289888769
1519822105017266176
1519795779359186945
1519750043242225665
1519714040418910216
1519691649496100864
1519476899893977088
1519438126913138689
1519438124488736768
1519427727790686212
1519333882172260352
1519305418878693380
1519305417918144513
1519305416559181824
1519119085296132098
1519111218002284545
1519001360804503555
1519001359835672576
1519001358669684736
1518944402244349952
1518734716857421826
1518690953627852803
1518654847150694405
1518654843874914306
1518604101491343361
1518376988645416960
1518342178665385986
1518320822112423936
1518300319389782016
1517972994903183360
1517972980793548804
1517938912395763714
1517847992685973510
1517662494734622725
1517645594763878407
1517628954991108096
1517613568304324610
1517561434745544705
1517275831596466176
1517131581168705542
1517107821350989827
1516898360816549889
1516786903508529161
1516786901117718538
1516590487062384645
1516567135451062272
1516551858596290568
1516463550553800705
1516463544925143046
1516435888691105805
1516160925836976131
1516160923051995141
1516145669555302408
1516145667084849159
1515705878225297412
1515445651286462470
1515110652574064644
1515098579127439368
1515032190828134400
1515032187464294400
1515015707750285317
1514994586380382219
1514946455076847618
1514728529933578251
1514712123485601792
1514712120847446021
1514670918408282114
1514626383154237449
1514608969267900424
1514388634090287106
1514356232647290881
1514345232149749767
1514345229847089175
1514328995202015249
1514306270240649225
1514288324277641224
1514288322792898563
1514269437087854595
1513983438705119235
1513890481796747267
1513682129212821507
1513682128252325888
1513682127371575298
1513682125752520708
1513667852263432197
1513646084169609224
1513646078402437125
1513623306536210449
1513558237932576780
1513558236363898895
1513555533608984578
1513555532497534979
1513555530777829385
1513286601513840649
1513272266334822417
1513245462941384705
1512870946314633216
1512870944443883524
1512856664898220038
1512828248744513550
1512548148585144320
1512548147339345922
1512425812166787078
1512122084603965440
1512077969094680596
1512077967467315217
1512077964959092750
1512058449588375561
1511883361010204675
1511876407621734408
1511876405646311429
1511822678293991430
1511804372111527937
1511804369318170628
1511769107401613316
1511704279526035457
1511704141231439876
1511143542118363138
1511123357370048518
1511106336628555779
1511105696191897611
1510751040068636676
1510751038562779145
1510733652933681156
1510624631362924552
1510388127260717068
1510388125796909057
1510257347838496773
1510244775609475072
1510056227128107011
1510042309781508104
1509964960398553089
1509889500784336906
1509694993564327939
1509553627194699781
1509522666985775111
1509259125162758149
1509223951154696210
1509165270467817478
1509165269347876864
1508936468089221123
1508908946119135233
1508875031786491904
1508824279793737731
1508229703873798145
1508209735597764619
1508174107178938380
1508174105811505155
1508157402985779216
1508119683362394123
1508119681894387717
1507904307575898114
1507868990051434501
1507852296675368969
1507833576095629313
1507724601555574784
1507461841554972677
1507440610571132937
1507440547614572549
1507402149055062029
1507383649334927385
1507151771617140740
1507151770593763329
1507151769733849088
1507151768425308164
1507013202973904904
1506977010878488578
1506973145374330884
1506967036567695365
1506821822649618432
1506813647984730114
1506805409318940672
1506805408073195525
1506751498709094416
1506749412885901314
1506731761153327106
1506692220031848455
1506652027690139652
1506613204197294084
1506253376090161162
1506074015076651012
1505994547591106571
1505922447354253314
1505919848353779712
1505899150226960384
1505889063391440903
1505725234795749379
1505717455171338245
1505550779981217800
1505550778987122690
1505362441315704834
1505353733038870533
1505344056670494723
1504824905854033924
1504554305143066638
1504507601492529152
1504485330048618497
1504446479087321094
1504283032336936968
1504257682777284608
1504247315762085890
1504197664849678339
1504163091134795783
1504140877576429570
1504140876494168065
1504134316716138498
1504134315483009025
1504080375236251655
1504080374300872707
1504080373411684358
1503895482770276361
1503854450431123457
1503839066646798336
1503839065250177026
1503839064046379010
1503819002270953477
1503819001192931328
1503747285666209798
1503398449399672838
1503398448187465733
1503032635718868995
1503028861113716738
1503025333930504193
1503021665030127624
1502748112942780423
1502748110828756995
1502700846190055430
1502438053331226626
1502374500104609795
1501967999779094532
1501945177815928847
1501914308330065924
1501914307357024261
1501914306169950214
1501914305096302598
1501914304311959560
1501652821342662658
1501580448312483847
1501321159907893255
1501286194356703235
1501235332519452678
1501235331559002114
1501198163000107009
1501017576675196939
1500992570453032960
1500863412334739463
1500832945313132557
1500290551161176067
1500277239832879108
1500227759343349760
1500189221243478020
1500189219905581062
1500155392537636871
1500155391489060867
1500155390352310278
1500155389022810112
1499926731741974534
1499903074407796738
1499890558738780168
1499792402508304390
1499506095156514820
1499506094053507072
1499506092279222279
1499436119351599107
1499400011322302464
1499217120202305542
1499217118721622022
1499209249364267015
1499209247514669057
1499149544524849157
1498882338553536512
1498882337412628480
1498882336091512833
1498867921946300421
1498867918775455745
1498863954042490884
1498863952910028801
1498863951773323274
1498863947067408385
1498862286974373890
1498751171909009419
1498698508811096075
1498698507770810368
1498492831710781444
1498454146827051010
1498417725584064514
1498411280100696072
1498401048444211201
1498356600901410821
1498332485482168324
1498332483997388814
1498311601576890373
1498107266322636802
1498107262249811969
1498107259053920262
1497961544688230407
1497961543560015874
1497961542171639823
1497637851743334406
1497627852698800134
1497627851318824967
1497627738793922560
1497627737237950471
1497615666848976897
1497331007888007172
1497279110867005442
1497236894589108224
1497236893150416901
1497236891741171714
1497236889849536514
1496970083737890823
1496970081515220992
1496970079426261000
1496970077664538645
1496970075827580938
1496970074032324617
1496970072312717323
1496970070597279745
1496970068885917697
1496917752082280450
1496913791937916928
1496901183826702336
1496901179841912833
1496825475641008129
1496825474663817218
1496668501066629128
1496621727555719171
1496491702873436165
1496234713173876743
1496234711697575942
1496234709717860354
1496139353298542596
1496125159035621377
1496125157118722051
1495923587156516867
1495877054772002822
1495858991649411073
1495858990605119491
1495858988793147408
1495824032310214661
1495567767780708352
1495567766652338182
1495567765259829252
1495546104041119745
1495500251888857089
1495091551504117767
1495046283769352202
1494820138394206212
1494749321367101445
1494431363981885446
1494327978192375809
1494067138805571584
1493986378538967043
1493950729509298180
1493950728246808578
1493950726544015360
1493753586437689351
1493753584873353216
1493720085797683201
1493696011604275207
1493653508150730756
1493653507148296193
1493653505973927944
1493593231594041348
1493400688902217732
1493391292935639044
1493299921503637505
1492265740732411913
1492260106599284739
1492260104648941574
1492210983019945988
1492142914591465473
1491937585161199634
1491873614215495685
1491873606984421379
1491778299474980864
1491605941678387200
1491572263270993925
