1534670268458848262
1534635755213037574
1534594211378520069
1534574962744475648
1534560653934985216
1534547099395981313
1534522072155799552
1534350974588014593
1534335960959401986
1534312356540456961
1534296462821056512
1534232949519949824
1534189609047007233
1534166182982467591
1534148423036854272
1533991663823204352
1533969663373332480
1533969288855314432
1533949987813466115
1533927412450328576
1533901824180092929
1533891675562573824
1533882846544384000
1533880479732187137
1533855302122184704
1533849068866248704
1533840864409264128
1533810907649822720
1533791962385498112
1533606130596855808
1533537358615830528
1533460231270834177
1533255652474294272
1533185514165108739
1533167387125731330
1533131622408761345
1533100349577433090
1532898003811454976
1532832279097221120
1532792474636255234
1532774007627448320
1532756622535278594
1532722568628776960
1532705032227160064
1532677662505943041
1532553658080055296
1532497956326330385
1532482188570132481
1532443242545004556
1532419670539739142
1532385928924303362
1532375344480755714
1532355145065025539
1532188379668004865
1532163042980528130
1532125058235346947
1532124990904188929
1532109882140368896
1532086562556723201
1532057204391833601
1532026008198578179
1532003209749069824
1532003208033406977
1531825940988305411
1531815749748146176
1531800021489831936
1531775802337107974
1531740601204592647
1531727596542631936
1531713096951246849
1531689118014521345
1531677578171502595
1531663287301152768
1531632802743083009
1531459602302246912
1531330016054755328
1531269952027734018
1530932901499609088
1530592666668437506
1530330433283624961
1530293054674030592
1530279844830924800
1530272421470674948
1530244454422044675
1530199751425085440
1529958967882965003
1529909583279443975
1529851228544458753
1529210018884554752
1529184693270327296
1529165469005094915
1529141463510044672
1529118155397812224
1529118020085469186
1529088987469602816
1529077253266673666
1528915173402107909
1528890974344294404
1528863790728503296
1528843352547926019
1528824531443392512
1528820827302535171
1528792813978144769
1528792812027842560
1528758522200170496
1528749422607323136
1528740582348271618
1528715080484982786
1528532244373164035
1528499870033666048
1528451645201334275
1528375918372208646
1528152102018613249
1528113172892327938
1528070307428413444
1528024564919320578
1527825342420893697
1527776947664736258
1527765276858761217
1527754557492797441
1527739050039328768
1527719561147072512
1527711032478777344
1527689131912048642
1527674536954576899
1527663033908076544
1527645062825394176
1527452641843990543
1527432064072663054
1527404064039919617
1527394270822514693
1527370323103887361
1527334411380744201
1527313281161240576
1527289593145327618
1527276617789083648
1527240120860033026
1527077145167659008
1527055321256153088
1527034389510627330
1527022511245893638
1527003484360433666
1526976586293157888
1526967981040930819
1526944777484349446
1526914364690817026
1526901978411982848
1526873057339531265
1526761132157030405
1526760854594768896
1526736352922025985
1526733795805876227
1526713168587902977
1526702049248804867
1526683747390787585
1526674664906493955
1526652288026259462
1526634750487990272
1526598272957161472
1526580597753319424
1526557363209228292
1526538046308593664
1526538039522099200
1526379503068520448
1526355838331502592
1526339273330409476
1526295974670376962
1526277117759168512
1526259355238137857
1526232166757289985
1526228997646045185
1526178788924702720
1526013900059250689
1525964592576438274
1525937090235604992
1525913630377746437
1525851557669093376
1525782140465598464
1525548614252109826
1525513386024370182
1525302859515961344
1525255155117182977
1525245943771193351
1525219858488647681
1525205674489266176
1525173416873103360
1525140798668517376
1525094123522473985
1524922408611766273
1524915833205555205
1524877067216617472
1524843064400957456
1524825983378923520
1524808228445503490
1524793438125932544
1524782810405404679
1524764580806811649
1524746159138422784
1524734192306774017
1524709421925949441
1524582084274266112
1524555070741827593
1524541277311754241
1524530644780564480
1524493072268251137
1524492942563594243
1524479438196559872
1524473951304531968
1524457333925031937
1524444186195468291
1524430623603048450
1524419613341237253
1524402027366952962
1524393069751246850
1524383274977611776
1524338412383354882
1524204277606109184
1524203352611069953
1524182942444142592
1524175346924498947
1524150364928413696
1524139784888893447
1524139188911841282
1524137039750475781
1524114284413915136
1524106973951758336
1524086398684471299
1524080606996578304
1524073891207032834
1524068710859915267
1524068602927849479
1524039058187558915
1524020730157047809
1523808145034088449
1523802798789431299
1523770838277058561
1523757309566283776
1523742278103146496
1523718284667146240
1523661491047890945
1523418514031538176
1523386060880760832
1523296115369590784
1523089639459930114
1523060611508285440
1523033373949952001
1522971492899856385
1522753166974062592
1522738080884613120
1522711554000576515
1522706014868549632
1522677821327527936
1522669813734285317
1522617828112801794
1522579159087816705
1522412440331370496
1522378138621292551
1522317272399949824
1522288051094962178
1522256041815298050
1522240553768955905
1522207662095613954
1522039058666598402
1522037911956373505
1521991878736031745
1521963692774023169
1521960916895547393
1521954410628358148
1521935118092414980
1521919683842252800
1521904094356676609
1521882673094004737
1521867985975222273
1521845961835827201
1521676234522087425
1521658975204294660
1521656719897677826
1521637346566975493
1521630071542407168
1521614349701423106
1521605509668868097
1521575100776128514
1521548297562992640
1521542327587774464
1521515615449669634
1521499814420172800
1521494188667326469
1521441577272549378
1521293785560453122
1521266270443913217
1521218980299616256
1521202981684793345
1521186775296790533
1521147967549366272
1521124249624268803
1520911982752321536
1520888871499804678
1520888868832256000
1520849330764230658
1520829052717838336
1520766168419774471
1520558155796828160
1520552843463307265
1520514868566269952
1520480113091133440
1520409308873248768
1520229410145767424
1520205208109858818
1520198138979618818
1520186521910976513
1520164228015005698
1520157144787603461
1520129355673915394
1520113314004676613
1520093253432971265
1520086236874031104
1520067478277308416
1520037590057066496
1520028563331858432
1519838665643634689
1519815153142882311
1519777324526407681
1519755337716412418
1519711700966117377
1519671365346988033
1519632915499565057
1519492471125860352
1519473942896984065
1519452050194583553
1519408858149662721
1519391331537371136
1519365745871777792
1519339627257208832
1519325638926217216
1519281057278869509
1519124075632857088
1519096375178371073
1519075173118496768
1519055898513129474
1519037359429406720
1519023357538316288
1518991240917884930
1518985097592160256
1518960424233881605
1518938890748547073
1518775187885408256
1518754706318929923
1518731602058264577
1518713378906198017
1518700148494323713
1518665947271286790
1518660877381218304
1518625671106465796
1518587924585005056
1518379601688465416
1518322174330908672
1518225036330643457
1518064011346120705
1518064010201116672
1517995893395443721
1517904867339247620
1517642604220985355
1517570376619986946
1517554266621239297
1516174165694464005
1515749175077527557
1515692439897612296
1515333400097435667
1515069960783024139
1514958874750685198
1514775210242691078
1514741736555360260
1514713082534182912
1514688180338966533
1514685454867742730
1514682674375499778
1514682665479376903
1514682651269124103
1514648888355000323
1514595851779387394
1514379999041789957
1514355374853439493
1514352883248115714
1514350032820047883
1514324489500303366
1514307287858438145
1514272015053733901
1514267472664440848
1514078714895781889
1514045137948663810
1514002813612965888
1513964637217243146
1513929987857997829
1513690066396327939
1513649304359129091
1513599635239186434
1513567042246529031
1513511388509085699
1513339375886770179
1513289459080609800
1513216833607852036
1513164337191526404
1512972090902777856
1512957037050744834
1512894495116955649
1512831626635628563
1512807847775641607
1512602330570579970
1512523528519790597
1512470672827719690
1512447470776860678
1512414271019401223
1512413928290197506
1512207952379265027
1512178359878492169
1512166376324149253
1512166336662802443
1512166298465316874
1512163080070914050
1512149211038560256
1512129333162385412
1512108602944798724
1512105371170652168
1512102379671465993
1512101803122475011
1512101220353298439
1512092972904505350
1512054389044879361
1511863576780288005
1511807916164231171
1511783458602946567
1511756681457381380
1511739476845940754
1511730620199755777
1511713159404527625
1511695231401537540
1511540086910894080
1511532616897511430
1511495415094513665
1511477975593754629
1511445171510120450
1511409794611126272
1511389555894722564
1511374003696545798
1511353839546417156
1511339438714101766
1511319047098482695
1511153376511373314
1511121674254622726
1511106620033486852
1511076439893975040
1511057384587898887
1511031599755927558
1511024192539480070
1511023489918062592
1511023037914697735
1510998086084173825
1510981868140875780
1510957403466047490
1510777612909613057
1510735250376298496
1510731310272241671
1510708958247464960
1510672033620889603
1510623918503174148
1510453195495161860
1510404418470088706
1510379532360077313
1510334667991486467
1510308352886194190
1510262051964391438
1510084483290177539
1510084163952680963
1510070732398735364
1510045354921762820
1510027939592683524
1510023415331233794
1509998556714835974
1509957809814839303
1509956372129058820
1509925999366057987
1509905736675045386
1509905735043461131
1509894865571700738
1509879409213423623
1509614950414618656
1509590964700078085
1509554323025379341
1509530416658583569
1509517399153909768
1509353892492062726
1509334107712626696
1509320930018926603
1509294276131364868
1509284656377733126
1509266123308556293
1509257497332396035
1509223594156601352
1509205601074790407
1509179145137360899
1509147891239211015
1508970385592705031
1508953623836958722
1508953357238611968
1508926253449068544
1508897732940992520
1508865810856562693
1508838294779486212
1508829825766723591
1508804232136339470
1508764964919590921
1508604969754275845
1508581349451517954
1508581127497437194
1508565680114876421
1508555195650908160
1508530709337714692
1508527412216172547
1508519478522482694
1508472468146692108
1508443294073765890
1508237243881857038
1508174111935238150
1508166893877739530
1508165562119204868
1508093118943539206
1507865966218289152
1507810978506985484
1507737921675276295
1507500586798927879
1507500416942198791
1507469957474533379
1507431149177651206
1507430207220858880
1507407799000649739
1507384026742595589
1507384003019558918
1507379592364974089
1507361682540187654
1507130476183572481
1507125702319030279
1507103678255280141
1507088788060790790
1507050706510958604
1507038708691869707
1507037291646263306
1507024011007565825
1507006797923577861
1507002315009630216
1507001154777104388
1506806737923366917
1506774880536174594
1506774115969126409
1506773033540886535
1506772732477857799
1506772336812429319
1506751171616247808
1506745665862447107
1506719440519536652
1506718556423131137
1506707510798942208
1506701146215309319
1506691525329182727
1506674540772007936
1506657659293941764
1506648513748291587
1506634957900369927
1506605527404589060
1506471544796717062
1506467239695945729
1506466720923406339
1506466668062679051
1506466586911195137
1506466536273367041
1506466454044131328
1506460601308090369
1506452364382949379
1506451428109426688
1506450169860087811
1506449614035206148
1506449306060005377
1506448543439020036
1506448028525371400
1506447511422214145
1506446601933500420
1506391631888588808
1506389656056872969
1506369588166107139
1506346987016314887
1506332392239345665
1506323513002635277
1506301307568766983
1506287448451600390
1506284002210103302
1506254990142226436
1506089445245833224
1506068743000145920
1506038284090322950
1506012317766778882
1505993093673271316
1505985612364587020
1505984934279884805
1505984495677317120
1505984268358594563
1505983792456126473
1505971187226132491
1505944204341649413
1505922912330596359
1505900810596757507
1505883945061257219
1505727206730964994
1505709226123046914
1505679352075374594
1505631202572750853
1505609208108130313
1505596321687904262
1505596320303747074
1505521646198743042
1505374223052808202
1505342995851272194
1505331197307768845
1505314100523454469
1505262953259573250
1505234030614175746
1505198437444239362
1505177123404795909
1504999190870507523
1504998761512243205
1504998719682490370
1504958505127661576
1504930598514798597
1504914706372382724
1504891436818472966
1504884392400928782
1504859944599830530
1504824464600711177
1504808049688649744
1504804845693423616
1504795485973979158
1504782267490709514
1504659767024930818
1504652470072619037
1504644733330763782
1504624298912329728
1504598547316056069
1504587461367898123
1504568167569502208
1504560969783119874
1504538136017317893
1504515546422956038
1504496505603989510
1504470188892168199
1504449953543897089
1504430256190545925
1504253450799955969
1504220419884212228
1504218904683597824
1504179978954579969
1504149600860577792
1504130456316428294
1504119290336878593
1504086419987472389
1504084119386533889
1504064774253989888
1503910395425173504
1503902953379356677
1503874700430258182
1503858063622746113
1503857865701969923
1503803735524491268
1503768472714682377
1503747692945629189
1503717655076904963
1503677789962002438
1503536599098957827
1503519830586052611
1503504920732999682
1503490458772811782
1503485395299885059
1503479831815729159
1503471882569408517
1503451382350860288
1503439275320385537
1503417542353764357
1503411779933814790
1503380595958853634
1503358309428080643
1503334273914392576
1503188019083460615
1503145340391800836
1503101902380273674
1503095591752118282
1503082936752644103
1503068158424457227
1503055732392050693
1503002240684072965
1502844474023723008
1502814533706002433
1502808496181587972
1502751286374113295
1502727957529477120
1502708700800299018
1502674177249185793
1502499827237728259
1502467033870524416
1502433140157079560
1502424035199700993
1502389306106814474
1502367951634239496
1502367949658771457
1502340805683523586
1502306829220651010
1502268404723601410
1502142189303996417
1502125852552839170
1502125850531180544
1502117432760188966
1502101697715396609
1502090779472318474
1502080922329436167
1502054445034745867
1502040521342164997
1502023795258789889
1501994116309303296
1501984033819013130
1501965177419358209
1501933923541995525
1501754771241410563
1501735531285291012
1501732415252930560
1501706834889039872
1501700479058944003
1501678058000027656
1501641958812528642
1501624248359698437
1501591520222265349
1501574233373265922
1501544328807731205
1501389322938982404
1501368945319763971
1501356604855357441
1501313975279050756
1501299154840129541
1501276712067379209
1501262681663287296
1501243571340550154
1501237369437048835
1501213814968270855
1501186866967724036
1501027799984914438
1501018610487201808
1501003624608145408
1500996599329267714
1500964525461450758
1500933383521812491
1500912156094701575
1500886748737327109
1500857045179850756
1500826577063628806
1500638396355592193
1500617532797075459
1500589718186172421
1500579864012890117
1500534285358538757
1500528423604789250
1500485434220105729
1500279325601452034
1500231258949005322
1500211103393107980
1500192242358796291
1500191177873793026
1500149671213346818
1499909115149172741
1499890779665408010
1499875003294273538
1499844485798375427
1499819151006777344
1499781235471798272
1499749628484497416
1499590502408237060
1499567112695824385
1499540252029071360
1499527513239867392
1499511611903688704
1499511610314010635
1499504373155647489
1499487196184731654
1499464811394088961
1499447876140867586
1499447531952082944
1499422582994522113
1499401207302934531
1499393874829086726
1499371090539335680
1499187330913079296
1499172729014177792
1499169703092269061
1499155562856079360
1499151688581664771
1499146482666164231
1499137993830973441
1499127515050393601
1499105764228702212
1499072282802720768
1499052949569425413
1499017365056598020
1498869133785579521
1498859578368434184
1498858330122592256
1498858150577020931
1498857958209474567
1498855264400949248
1498855072096301058
1498854489616527361
1498854187928596482
1498853932872908801
1498852914135281671
1498852574090383362
1498852198322778112
1498851636390895621
1498851217837113344
1498850896960180233
1498850431283478529
1498849609086550017
1498848685907755014
1498847876516044803
1498846991257849856
1498846537488683015
1498845410181402624
1498844898300239879
1498844169200099336
1498843607385710597
1498835382389125120
1498833222632935430
1498829680509693954
1498825959142744064
1498787977719431172
1498774541786660865
1498757349028290566
1498743766496202756
1498728399786987521
1498698323544481807
1498687571123220483
1498686868879294469
1498673112438775813
1498639786264911876
1498484279176839173
1498474341289312257
1498453529127788553
1498445130466041856
1498409493016846339
1498390237772406790
1498367017002455040
1498337538418917376
1498310617408708614
1498276516630872071
1498135010628542465
1498111855843237889
1498102744552554500
1498101987908407302
1498073884200943621
1498033824223182855
1498001202663071745
1497951734924259336
1497927845091463172
1497784790484979715
1497772705445199872
1497745948499496960
1497713022101458944
1497702216001630216
1497648184507518978
1497618664765509636
1497604687641595908
1497419942781669377
1497412083603984387
1497380419565760518
1497344814752452608
1497335666392375307
1497318343652560899
1497316001079300103
1497305537024778246
1497296684312940558
1497285592727621632
1497277686175215624
1497273985620402183
1497255247852544003
1497240383025262595
1497240382098268164
1497240381238525952
1497240380051542019
1497198895784284162
1497066033919762432
1497059652499959809
1497046796543176734
1497031019471548422
1497022678716272644
1497008613189373952
1497008252273451009
1496990648603275266
1496973164089417728
1496962395335446535
1496955175851937794
1496945857648017409
1496931397197570050
1496913133168132096
1496904131998633985
1496897005737725953
1496881913583353865
1496881751142060036
1496868131431759874
1496866123727478790
1496857536024440832
1496846140507103234
1496833604303093765
1496823237887598601
1496819296584019971
1496709670861524996
1496689019555655684
1496674587379212289
1496672175767629830
1496625730310090754
1496559848489631747
1496533343822921728
1496268975847751684
1496260881298120710
1496247986854187011
1496231717555867653
1496215586614960130
1496202447974506507
1496173936211546116
1496150140473819147
1496119484964290565
1496101411452592128
1496101410529845256
1496101408936009731
1496100732289835020
1495963443425431553
1495940228862951426
1495922838414503936
1495901706265182208
1495889620118253569
1495879336217485317
1495838373981966341
1495818571418673155
1495806706252750853
1495605330469863424
1495584350200545280
1495568599024652288
1495537536827015174
1495529836303028229
1495482706502856705
1495406667239993346
1495247193225285635
1495220678362021893
1495191731700125707
1495169726498193410
1495133984988225537
1495109650882207748
1495067494859653124
1495034662124666882
1494857819534901251
1494843862862417925
1494797569242939394
1494790784712908803
1494790687681880067
1494770837198716928
1494754646207905810
1494737542758998018
1494729145112215557
1494723450019139586
1494713578443751424
1494704184729481226
1494526309543952386
1494502775383900160
1494462609193586692
1494435124615729155
1494420173893349376
1494403102631469057
1494397894438567936
1494391674537132035
1494374983929376773
1494361545006100489
1494354758165016579
1494346173112594438
1494331612489682949
1494306511555805184
1494150219465900033
1494130404466515969
1494103348764680196
1494102225978904576
1494077108833996810
1494071782055239683
1494058874265026564
1494048049651458054
1494039223548133381
1493999869467545602
1493980245837422598
1493980037191802880
1493788606393106434
1493761833324494848
1493713929767469064
1493711362316513282
1493685079855759360
1493682548635062280
1493653190419615752
1493639270464172039
1493599781272399883
1493564757907066890
1493440447217348608
1493421880178577410
1493410692128514051
1493382353787437061
1493370800950452225
1493349763533742091
1493340531623186435
1493317604538302465
1493299585099481090
1493283247148703747
1493269588502622213
1493266983353294851
1493209449628155906
1493044531272499202
1493000994887720971
1492964419814449153
1492927115452456966
1492909983712829446
1492871882785316870
1492681648365842441
1492651787383447554
1492597601438474240
1492528052395515911
1492502220784427014
1492307776135118848
1492262607885148160
1492239606674243592
1492197455882031104
1492174207538638852
1492153516248469518
1492128985890934787
1491975645970137090
1491958022096183314
1491943290513547277
1491920530437554177
1491902646038536198
1491886429978435591
1491874984247152640
1491851931551420416
1491827916350578693
1491827691372400647
1491816539317800967
1491800230244716544
1491797049410420739
1491795643257421831
1491775347351764996
1491746697164341254
1491616916678533123
1491599882544627713
1491594362274422786
1491585486758064131
1491574058294681602
1491548314034130946
