1534586223347609600
1534530232564256768
1533800466672410626
1533441007274139648
1533146569360302081
1533086178261577729
1532806828379217924
1532384044813533184
1532092486289608704
1532010097869725697
1531704564163833861
1531625115997425665
1531590211473444865
1531266677824008192
1530579652489531392
1530549454742376448
1530194614581227520
1529863589603024898
1529174601003155457
1529107607092436993
1528813015335849985
1528784264073990145
1528730630489616385
1527091068277227520
1527050230109294595
1526980973803487234
1526671242358665216
1525891738400874497
1524819259674742789
1524773895324069890
1524495813107281920
1524039621935616000
1524015598312775684
1523709384911585281
1523294144734629888
1522629768511852544
1522604715736981506
1522282481386508292
1522226055590858753
1521519960282992641
1521486758734663683
1521131142220599297
1520840481013309440
1520757429671059457
1520108170185740292
1520033485603446784
1519794434174500869
1519738222062014466
1519708816681619457
1519701942599045120
1519700876037963777
1517503493677932545
1517199496995917829
1517198699788652544
1516509505529516041
1516461633333121025
1516142134612705287
1516122591106412546
1515661355960860677
1515019623585837056
1514981883288899591
1514679884789923865
1514649689114615813
1514644804419862533
1514624711614943241
1514302398889709572
1514249548612448265
1513951587126976515
1512513107746168836
1512158275499806720
1512112970318241806
1511803951645175817
1511780781844180995
1511439350831230994
1511438111464689665
1511434912242544645
1511362687103647757
1511353623241973774
1511350445561720834
1511060786340413440
1509961294148894722
1509904668909924358
1509647766330519564
1509591359409123332
1509568704635232257
1509540846470840321
1509530957669441536
1509274266939936769
1509251617618481154
1509226740866072583
1509175202961408001
1508889228029141000
1508443794500468740
1507380710872600586
1507077289128841217
1507009568831774725
1506671136662335503
1506318538440687616
1506012774672916484
1505163752504795136
1504819923419340807
1504564667410173966
1504556017803272193
1504538816517967878
1504517017520558082
1504451646222438401
1504153182230007808
1504110325192347651
1503728975100579860
1503476062897917953
1503038173454245889
1502668236160057346
1502317827113553921
1501962334243364871
1501941032639819776
1501935771145498629
1501673600767647748
1501254677350031365
1501226245299736577
1500955701576937476
1500926981571063816
1500872054131859459
1500154174457069571
1499489795663351810
1499484527022026752
1499406746384695299
1499391648567947272
1499136253811470343
1499080068987068416
1499056862817357824
1499036813498982400
1498797014968119298
1498746188421550081
1498742983159693320
1498737370006360064
1498736818812076039
1498719727316717571
1498694000458481671
1498680541264154637
1498413953520525312
1498360246552702979
1497617459192475649
1496915330077118465
1495767766577696775
1494690669327110145
1494355205609213952
1494046424115286021
1494045371521191942
1494037004744642567
1493990108730695680
1493601001370177537
1493272756716281863
1493261252004622343
1492513835248349184
1491856999163711499
1491777049236803586
