1534656789245046785
1534656788158730245
1534656786971738120
1534597340052574208
1534582332992147459
1534579776526200835
1534562204489588736
1534190812850003976
1534183534323240962
1534183228243857409
1532385877267202050
1532148794090995714
1531776540396109824
1531322637661659136
1531287504229437443
1530259293475418115
1530251883834638337
1530187781145874432
1529893922771816454
1529822349419196417
1529532496404160513
1529515967054856193
1529236633480007686
1529147916174098433
1529141472599080961
1528839468207185923
1528760339256451072
1527768831812325377
1527694714618748928
1527667072989265922
1527650041787211781
1527377666542043136
1527377639165415446
1527286964252123137
1527048343997894669
1526633667833085954
1526630063805964291
1526624728798076929
1526586578059120643
1526575595735470081
1526556194764103683
1526556193312866305
1526223300170506240
1525523333571149824
1525213745621909508
1525190239572086784
1525105758731476992
1524851380133019658
1524778367110766598
1524514149002272769
1524506068281438208
1524456046714134530
1524407655099424768
1524118331837538304
1524080429053231104
1524079812242989062
1523773087619051520
1523719770524499968
1523371754852392963
1522659375562866690
1522651177174843393
1522650559366500352
1522567034059563010
1522383572576919552
1522328899958583298
1522316593207906306
1522305393082482689
1522250105511944195
1521968303295639553
1521954064682024961
1521942849813725184
1521928573938028548
1521896959782629376
1521604604265476096
1521582189799952387
1521471760406921216
1521471758834016264
1521471757353463808
1521224441916796928
1521150393446772737
1520114086364778498
1520079323314671616
1520054883256352769
1520054881662513159
1519821862276063232
1519790672840171520
1519756895854157824
1519711296903598082
1519690143019503616
1519685503179804674
1519426264695717890
1519424983361073166
1519333795337543681
1518946746994462723
1518945540909768705
1518697648475320323
1518697646575259650
1518690465872293888
1517591170163040259
1517494350049165312
1517202492970389506
1516871881005178883
1516863918668492816
1516401231945605124
1516147691746639873
1515723919264821256
1514990100551196673
1514683660208943109
1514291594836553732
1514291335469146113
1514259515184664582
1513966633978675203
1513891181738008582
1513614208113467405
1513614206888775683
1513614205370384396
1513610993737379850
1513609993999851523
1512874201526513670
1512874059851304964
1512856378112679939
1512569660792782863
1512564277432963073
1512532062682730498
1512497621943914500
1512465134312202244
1512425811281862656
1512425733985079300
1512411847646920712
1512411846522900489
1512411845256167432
1512410816800346115
1512164111987228677
1512137431545532418
1512059163819626501
1511721241287270403
1511459768157806596
1511434906840276999
1510001177659850755
1509918338587238424
1509627159530422284
1509623466378645515
1509522186951876611
1509210221322944514
1509180625487597569
1508903854754119700
1508863532963704839
1508836260349161483
1508797989325840387
1508565448069206021
1507763399383560201
1507470107072765953
1507093736488062987
1507064989122715649
1507047288685973511
1506711859747069962
1506361127487385600
1506290736089780236
1506014452495560704
1505904908930854914
1505023053285240832
1504927635406733316
1504845745949655073
1504519127918071821
1504519075359342605
1504502834619944968
1504470007471693830
1504459177086885890
1504442438064164865
1504212188478726157
1504168254297853953
1504160959044145155
1504120243731501060
1503480756890640384
1503400316905086976
1502716021827940357
1502391820466405377
1502391818129977344
1502391816838172678
1502391815521116160
1502391811628834816
1502389110958403603
1502389109289070601
1501983688766144512
1501685202980315136
1501661627455840267
1501622691811532805
1501622690054119424
1501584231130189826
1501314800608964621
1501314584736641029
1501242246263418894
1501237107649650691
1501230562975322112
1501212107928449025
1500886109466812416
1499831363062706178
1499464627264053252
1499095778412879874
1499044946107633664
1498856564404457472
1498855491178569738
1498852751719243783
1498852309375324161
1498851300649353225
1498848849930117122
1498848848021798916
1498846855311986689
1498845217587441668
1498845216354324483
1498845214907240451
1498843475634270208
1498842657224806400
1498840407555608578
1498748457057673218
1498727519687749635
1498720885947125762
1498718643512819719
1498716048719331335
1498716047712600064
1498713626982719492
1498706599203987461
1498669705783037958
1496891886925225990
1496891885658509314
1496891884148563978
1496619345585311745
1496607265842946053
1496583850616627201
1496528666955849728
1496226381709160450
1495841959499423745
1494786498524233729
1494775041598365699
1494759174059737088
1494752798835191808
1494749681452302337
1494749680214941701
1494749678751076357
1494483650863411200
1494438960185106433
1494345332985057285
1493975021479501831
1493974976772419590
1493952208097976320
1493732967545516032
1493267812508475395
1492266521271443456
1492210422526709768
1492210324593852420
1491889915839324168
1491835721572880399
1491817222838394881
1491780478621433857
