1534668702620196866
1534652074121641986
1534626947426570240
1534599261316423682
1534582991908921344
1534565090283900928
1534548821274988544
1534516326345191424
1534316342756638720
1534276403281244160
1534254126439227393
1534230800757055488
1534204532523245571
1534167030500413442
1533950115559399424
1533895143329255424
1533877206417555462
1533845175969140737
1533788442328440834
1533549931037851649
1533172937280393216
1533126503034134531
1532839059919339521
1532802381578223616
1532777564485320710
1532758685881143296
1532728252019707904
1532556058341908496
1532490830115754005
1532487396096462858
1532457927499563012
1532444783414845441
1532423687793692696
1532401292584296452
1532391050647592961
1532356879107641344
1532162719260057602
1532146607818407937
1532135515939557376
1532122892183412736
1532090691148468224
1532073013877051392
1532018356659884032
1531771020385865728
1531752078963531776
1531743737738559489
1531705930835976192
1531692292083535873
1531667079828496391
1531375781519269890
1531329102405373954
1531266629945937920
1530985219934797825
1530925071828766723
1530596352014823424
1530287712816795649
1530244651097153537
1530208113080643586
1530186986438504450
1530175159948169217
1529956225076666370
1529930251895193601
1529922425055592473
1529906279812059156
1529891973540327434
1529860077800378369
1529843853305470982
1529817272008822785
1529812789010870273
1529603658077413376
1529579663265304576
1529560738901430272
1529542658640723968
1529515201095139328
1529490521575636993
1529448463213133825
1529225729879195650
1529176820117127171
1529171235481198594
1529160256059850753
1529156364198617088
1529145270893690881
1529122671388237826
1529096815345340419
1529070731283382275
1528891798470500353
1528862764651118592
1528841537790136320
1528819370541064199
1528790220375834627
1528764378056638465
1528736297074008064
1528438967229612036
1528422302458822656
1528057901394407424
1528039696974106624
1528038754862120960
1527760511491768323
1527729578466230274
1527715423470473216
1527703286899433473
1527650121403465746
1527448130370822145
1527415687047696389
1527380135703244801
1527350884807897088
1527332707730337792
1527319566690713600
1527317436533714944
1527291020961992707
1527274174464524292
1527078621705392129
1527044712980430854
1527039661973045249
1527014923859070977
1526970541244092420
1526958412776579075
1526951247340879875
1526936620263522304
1526928791381082112
1526915282110926849
1526732115404107777
1526696468651855874
1526683204597563392
1526645599835242497
1526623587066691585
1526599828171632640
1526592824707321856
1526578316483956738
1526568025368952832
1526549882605031424
1526366224979984386
1526348395434188800
1526317035810177024
1526283011582570499
1526269770152157185
1526258741234081796
1526231897252175874
1526205520230629376
1525973718471782403
1525964532874633217
1525914281979613184
1525847582236344320
1525586017117425671
1525533461288714243
1525492396288532482
1525311712404156416
1525264278026129408
1525248195407773696
1525226291384963073
1525217888440930304
1525201067138502656
1525192836395802627
1525139397347270658
1525127772078845953
1525116024277938178
1525103170707410945
1525102026300043265
1524896159160057856
1524844006617796647
1524822629340823553
1524788012915335168
1524770781825318913
1524740698951622658
1524512899779203072
1524493242498174978
1524474513777479680
1524444777470644228
1524405899799977984
1524394192625180673
1524373902511812610
1524180985910374400
1524163753037680646
1524135880902025216
1524092293082456064
1524065815858925570
1524041533946798081
1524034366422269960
1523830348924207127
1523800672314998785
1523776717004808192
1523737339960324096
1523699171777077248
1523660800971313153
1523419495422910464
1523346683156996097
1523318546113208321
1523100221101670400
1523008786390208516
1522929235144413184
1522671013145763843
1522640664961466370
1522614900031430657
1522589871042621441
1522577514903785478
1522352139493912577
1522317561035202560
1522311272905195525
1522293028433850368
1522287809528274946
1522262533117202433
1522233847039025154
1522213760953249793
1522011827592470530
1521994889021509633
1521959272069971968
1521941841465204740
1521910456583172096
1521902048278683653
1521886671645687808
1521874260435914753
1521864769241853952
1521840109959659524
1521647856976805890
1521625460203003906
1521591000711548928
1521568136574775296
1521544088222416899
1521532258615705600
1521501822896291841
1521480295236743169
1521271428305326085
1521231574200635392
1521209032899506178
1521185227657433088
1521169066190422016
1521135431957557249
1520901758708502529
1520870833799020544
1520780570762125314
1520565377641873408
1520534787747942400
1520500855841173504
1520454518013575168
1520404957836496896
1520168819465068544
1520134321537007620
1520125650354462721
1520110950312992769
1520087202914570248
1520074289839497221
1520059234926346241
1520047301594656769
1520021918950342656
1519782260802793473
1519754479561846785
1519723131467964416
1519706326909267970
1519695386184753152
1519670805088677892
1519467297039134721
1519406066429267968
1519386566170456064
1519383392567148545
1519363446839644161
1519363445971468288
1519363243906670593
1519342341768765441
1519310491939713024
1519114885216485377
1519076597319581704
1519054918908317698
1519038376107728897
1519021068954001408
1518997223798882304
1518978591765245958
1518956029677117444
1518737040619327492
1518625023757541376
1518378767353368578
1518298748329377793
1518037140403277824
1517964624632729606
1517873421639729155
1517595435417931778
1517570762206748672
1517525409302200322
1517494568085770240
1517306246260527106
1517265657246765057
1517227814185054209
1517181284229038082
1517162641998897152
1517132909123190785
1516893268696608774
1516876708300959745
1516849495962701827
1516824097564635140
1516791705336528900
1516772998937726992
1516578469701988360
1516566630955896832
1516536164894793735
1516520579997786125
1516504538043371520
1516454326121685002
1516433931289178126
1516406610138218496
1516188771762454528
1516159469977227271
1516135674939949070
1516115889124429837
1516088106885292032
1516052718816800775
1515685199308328969
1515362852978184192
1515063557741760523
1515000255753990151
1514969580384526337
1514968728982675459
1514713718092877834
1514685152835874816
1514661321018691595
1514635403499909130
1514598343737024512
1514391607474368512
1514361776032423936
1514336799954546690
1514319770895761420
1514297414290657284
1514291889540849680
1514250975527251970
1514246956931076104
1514053069612503042
1514030371515609099
1514012434666819587
1513968388212723715
1513947623425781761
1513914780456734734
1513890832247570435
1513885705193275395
1513668523075194884
1513627984837726209
1513613553932062732
1513611667443232768
1513592045377622018
1513530238742978568
1513293627132362752
1513276947337461769
1513246263579447297
1512912695691034632
1512845005639106563
1512549312600891393
1512522915895459844
1512474583370194944
1512417281682415619
1512220231908962311
1512192287094226947
1512169646614630406
1512152741442834448
1512109328966246404
1512095504032841742
1512084071572070411
1512070292566282252
1511881778029543437
1511855944514392067
1511831603647062016
1511808645511720960
1511791574677704715
1511768919417229317
1511742710490804230
1511707628082282498
1511500554060673028
1511476362116272132
1511451996993331207
1511417325374918658
1511390808901140485
1511360207024238592
1511339177639657474
1511321756203728901
1511152008887160839
1511112112038416391
1511092258887680004
1511056468400869378
1511032428579721223
1510974691464429579
1510772834708119558
1510735994294784008
1510622957726543874
1510424617139191809
1510251569769594880
1510053995255152641
1510024568416739332
1509978157847392259
1509953085925433344
1509932674550542340
1509912317106003974
1509882419570221068
1509621847217909772
1509595650517880838
1509578274619469830
1509549701691060231
1509533220181839872
1509285497155334153
1509273158637002752
1509272401128960007
1509266196658536458
1509258868236423172
1509245724365664263
1509224622469828616
1509215422251507712
1509203148967223308
1509182900784275466
1509166733369782273
1508981916334182400
1508922413366530050
1508915246102106121
1508908539623919626
1508880150498361356
1508864276534116358
1508841818078826503
1508811348947484684
1508794333696303110
1508615302304698372
1508551946780786689
1508530446417727488
1508515704722628621
1508492731299115014
1508453086255267846
1508432316321914882
1508235458442108930
1508128083618021379
1508064178321436674
1507820997755510786
1507493760946642944
1507460771852206085
1507451271439175683
1507425788278288386
1507400901794934788
1507387614558568449
1507376955657797635
1507360246645280777
1507345579248164867
1507342812655804416
1507090753822019587
1507071605566066696
1507065472294047755
1507046303565553668
1507035340254687238
1507028789079035907
1507017309415563286
1507008839782002708
1507000234756427780
1506988172768600074
1506987883164581889
1506801554954805248
1506748606358900739
1506716965825568779
1506699552828579841
1506687424100974595
1506686044497924098
1506669119911112706
1506638735559041026
1506624990988357634
1506443278689972225
1506413254058385414
1506389496685899783
1506383675801411588
1506373279292047360
1506364779841085447
1506347625980862468
1506340913366601728
1506314386172002318
1506300996284293128
1506287656426258448
1506276293318426627
1506263762608795657
1506046056219529226
1506025938928209930
1505999046326030338
1505983011447263232
1505952689452109838
1505920247735500813
1505671592684236803
1505608016028123144
1505538784393314309
1505434232063209474
1505258583776190469
1505257573318078471
1505166255690588168
1505166001658281984
1505159539435483136
1504915493555249156
1504868383384342557
1504868319928754180
1504866128891461636
1504861216791007262
1504539384971943950
1504501641332113411
1504486966749847558
1504476351134269446
1504475594062385158
1504450729330851848
1504210264966709248
1504170434987708430
1504156164086538246
1504121982492815367
1504106597295042564
1503845742892490753
1503825371334127623
1503765081980641284
1503750790095286273
1503726669730881540
1503539200687280138
1503481396299550720
1503446180201701377
1503424605117112320
1503401821473230850
1503361916349124608
1503073529654296589
1502744833118593031
1502379290943696898
1502353886337712135
1502337244350361604
1502322632275935242
1502311774632218627
1502087507252502528
1502039677146378241
1502031514556637190
1502011944567517189
1502003935384592384
1501991724473856010
1501971037323468805
1501939868410073088
1501736277191892992
1501731477389819904
1501708388241227776
1501669343112880130
1501648993666932737
1501630969115250691
1501609563690311692
1501599087627489280
1501343636331675649
1501324354528940034
1501303686244536324
1501294233109643267
1501274608305070080
1501255729927405575
1501223801916432385
1501214160859942912
1501204576954949641
1500944417221451781
1500921324092506120
1500883527050661892
1500880113398910982
1500857136594755587
1500595553373200396
1500576073263820810
1500329638396145666
1500259600045592578
1500195532635054088
1499890701810741252
1499831755469164544
1499809624538632195
1499794903265599491
1499755607578009600
1499567575663058944
1499554136714620936
1499516291534802946
1499477691870986244
1499462269679415309
1499430879478882306
1499412715567206406
1499411493145694212
1499390338384945153
1499149581610852358
1499136677985624066
1499103399752921090
1499089199840075777
1499067081953882115
1499057332428419074
1499032529155903488
1498874922311069699
1498862069550133248
1498860286832435200
1498850868753539072
1498849433726902274
1498848499164753924
1498839604354498560
1498831098217967618
1498816148347002881
1498787430048096263
1498777994957103105
1498757301725011969
1498737824882962437
1498733543069044743
1498712407543324675
1498700834288422915
1498679710972321794
1498645364756434946
1498473321033261060
1498429983504674818
1498403635113439235
1498380915487256580
1498369472339628038
1498345117475823618
1498319682457284614
1498316988334104576
1498106506948063234
1498085904329576449
1497759787081211906
1497662448589017093
1497591863943041031
1497360723395190792
1497342762664005639
1497329361044881408
1497316702777978883
1497295165005844482
1497259251173109769
1497252260757360641
1497204092170604547
1496995726529859584
1496989721008001026
1496969694091554817
1496949730831704072
1496918786523516933
1496888298937192448
1496856712275496967
1496856710304223245
1496696824878583814
1496632936216600579
1496601360401326083
1496568607702147073
1496559192773115909
1496528126855241736
1496495599373496322
1496316620200976386
1496224202055163910
1496199855173214210
1496175825565241346
1496168542252814338
1496156625509441537
1495836190251048965
1495836188346834948
1495090478710145026
1494798990461870087
1494773158066413571
1494728655456591878
1494707232709226501
1494679525027950598
1494441363814985730
1494413427556691970
1494387162409750532
1494356214620246018
1494332013112741897
1494319380351627265
1494130340767617026
1494073469155352579
1494054058793082886
1494033258035748866
1494014252155289601
1493987980410826760
1493983854075523074
1493963502909861889
1493718105066987523
1493698495567613956
1493660834245099522
1493635707931299842
1493628219987222534
1493614660590915588
1493591144248352769
1493351336188026884
1493299190411182089
1493283638485602306
1493250130237083648
1493236459645685762
1492943992983625741
1492534384179744770
1492239973675937807
1492209928668430336
1492162792790675464
1491902590107492352
1491879333690019846
1491864233042223112
1491843733746290688
1491817728394645505
1491786277737230349
1491534457324646406
