1534670927421706241
1534547490971996160
1534170046163034112
1532508436864303117
1532373447535386624
1532067874244018178
1531666871560425474
1531392686715985921
1530941642479489024
1530257601165934595
1529840530871533569
1529599975243513856
1529599973876277248
1529479349056978946
1529452192142442497
1529239147667496961
1529231102291890177
1529226884772507648
1529139925324644352
1528491017892245511
1528161926446039040
1527683641647702016
1527397473236434944
1527358176579899410
1527101958242422788
1527011524019204096
1526744263672864768
1526668666758213632
1526306789481906178
1525543201158881282
1525490607396986880
1525169785650270209
1525129308301316096
1524817180755636225
1524523343680049153
1524486608032047104
1524226976285970435
1524131856559583233
1523448483679993856
1523385132945526784
1522678965676261382
1522271170179080192
1521941626477854721
1521860184351596545
1521521301529182208
1521321179017003010
1521305899763216384
1520916564815589376
1519777800680620052
1519418140668608517
1519391389049569280
1519346875316506624
1519053605633941506
1518002916933738498
1517512307991056384
1516764091670482949
1516449740673671180
1515683095252451328
1515312311367573506
1515065035617361933
1514423359039229955
1514240550769242123
1513983132927672320
1513617423248863233
1513258422816452615
1513137371528802306
1512906453786443786
1512807808756035585
1512534041446305804
1512448989492396036
1512130463627980803
1511805770148589579
1511767036900302859
1511745678866894855
1511711986047983626
1511667601730150401
1509995617761726464
1509932499195072517
1509634588481576962
1509603054303207429
1509577750310490120
1509261175074304008
1509161505488613385
1508946104204861445
1508915205161603076
1508860701196136449
1508497641382027287
1508180020786827272
1507862357111975941
1507130940895678466
1507008830223257630
1506778968330063874
1506772080720818179
1506708427506012163
1506680904986546184
1506622475790127105
1506420823934046213
1506378461778169858
1506326818047021057
1506326778566127621
1506050611267223562
1505619733470760970
1504927884498149377
1504604619447623682
1504536696016285706
1504466663588220934
1504103402984423434
1504103401080115211
1503801807407046661
1503785739506573316
1503467558829236228
1503396995033088000
1502738610143039493
1502295161111560198
1501973768188710918
1501955795705020422
1501777621641830400
1501763466360766464
1501763465446313984
1501763464179638275
1501318280631373830
1501280296804573184
1501247638301257728
1500969410118492160
1500934437411995663
1500519037234724869
1500138244477911041
1499552514760327171
1499473878975930376
1499127355247366157
1499033260235571200
1498868981175930886
1498860700483342337
1498857873228582918
1498850332188758018
1498695438559494149
1498463224332705792
1498398153246228483
1498100813968850951
1497591099283718146
1497235633592573955
1496957786709979136
1496874469209608204
1496562438329798658
1496522103478235137
1496242575270981637
1495436492587642887
1495138461451493377
1494723951385366533
1494402951888220162
1494065827825524745
1493651747356778499
1493361003605671942
1493351357637705733
1492598435442212864
1492199228810186757
1491890991506366469
1491579547858489349
