1534649120341753856
1534642726234374146
1534642724992962561
1534642723952680962
1534642722828599296
1534642721650094080
1534641870990721031
1534640551433150464
1534637199752368133
1534630148930252802
1534591668871172096
1534583047399546882
1534551261147717636
1534521053703192577
1534336560656789504
1534256310316945408
1534255085244538880
1534251971825307650
1534220467829104640
1534209788355170308
1534177743495127043
1534177643712729088
1533920041808416770
1533918266917371904
1533882312626159626
1533868438321606661
1533604307542716416
1532835170235174912
1532829366996148226
1532795683060826113
1532773791516004355
1532491459689172993
1532464909203775488
1532464087938088961
1532463657191235584
1532461668248215564
1532448764895580161
1532437686958575641
1532429877852389376
1532378497649451008
1532371984218218497
1532106995255369731
1532072111631568896
1532058022893486080
1532056543901777920
1532056539741114368
1532051773556416518
1532051309964275715
1532051282478915591
1531987451123847168
1531747751373021184
1531732567350775809
1531697142187835392
1531667013709484033
1531309109269647366
1530675427936804866
1530675425566937089
1530244319789072385
1529896029700644864
1529673258504704000
1529673166712410114
1529526688186519556
1529515923643801600
1529199708526215170
1528840767032201216
1528795334129946624
1528110890603937792
1528035396227301378
1527736816614383619
1527735105564856323
1527712988043649025
1527712234822160385
1527694582170931200
1527681146410127360
1527673095791968256
1527672559772348416
1527666959084576769
1527637674391130112
1527332735022293010
1527331505336643588
1527327687509168130
1527324336628961280
1527306262018662401
1527002661970755584
1526971074755305474
1526967143182524418
1526930934641180673
1526658866221555715
1526650314203488258
1526620619638554624
1526597325661011968
1526205413774983168
1526205412638326784
1526205411312926723
1525622619592065024
1525215998000889858
1525196694840918018
1525149239445278721
1525140318353379328
1525125664336187392
1525115767347453953
1525112489284968448
1525099728777752578
1525099574569877507
1524890569792753664
1524889756101971968
1524871713304944640
1524835946574794768
1524835915792797696
1524805736638910464
1524805347541647361
1524789282254241795
1524760956093583360
1524546178465026048
1524487556213137408
1524487098253946886
1524471493299777543
1524466534516772865
1524429518395609091
1524416784543232000
1524395369685258240
1524392146371022855
1524392030494932992
1524189262345875457
1524189161414144001
1524092983620083712
1524091549222592512
1524091050922491904
1524090887600578561
1524088032684556288
1524073952171245572
1523678203138932738
1523360982075985925
1522992648625311744
1522680092735979525
1522674377866854402
1522674366189813761
1522642296944144384
1522639849093799941
1522631193132474368
1522607204230217737
1522591879015063553
1522590142820667392
1522327742808825857
1522307716433207298
1521879294309502982
1521554344096813056
1521508144639315970
1521304483317309441
1521215357880619011
1521193642861416451
1521193641020166146
1521147170556203009
1521140678943776768
1520727248264957955
1520160885863501824
1520116611826569217
1520087729224228864
1520087728146235393
1519724265427378177
1519703018538774532
1519702971105394688
1519702952180604929
1519695689323794435
1519678035812835336
1519425852123009025
1519402082809389058
1519401904253583363
1519052234398568451
1519050815675195397
1519046753701478407
1518996702753140737
1518974822654566400
1518756729344995328
1518699709162201088
1518699707794608134
1518613621835710464
1518018705321447424
1517573515813310465
1517545776209178625
1517250097355976706
1516958494120759296
1516851978395000832
1516834733740625920
1516544033392263169
1515750111401242632
1515646389937754115
1515115823714779139
1515115804685217794
1515115792127385604
1515054794527977485
1514984423451734025
1514656124913565707
1514627924988682244
1513969073788526596
1513968998135775234
1512486437987491848
1512486418949767171
1512450923712425993
1512135580393656324
1512113356752273415
1512093154018742278
1512058608053276677
1511878526500315143
1511797277224058884
1511730972835950596
1511712082617634819
1511424624030011402
1511394032982933519
1511383498992635908
1511383421397962759
1511371898541772804
1511370803195133956
1511362585563734024
1511359378297069569
1511359317634699278
1511063189311655937
1511050596937314306
1511044632964182022
1509970289953755142
1509951339010437127
1509937353233731593
1509636268157808644
1509636257571291146
1509635124039761926
1509635122504556546
1509604870248087556
1509592612910608390
1509564606011879424
1509563131701440513
1509561949360582659
1509555827518148616
1509553004013314048
1509301723910844425
1509300565381201920
1509288490319679497
1509288488679751684
1509212770734125061
1509180258766966787
1509157687879249927
1508912400937984018
1508869359187419143
1508869357778223117
1508863494837485574
1508860157735968773
1508849037314822145
1508849035528089611
1508831895357997063
1508482366435729410
1508482281194852367
1507413956729651216
1507121965726904330
1507098961814896650
1507095926971805697
1507095925591842817
1507079710358048773
1507063231927496711
1507058470792613897
1507053139626766336
1507039342950293505
1506702339520008197
1506385672206176263
1506385650941104136
1506301219442409478
1505986568456126467
1505182759156961286
1505182757487628290
1504900504337408004
1504833220461932546
1504819717688672271
1504495440145915904
1504213559001108485
1504202814800678917
1504196493988831233
1504170617582538753
1504129834024423425
1504112563985997831
1503828614885822470
1503811640592056328
1503800939840421893
1503427218155917314
1503427216713175047
1503426990631788547
1503053231143981057
1503024517790191616
1502755721582153730
1502447171223932932
1502381652932190210
1502377460309970944
1502321647411470342
1502321509142081541
1502320895154610181
1502290687487795204
1502290587533328394
1502290552057905152
1502290510026874883
1502290466645200897
1502290346574757892
1502013990930636807
1502002437984555017
1502001491992788992
1502001490625536007
1501980712391610381
1501949624726089732
1501949623018999819
1501714740460011522
1501673177411375110
1501672845423824901
1501672243688050690
1501646963275702273
1501640231195492353
1501597563782324228
1501380077061345280
1501320983529103363
1501319320953139206
1501308990822629382
1501297983731769350
1501284508427071492
1501284014619078658
1501220553818001416
1501219340418527237
1500924142509510668
1500920652185886730
1499870697983815682
1499869349926088705
1499842227647954953
1499822249334947840
1499821912939282435
1499783676460249088
1499776816197902342
1499775321960243209
1499773538873524225
1499747407030009863
1499527247723737093
1499527245941153797
1499521946849091588
1499503284276584458
1499460143314046978
1499412120622010369
1499402502487166980
1499181129064009733
1499181128116101127
1499181127398871040
1499181125654118402
1499151098719911942
1499144325799755782
1499133113322061827
1499100303186087938
1499090258150969344
1499085343483731971
1499045199330349059
1498871851044556804
1498866811227590657
1498865731794087939
1498864617472233472
1498858310438735872
1498857728135118849
1498857609058820102
1498855842749292547
1498855476079046660
1498854472499539970
1498853885720600576
1498853223578406914
1498853016111357952
1498852268057280514
1498851486108950535
1498850635869040643
1498848917202644996
1498848750390976518
1498848209011200006
1498846889940299779
1498841356948680704
1498819396814397446
1498777630644002817
1498777629528313862
1498777628425261060
1498777626755932164
1498764371396288515
1498701917853261824
1498469815186505732
1498386378538856451
1498378629830840320
1498365911853682689
1497341421845508097
1497310922083377160
1497310920057446403
1497304479288414212
1497304470123864069
1497304460393127938
1497304404063440897
1497289038050562050
1497289035194245123
1497284278094336013
1496965209327497220
1496964985519435777
1496895429383888910
1496894067308830730
1496581515278536716
1496575728237830144
1496575214834135054
1496512576460664837
1496512527731392517
1496243891032494090
1494790131898855426
1494758601054998536
1494706249132298246
1494706247966367745
1494378925480419329
1494370950078513159
1494079191582707717
1494066723904970758
1494024889610735624
1494024888096641030
1494007696386936836
1493711121899036674
1493710667744002052
1493653850066194438
1493648809255215112
1493625851560218626
1493625412781494276
1493625314534203392
1493602225280671755
1493601079572971525
1493593384187047945
1493344716460630018
1493337591143448577
1493332688736079874
1493324810646175744
1493302936532881412
1493275943107895302
1493260078463520770
1493250573449273350
1492579222782713856
1492235176079986689
1492233468327124999
1492231513789902858
1492162859710701570
1492162581443878912
1492155448413368327
1491920608531259392
1491918811217514497
1491918808793202702
1491836009704742915
1491806486200295425
