1534610052136542210
1533837144288026630
1532353200904454145
1532093311753781248
1532003576997879816
1531353980739145729
1531257029976903680
1529527412828123136
1529187562388086784
1529157244625068032
1527693401914855424
1527672299570216960
1527671829971849217
1527358388484849664
1527358276739932161
1527347036877918209
1527333918537822209
1527327712691384321
1527297149327020032
1526953302562414594
1526680702128906241
1526667359351713794
1526322173148815360
1525171950171070466
1524795117642649603
1524432218378190848
1524423923823259648
1524398907542982659
1524072416229613573
1524061743214960640
1523739631891615744
1523368402953375745
1522564872546000896
1521894527665160192
1521558165535481856
1520386276200964096
1520099714921902080
1519746960751841282
1519746907307921412
1519690183540719616
1519672373003309059
1519476683190976514
1519476680393383937
1519468181349355520
1519392747576254465
1519352307300933634
1519342670119854081
1519013680226222080
1518749337408446465
1518749263014023176
1518749260401020929
1518626891812544513
1516833734410084354
1516833731562061824
1516787677974175753
1516777849138597888
1516483758006091777
1516057854867824643
1516054507419013126
1515679975944470538
1514956638263857158
1514711700632653830
1514303513928642560
1514261485559730180
1513919048857399299
1513918803733794825
1513557315038978048
1512482970116009988
1512126047088787465
1511793270254354439
1511772526581530628
1511765462895546386
1511765427944361985
1511731479658872836
1511729877296496644
1511704704249737230
1511416838571368448
1511338555523616778
1509975229841514496
1509939340100702214
1509936717377282052
1509894020247527426
1509623138140798976
1509561295221272580
1509551607091970054
1509527547762995201
1509260723284754438
1509254145429098497
1509222247243911169
1509222172472004609
1508893639212244992
1508860634250850315
1508860633051189254
1508860631847514114
1508832136895340544
1508481765744250883
1508448688166817796
1507419040939012103
1507387429698813957
1507367777954369541
1507023830392451073
1507023707650277377
1507022678624022535
1507014076483858442
1506699488089493504
1506332382244356101
1506302067501056002
1506302048366743554
1506016625434435585
1505931826057166853
1505931126489206790
1505174672014553091
1505174669573431307
1504838325349277701
1504501326071357444
1504494427821252617
1504459594151739399
1504459327700180993
1504251940653391875
1504214372381601799
1504203193202356226
1504198471749976064
1504139443443318786
1504133503184687105
1503820979977572354
1503768207764688905
1503447237950644225
1503437296460353542
1502324596745379843
1501989396907806724
1501985604002795529
1501654901297930240
1501630681432137732
1501614782943842311
1501599186852237319
1501329974304903171
1501246087595704321
1501227786068922371
1501227715336478720
1500884642135695361
1500871363149582336
1500868611182841858
1500851096880918532
1500843206539452419
1499846076928569344
1499846033492348932
1499787322996441094
1499785432359391232
1499784932507459595
1499767221622648836
1499767084133367813
1499765998693535746
1499420021117927431
1499401881252106251
1499116079641100292
1499080431253270536
1499080430112366601
1499080428900306946
1499080427679752193
1498878278718955520
1498867966741516289
1498857022602850307
1498856896123580418
1498776943575109642
1498712742307541002
1498711990843461639
1498695650598395912
1498423644711702530
1498407295578947594
1498407265178632197
1497315092387573764
1497314346933886981
1497313661198680068
1496931402302070794
1496597917511073799
1496597363544186888
1496236585532149766
1494788791013462016
1494743196458524672
1494666883160756229
1494365074793844737
1494353433691922434
1494310671005143042
1494297351216848898
1494049595143467009
1494038875773276160
1493997864334557185
1493992795719221249
1493973837221961735
1493692880820527109
1493663652804808707
1493639451809095685
1493635947388354573
1493584524885823491
1493573916136288259
1493294655974391808
1493281574770688000
1493255163120922631
1492197516011614216
1492187630192283649
1492165911381528587
1491827268024508417
1491819722597453836
1491794318285164545
