1534632452752297991
1534595844103602178
1534531376283885568
1534298659013132294
1534259948057776131
1534253701849825280
1534234465580593152
1533960839585308675
1533960838234656769
1533928646058160128
1533928644917215232
1533928643629555715
1533928590009581568
1533928588667506689
1533869457118052354
1533831832369827840
1533082760616849409
1532740655256158210
1532482194123304960
1532474639217094656
1532463313442988041
1532452139439644672
1532452031931334669
1532451887890542592
1532380821448957952
1532354997211516930
1532115516223115264
1531636286053924864
1531598633619050499
1531266969294589954
1529882429644845060
1529533670532448257
1529533668640841730
1529513370776440832
1529172708466036736
1528853542605312000
1528756105832169475
1528122104683671554
1527756347479031809
1527720880717144064
1527716681677774848
1527411274660782082
1527396118539157504
1527396116987355136
1527353666948460545
1526952583247679488
1526684623157223424
1526657403466432512
1526626628666904580
1526609415972995072
1526292230939484162
1525241980237754368
1525222534370803713
1525204687145811968
1524854763283787777
1524497061869150208
1524432365459705856
1524377714303676418
1524090153299546115
1524065952450715648
1524044901104734209
1523760722009747456
1523738531062968320
1523707336342138880
1523673906648821761
1522301836824395782
1522267043126517761
1522258850627395586
1521933662346002433
1521933429679570949
1521872607271960577
1521161925513601025
1521097171478663168
1520388224388145152
1520168549490343936
1520138351025614848
1520122270160728064
1520110240489955328
1520103248383860736
1520052057994055682
1519785311697571843
1519747922551844864
1519747021275643904
1519741439986515969
1519723493323161602
1519718024231723009
1519691448542765057
1519679531971457030
1519426063885119500
1519372744873459715
1519068344183406593
1518963468141015040
1518662387108356097
1518625222735413252
1517870719169974272
1517624289263964166
1517596622867283979
1517570167286415362
1517532426687467522
1517508078786260992
1517216626441166848
1517189629920915457
1517175926362103808
1517145560519614465
1516876969429852161
1516872814653063170
1516822860010037260
1516779163960623105
1516455159706050570
1516423116515332104
1516143015424888843
1516107576693436424
1516106144099545095
1515827452550914049
1515809488682561540
1515809235539480577
1515670741492060163
1514641705643003909
1514635997816012805
1514622441250828288
1514345690150879236
1513960800901382144
1513939233119088646
1513569651371954184
1512164233785524226
1512153614504108040
1512125156608651267
1512077818372403214
1511840174526894083
1511801737992192006
1511747337479151620
1511703120610529280
1511459317635063816
1511428781327663109
1511411211463712769
1511399552653352961
1511121895457964036
1511106215186677767
1511094614110973962
1510003154489909251
1509692486171701252
1509647310317404174
1509591339658317826
1509549975402917894
1509523376443904002
1509523360031645709
1509275625936363520
1509243446942486532
1509157966175518720
1508973410952568833
1508866367386181633
1508500116012945432
1508466217585156097
1508466215953522691
1507438601474347029
1507128478239440900
1507114571080904704
1507105965300191246
1507039584567406594
1507019363664027652
1506764098389827585
1506677445784752131
1506404613582381060
1506402892382707712
1506367805653983241
1506003047436079106
1505995099058094082
1505994447359725568
1505992634430631949
1505988315895504899
1505988314645639177
1505988311759917060
1505978702525513731
1505003411657351178
1505001112851476482
1504975915201269767
1504948260590567436
1504903577038475266
1504878813330780160
1504870784715657273
1504824986242015233
1504619914434420739
1504543594903969792
1504516678155227140
1504487251845210113
1504483481270644749
1504450192933806089
1504211086962311171
1504194800018468867
1504174934133776398
1504086908313419777
1503859549186441224
1503765438689419266
1503506258782949377
1503433157240143877
1503383192702705666
1502403994940891138
1502385534127247364
1502064256468070401
1502036270859628555
1501943719888490500
1501764369574682624
1501732440267796481
1501704800819458051
1501679249236938762
1501618095902896130
1501616092137103370
1501610668239241235
1501608736317755399
1501603323287412740
1501575270054125570
1501319710477983749
1501299029069729798
1500948389193736194
1500843315884969989
1499875091563352075
1499874267038691338
1499798603895877637
1499504899335155722
1499466301810655240
1499466299914833928
1499420357345828869
1499111552229728259
1499095072176058382
1499084094436933632
1499064119139389444
1498869063518494721
1498862124239568896
1498862026327736321
1498858698390843398
1498855400258654208
1498854217938833415
1498854098304651264
1498851020558020613
1498850502737604617
1498847434474242049
1498846960136110082
1498845549310758916
1498838129926672384
1498796886425276417
1498737214657867777
1498728308346925059
1498712546609700876
1498673422385262607
1498369358149652484
1498322727668797440
1497990081176645641
1497360131931230208
1497330570115760129
1497303637059641348
1497296508194103300
1496964402049949699
1496960628312915968
1496956613248249860
1496890718064939015
1496609563726000138
1496605547130507268
1496591739775340546
1496509492166545414
1496495981445136387
1496197869577158659
1496132842321027075
1495810423878295565
1495599277892063235
1495126039940382720
1495119244291416064
1494788029348818955
1494757069173542916
1494706412596998152
1494684746810634241
1494381759743594505
1494380709716320263
1494355120972312576
1494056131853004802
1493958148780089348
1493645270403502089
1493609181831643137
1493359404476878851
1493299128226439172
1493274818627739652
1492241510133379077
1492176895517114371
1491889258071826436
1491867594760110080
1491822175283777540
1491782731898007552
1491533231115624452
