1534681473642536960
1534574069152387079
1534528450094108673
1534218879093841920
1533827425435586566
1532752414654226432
1532133905037393921
1531345464527839232
1530191032800923648
1529860455149101063
1529836206501920768
1529604248174047233
1529456460547207169
1529214530869395456
1529145607847391232
1528841707084709888
1528743983089913857
1527275289776111617
1527032306803826688
1526927381562286083
1526597746974765057
1526360491370627072
1526268918544969730
1526236653488152576
1525836711040798721
1525836710185156608
1525116834332147713
1524790649026846727
1524467933010870274
1524401772722368512
1524184264341921795
1524067967763423233
1524032005876420608
1523716616244002816
1523336391538716679
1523048997740441606
1522605755995758594
1522317069823488001
1522251679839756291
1522224001052983296
1521906363802300418
1521858676105129984
1521563672547672065
1521525961052852226
1521483119777488897
1521305088383410176
1521296170571735041
1521164995865845762
1521164994016071681
1521130607295750147
1519773088266792960
1519744918729670657
1519679471808389121
1519416294956834816
1519385366947672064
1519353177321082880
1519313839938052097
1519063911517106178
1519005780275613696
1518955178988347399
1518696597193908226
1518635034781097984
1518600032991297546
1517637122164994048
1517596082297053186
1517549672897855490
1517509668280623105
1517236199399825408
1517184809940013056
1517141322007670788
1516874831379185665
1516815377656860680
1516778723881672706
1516522023110946818
1516478907993755649
1516454074958303234
1516423572180418560
1516156951717355520
1516091270258692100
1516053938595844102
1515057370518327296
1515010787978485765
1514962807980179461
1514710091366383617
1514672125122121728
1514643247171354633
1514596377208184833
1514373012254081027
1514373009930391557
1514279747034902529
1514244804414042113
1513981292685144065
1513947548741898240
1513916525480013830
1513881299353751559
1513620851412795394
1513590251838533634
1513554328555909120
1513517993740759042
1512535761039417344
1512522211571101696
1512495716114915328
1512461927552716800
1512431682439188483
1512249486898253828
1512187433198231564
1512160292519747598
1512132780649500676
1512121536488128512
1512111701596024835
1512077497323556864
1512057131335364609
1511871855677874183
1511815163846045702
1511810429990981633
1511808452087136259
1511805859806035976
1511803187065409543
1511801485985820677
1511777664541024265
1511744744669462528
1511710283286339584
1511435077259087880
1511409520941096962
1511344573112533006
1511086204808314882
1511065339139866630
1511012917868744707
1510982396413415432
1510029242607693825
1509999044747091971
1509972128682160132
1509940615483641860
1509931249867051017
1509896031022034974
1509673408405155850
1509627091171614723
1509591364995977239
1509569443545944066
1509527181097119749
1509279898808074242
1509246033708130313
1509210603939897345
1509169206348197894
1508946518451138560
1508942078440624136
1508912092241408001
1508881448014696449
1508842281348091915
1508817182507122699
1508589875712466949
1508539827528085508
1508480638537670670
1508445568934330380
1507492524537040905
1507464169628479492
1507435886660751370
1507401687492931593
1507367345244758016
1507099940346028035
1507077005694623750
1507032441097269258
1506999581850095622
1506776096267767808
1506748067839627264
1506704792122531842
1506669602654367748
1506628877518622726
1506379552951574534
1506338249668763658
1506273374225502215
1506030140320591876
1505982160033001472
1505923547406995461
1505907077901737984
1505686743772712962
1505209864259358731
1504940715050119173
1504896738884300807
1504874176276009001
1504872128432246808
1504844351184191533
1504829534390173708
1504578324508688386
1504540574807846913
1504526143990505473
1504525759368605702
1504502828479430657
1504478731343065110
1504458219762200587
1504213275839549441
1504189406231543809
1504155539047165962
1504126043300454404
1504100992006119430
1503869237101740032
1503850147570192387
1503824312284987396
1503806357014827018
1503789532008927245
1503765914218598403
1503698216730214400
1503483100273197065
1503450869542629378
1503406280781742087
1503369231047569409
1503106115416072205
1502370337102647297
1502319969807347714
1502014116277460995
1501973762194948102
1501942211092439058
1501628707479433217
1501572297731227649
1501344444267724804
1501340909165756418
1501335892388196358
1501300905530077186
1501275417818411013
1501240321002422275
1501207143780950025
1501196742758481923
1500969543669223426
1500947274297401345
1500942351371493385
1500905293756121095
1500856129089327105
1500517567236128775
1499865657168572417
1499842957213642757
1499811230957064196
1499766076623790080
1499475259132727301
1499429398327529477
1499399196163592192
1499144798179049475
1499111097340727299
1499088814484111361
1499072292999077894
1499041067135553537
1498859436781277185
1498855550666297347
1498854508734074885
1498851701184516100
1498850486564368385
1498849716238487558
1498848788089294850
1498848211292803079
1498847712346836998
1498847186850885638
1498846158021611528
1498815448137277443
1498765518974726144
1498717560170332165
1498692336829800454
1498670927952891909
1498430199423135744
1498401430545256449
1498376829421375497
1498343659401625600
1498312047750119424
1497970069237817351
1497647056718028801
1497295832776949763
1497288752145784839
1497276575850582018
1497227513528999939
1497221671786266642
1496910139458207749
1496860475845328896
1496607887757611011
1496567655196770310
1496552941993353221
1496532028308828163
1496503382084890625
1496489966020571143
1496258505522642945
1496233414017626117
1496211319384588295
1496185248119406598
1496179228206931970
1496165694240657412
1496155462621974536
1496143645682065408
1496143560395182082
1495816077263187976
1495459540250337286
1495103487738322945
1494793851713765383
1494748736190357514
1494713013559037952
1494689801445986305
1494424201746423817
1494372705411420167
1494368336355995652
1494326039278854156
1494091644471320580
1494070011832504327
1494039386077511680
1494002314918649857
1493969332270944261
1493712846600953858
1493678889176027138
1493678451882172416
1493677748967063559
1493647743436435465
1493623692080910348
1493602614520471555
1493602610259058704
1493304694483128322
1493248100638642177
1492914828356329472
1492222054095069193
1492155328733097984
1491889291995361281
1491889043851853832
1491853209480089614
1491781860623540226
1491567806512574471
