1534636489379827713
1534635013949497350
1534570156244062213
1534569464301240325
1534569256188358656
1532509107999195143
1531782965218484224
1531782599168909315
1531364687647870977
1530332245046722562
1530271947338162177
1529905221735964672
1529563823237210112
1529563748486332416
1529191538919628811
1529190891545677831
1528523004547932161
1528522684891635713
1527707437767315456
1527686961506418689
1527669225128534017
1527642801080500224
1527627703381286912
1527371685912948758
1527364717227847683
1527349830082711567
1527335665326645248
1527331619673341957
1527294171735674881
1527069047296348162
1527011147378982912
1526997011077160960
1526972130818043905
1526966524166262787
1526943751737942018
1526661780642078720
1526655399948079104
1526361602949251073
1526303501336424448
1526296887359328266
1526208003183198211
1524844621460819992
1524843253937360933
1524826643252056064
1524826046394163200
1524825532378009603
1524824589150429184
1524824071292211201
1524823870531899392
1524728597147172865
1524506876045578241
1524483315214032896
1524457568164319233
1524380066268041217
1524374010640756736
1524116564148166661
1524101094867091456
1523794632500707328
1523662923469815809
1523384805928456194
1523050625910460416
1522643042544594944
1522642616793317376
1522336208357056512
1522309288508772354
1522273001735000065
1522263967565070337
1522188107814256640
1521982595302580224
1521949370274492421
1521940800376082432
1521905316484591617
1521904785099796484
1521883267674394625
1520844176065273857
1520541854839812101
1520163156340924421
1520135220510474242
1520127534301687809
1519804598667595782
1519755064314941441
1519748886885249024
1519748275259252740
1519714477096251392
1519428250962907137
1519427230631346181
1518974685446295554
1518957883542679553
1518741898973786112
1518718883200393220
1518083031990292480
1517204954498355200
1516499289412886531
1516480555235352582
1516480446808600579
1515759713752821764
1515472145517670403
1515106925364527113
1515106626784702475
1515106011798982666
1515105273567981571
1514701109927059460
1514633281580511236
1513979762749943816
1513979568746643459
1513979450966298630
1513979301028237313
1513979078600232960
1513664975155384325
1512601778147237888
1512493000361975820
1512467810449956865
1512437608542056449
1512428236076351490
1512067668605497347
1511845323123134467
1511844949444149248
1511844612238979085
1511839532823597062
1511823481633185796
1511737675925139459
1511731143829245956
1511690188954607623
1511417045602156548
1511329560465395718
1510711319569260546
1510675710586806285
1510307951965356032
1509667103254667264
1509660145214709769
1509598905633148938
1509591947853320201
1509139627730345984
1508834036021706760
1508831309451382784
1508824687035523081
1508813176871305217
1508603177117048836
1508554649934123020
1508551316888592399
1508228645629964290
1507858183410311180
1507852909026893830
1507373393858994182
1507124596503416843
1507078546274996227
1507069639460892680
1507007405258788873
1506999788063047680
1506995375336476682
1506978462376112137
1506975975967444995
1506757253025701893
1506743601849671686
1506736760067399683
1506695879549501444
1506694969725173766
1506694445684727818
1506693913272373250
1506662605867429899
1506406711795585029
1506326228713852942
1506326060568358923
1506325533122048012
1506325418764292107
1506325268411125764
1505031047452446722
1505030896893808641
1505030740702113792
1504227871782588421
1504176657451606020
1503881786362896391
1503732368712032257
1503730108623986689
1503529701293367296
1502435452124422145
1502428908435611650
1502423486278549504
1502354940009893891
1502266164164141057
1502140252638621698
1501651591094579201
1501244878356987910
1501244378634989573
1501244198590291969
1501012233043775492
1500976750733500423
1500970222936805382
1500947172057047040
1500943140236189698
1500909961437716486
1500578214028058624
1500544000876503043
1500140604076011526
1500140375637434369
1500140098565939201
1500139977996390409
1500139574978359299
1500139303724277768
1500139109490348041
1499935227405381632
1499927599283331075
1499882043639017473
1499484898180190213
1499477235899764737
1499462450785177603
1499444237229858817
1499441080651112451
1499372770974650369
1499128800923328521
1499103916721639427
1499097803041263617
1499056955805077504
1498868260250525697
1498820013197000706
1498761109033136133
1498747400378273793
1498726222280417284
1498720448539942919
1498679620002099205
1498493450953674755
1498472025882570752
1498456735039717376
1498445410351734784
1498432105390477315
1498378734407143430
1496978781063598081
1496960168730390528
1496877587154493443
1496874366092591109
1496830513440514050
1496319401934606338
1496316381620490246
1496310448282640389
1494757541980643329
1494756953553317890
1494449911869448200
1494357478674419712
1494092717122633728
1494063990997241869
1494063005692223494
1494062426463031301
1494027120653254659
1493980657336389650
1493961655537094659
1493711133018103809
1493571394852032513
1493361804113764356
1493361478929371137
1493340916211499011
1492251558989422595
1492250916707254272
1492249611955847168
1492208171527639042
1491929023047516194
1491895408989282311
1491863531167399940
1491843079741091845
1491608616578822147
1491549081864388611
