1534657094674259973
1534640216169926661
1534594099910782977
1534574660750278662
1534554895789043714
1534538853750554624
1534288982393212929
1534288981298487298
1534288980132474886
1534269760120176643
1534213036759818242
1534196719264706560
1534173993582088192
1533920014776033282
1533920013727539200
1533920012645412871
1533920011164729345
1533899476376616961
1533882761966231553
1533868324534292480
1533848633002668034
1533800870126698497
1532804694648700928
1532793724979249158
1532751563512549378
1532751562245816321
1532717637809184768
1532717636043165696
1532473454259318784
1532419310244794369
1532419309112381442
1532396548570718208
1532375239962808320
1532368960426999808
1532091248584040448
1532091247200022529
1532057048657305600
1532012301997449217
1531733127873413128
1531719127068561409
1531719125751447552
1531702351030910976
1531681460377337856
1531660609200209921
1531282399618863107
1530249153552564224
1530228074687643649
1530212929697681408
1530183254652993536
1529874678667411456
1529873588777635840
1529865477736042496
1529836938865389570
1529208844357881856
1529193760093003779
1529191041194156035
1529164053557522432
1529145994532818944
1529119541804126208
1529091123515469825
1528826674007232512
1528807616641654785
1528784046481874953
1528770891328409600
1528759303078821891
1528751220977967105
1527738440095256576
1527709776821510144
1527690747717341184
1527690745469075456
1527670476746772495
1527650995576180738
1527390062421237760
1527368043898163200
1527349978988892163
1527349977378279443
1527349975289860096
1527349973687291925
1527326350386040836
1527295840187846657
1527277677169762305
1527045669030084609
1527022459408502784
1526997981236453377
1526997457741172738
1526987073718214658
1526983322324414464
1526968615211347969
1526958868609306624
1526943714500829184
1526927624123125761
1526647908669526016
1526624619284791296
1526600498970873857
1526553886194077696
1526249549764956160
1526236924935131138
1526210248612237313
1525844003790413824
1525203120837611521
1525187121979576323
1525143944044105731
1525132624460750849
1525121581353082882
1525110952340996102
1524914133631631376
1524869251806420998
1524853821222137857
1524842377017446417
1524842375729795082
1524842374714773524
1524842373607464960
1524842372525346823
1524842371413856256
1524842370273005577
1524842368951799824
1524832745339375623
1524832744307556352
1524809794393104388
1524803353917763585
1524779546196819968
1524769073007144969
1524769071908204549
1524751732395413504
1524504754616995841
1524462126399733760
1524427290301640704
1524413617617129473
1524383076238962688
1524383074921943042
1524383073541971969
1524383071973388294
1524383070610247682
1524383069137997824
1524383067510648835
1524117170866827265
1524093446490927105
1524078572679442432
1524068495645888513
1524059278553845762
1524059276557398019
1524055974549598208
1524035514667610113
1524035512939524097
1524020066416836609
1524008144510275585
1523761879037796352
1523755526101774336
1523750486960386048
1523726164023386112
1523703436478656514
1523690002781147136
1523673840630435845
1523656085449543680
1523291085501435904
1522950862443892742
1522649097743876096
1522649096242274304
1522608084761382912
1522589444930514945
1522587056718987264
1522586209578627073
1522586203215876102
1522586198623064065
1522574459651166209
1522295092949798914
1522285907289817094
1522238357480382466
1522205572111769600
1521945169947463687
1521925688403668993
1521901243182034945
1521901241890127873
1521879186004234240
1521863720787398656
1521587031347970049
1521564650785198081
1521560454396588033
1521535576566022146
1521520614401585158
1521520612992331779
1521499177963995137
1521214588083216386
1521214586980032512
1521166631946395649
1521146250434854914
1521122347264192512
1520449955504218113
1520414378692075522
1520114761048129536
1520105794032783360
1520100450808258561
1520090483984318472
1520055114203025410
1520041478172598274
1519810885564436483
1519779309178826757
1519762418636926978
1519762417521156105
1519762416422297600
1519762415113625601
1519742424121282560
1519728258471931905
1519692994189963265
1519404272537976833
1519385657973653504
1519354179072008193
1519332005569253376
1519311300127608835
1519063682600378369
1518979858939928577
1518942733238427649
1518690350113509376
1518689622649618432
1518652315426856960
1518623872194650113
1518612986465824769
1518602156235972608
1518602151882334208
1518041809011757056
1517877740447358980
1517543701978963968
1517222933457944578
1517205734555017218
1517188435404103682
1516899233231683585
1516876287343841280
1516840620047876096
1516809963569659911
1516784446980202505
1516513757094101002
1516466924175122434
1516424832971386893
1516159102577172483
1516154502428176387
1516094365323698177
1516072878113968136
1516065702016430081
1515663353204596736
1514929756868730880
1514701151882600448
1514701148095139842
1514650272542474251
1514622588433178624
1514622585966936070
1514306789822676995
1514299492455043085
1514256398531579908
1514233443642707968
1513971602865721346
1513945304588034050
1513945299974250498
1513907310191652864
1513867706474315779
1513589208044441602
1513560111415009283
1513527621572829191
1513516008912441345
1513516007310204935
1513279475865300992
1512496165190873097
1512462913059053569
1512444109881065476
1512228244183040003
1512227156398682155
1512223341108674560
1512221967486758917
1512220831790809088
1512214902827626499
1512207670073307136
1512207196418936849
1512162134980976642
1512138737026846730
1512122564474290184
1512100396587696130
1512078780797370374
1512060257849200645
1511819744495685640
1511809893585637387
1511805716033638402
1511791214793789446
1511751030698033155
1511751029427261441
1511717677072535561
1511685739674746880
1511424621853171718
1511402980439998469
1511398085645189128
1511381278741995529
1511378102160613377
1511375968920907776
1511375764465328132
1511348491603357713
1511348490407923713
1511348489132912651
1511348487916507137
1511348486712745994
1511348483277705226
1511348453070229514
1511330037232025606
1511016122870636544
1510973749251747841
1509992725906608133
1509992724098916356
1509926372277428224
1509890231893479424
1509878782370496514
1509611694896599047
1509602017639084046
1509569069812432898
1509560407115153421
1509553399431413771
1509520155864408070
1509278836411801607
1509247510132502529
1509214704828362752
1509184709548457988
1509184707749195783
1509184706453069826
1509171241424465924
1509171239688052741
1509158072064880648
1508893529690578955
1508841578248421385
1508841570203836425
1508826037433651201
1508826034040459269
1508806953505640455
1508551839263907841
1508525585966022662
1508495026673889296
1508481641261457413
1508439750105083905
1507428645551456263
1507428644490252293
1507428643353632771
1507428642221088774
1507428640916652038
1507403831700774918
1507349312682008577
1507092606840459269
1507052218486345732
1507020925778083847
1507000681659514884
1506993892817833992
1506993889151840259
1506993884479504386
1506993881853870084
1506728544088563720
1506671445673447431
1506646785770627073
1506630694868500485
1506349417204527114
1506339041020719107
1506299940628279297
1506275697383428098
1506266614857183236
1506252445890101253
1505961931705835523
1505911616990334983
1505002948333555713
1504902322224345090
1504872968278757378
1504867668272287745
1504833631935676417
1504591290729738245
1504541765122072583
1504484254415142930
1504448081261207553
1504181846757806085
1504157799290396679
1504155917725708293
1504144937180348417
1504124165649051653
1504117938802106373
1504117937174683651
1504117933395619846
1504117902080942084
1503830919093833746
1503792829172273166
1503792826034888704
1503744709734412306
1503720002205147141
1503472650877874181
1503431535546052608
1503360992272601093
1503360990292979716
1503360988564836360
1503360986794889218
1503360985117212673
1503360982906724355
1503360981077999617
1503360979278700545
1503360977324154882
1503360975126384645
1502385835601281025
1502336397574914059
1502336394592665609
1502336390524248079
1502336387449720832
1502336384257904643
1502311699633913862
1502024681641103371
1501974461578465280
1501974459955261445
1501974457996517377
1501974456004190210
1501924819398443013
1501738119116300297
1501738116922712064
1501738114729095176
1501738112455790594
1501738110127857667
1501738108487974917
1501738106118098947
1501738104453050369
1501738102422974464
1501738099843510277
1501738096185909249
1501660693313040398
1501336762357927937
1501336760818835464
1501320234350829573
1501309073744085005
1501292212436422661
1501236780271611905
1501204163329511427
1500933006541967366
1500920294764163077
1500890613528637440
1500856081454616578
1500846242359820291
1499831015153487881
1499812512497377287
1499791369929429005
1499467168349626370
1499431368077496322
1499391480582004739
1499128472622485506
1499102410605740033
1499093168096260096
1499072627184476165
1499045551144423428
1499033771080929285
1498861813907267585
1498781970607841283
1498746716698431491
1498730792364695554
1498714630121791492
1498697436084191236
1498690357483257856
1498676499683201037
1498662400769331204
1498430667578920963
1498396174839074832
1498393610227757063
1498392617008181253
1498379254551269384
1498349658430656521
1497259422099324933
1496917964980989956
1496622552013287426
1496563057237151744
1496561343075434508
1496536397326557185
1496526501285609482
1496515713426759685
1496492544133316609
1496243255373090817
1496220645243375619
1496220641560870912
1496202931653287940
1496192663162593280
1496164368647700482
1496133867966713862
1495809320558211074
1494685664947982337
1494367221564465158
1494359546369818625
1494347387254583300
1494334931064872969
1494329839939063815
1494040823104737281
1493990130310389761
1493965813623267329
1493711274018017285
1493670265947107332
1493650479544512512
1493614176312377346
1493588034390052865
1493321589802385414
1493307972545658880
1493290918320951305
1493283265771450381
1493274765083262982
1493265527216738309
1493231112147062785
1492228085432958978
1492212853234933766
1492206440232235013
1492170170357501958
1492167690307489795
1492152090151559181
1491878772840218631
1491859763919007745
1491843616238620675
1491831894354313222
1491775785107079173
