1534667886471544832
1534578361447731203
1534224709025406976
1533884850595299328
1533776319166746625
1532424986266304512
1532420979779162114
1532351723993546754
1532351721011388416
1532057638925504514
1531981827275206657
1531230190558396417
1530186517519421440
1530156964524728322
1528727703083417601
1527748686071181313
1527748334747848704
1527398860796182530
1527011083055161344
1527011081369096195
1526985693569994752
1526970215489232897
1526969513824202767
1526574162873032704
1526571647381250050
1526557867813265411
1526212058794041346
1524776939030028288
1524776936173625349
1524737915062005761
1524370339358195714
1524128248195596288
1523654894191849472
1523263962816860161
1522584605248958467
1522545164014784514
1522285293411393537
1522182249382359040
1522001356298588160
1522001353899397120
1521844300035805184
1521593442744340486
1521213862225354752
1520028668856356865
1519749793735659521
1519408900323352576
1519370665471655937
1519340053402636288
1519310812392869889
1519279790188072960
1518993050718158850
1518993048545468420
1518612089975164928
1516427916195811351
1516069126745296903
1515653830343540743
1514967152071266308
1514929054583078924
1514672208580386827
1514320051008114703
1514244737544433668
1513913616969441283
1513891224775704589
1513874422465245201
1512182262388899847
1511813161283948547
1511760490644578311
1511697179068542979
1511697177718013952
1511452363256745999
1511452361428025344
1511420384473661446
1511391396317601795
1511386779324227586
1510959963505631237
1509881902475448322
1509604815655129093
1509523142204612613
1509272521635340291
1509204807374061576
1508875592753721351
1508764282531500035
1508472597972926467
1508472596605636612
1508446037773627401
1507318923393486853
1507017930881396736
1506658646561804290
1506320614306594817
1506263318377504768
1505914935355838466
1505164464412413952
1505164462835343363
1504830366271651841
1504478267872464908
1504468972929892353
1504468970774007820
1504453331988754437
1504117685692555269
1504102743295905795
1503415299470675972
1503370873306329088
1502355645189828609
1502334152133197829
1502284467955802124
1501934450594107396
1501647017889697798
1501561598988722178
1501234974208446467
1500895585615990785
1500836357505265676
1499774400433905666
1499433123985207299
1499406505942130693
1499395054124761097
1499121114777333762
1499078030580461580
1499046672709652482
1498838736766914560
1498838735663812614
1498729910231257094
1498653507896946695
1498405200469635084
1498312015877652483
1498296233982676993
1498125442410323970
1497297493264007173
1496929969724866576
1496929968634449927
1496864683747389442
1496850015322443791
1496685577365819397
1496229611679662084
1496180648133988362
1495737594696585219
1494692605598531586
1494405677317509131
1494343400396574725
1493929525608071168
1493570303666053123
1493570301891862528
1493264181893730309
1493246819022872578
1492251535803359241
1492152626703736834
1491788431352995857
1491775535281852422
1491754139512184832
1491754137175965700
