1534650371829903360
1534642401662455808
1534637512836145154
1534626015544283140
1534614743775907842
1534596292650930179
1534594307939778568
1534576422332801025
1534566458520440835
1534549322834092032
1534537772240969730
1534534447512567808
1534284951985741825
1534272351310946307
1534271977120321538
1534264161550606339
1534253481405685761
1534238020823662592
1534185383415713793
1534178810333102080
1534169688585998336
1533998892588711937
1533908867217760258
1533891826872098820
1533864601045061632
1533857601741590536
1533541261487050759
1533432469671890944
1532775054857097216
1532773683403571201
1532771681693057025
1532757329145380864
1532751631200276490
1532724924485345281
1532714053470081025
1532689126234935297
1532479139642499094
1532360900757401604
1532350682988265481
1532115807462952960
1532099265970962434
1532052244782321664
1532047264474087424
1532046124172947457
1532024383585370112
1531749786281549824
1531732907965956097
1531700897864110082
1531329089092456448
1531234247578640384
1531232463065948160
1531232253971468289
1531230747171897345
1530584444310110208
1530118422306213888
1529921188159336448
1529616917824167936
1529558935350530048
1529557492296044545
1529556525592748034
1529555366903795713
1529452653494796295
1529228205420322818
1529190835337797635
1528869950282080256
1528782217383759872
1528401299372482562
1528012745802514432
1527679840111017986
1527668484842438656
1527400648362409995
1527341316228583424
1527243869921988608
1527111419942019074
1526984045137121282
1526981765784641538
1526946058256977921
1526590835013341184
1526527511911342080
1526335577590841345
1526327266627661824
1526292558783053828
1526250064015941633
1526230545411321861
1526219392320778240
1526001521095323648
1525917833443557379
1525917406077542401
1525904426074001408
1525500403344887810
1525185035648778240
1525155178051162112
1525142104015519745
1525120818145112065
1525120599525400578
1525119563981111301
1525115517220048896
1525109069111078915
1524887406016618520
1524855006092050461
1524777282841329665
1524754976547000325
1524754754588626944
1524543336236920833
1524396491556728832
1524396195858292737
1524364225627447296
1524193654700658690
1524191987683016706
1524191661642985473
1524099695546613764
1524096444248072194
1524077318112694272
1523717956139892737
1523717954919350272
1523407838907080704
1523339110647271429
1522939314321121286
1522773878698819584
1522683245879611395
1522670708677042178
1522636974946926594
1522607689037135878
1522607239965650952
1522570506720927744
1522559302829064192
1522332558796677126
1522326167793156099
1522279671332851713
1522243567166574592
1522228967083814915
1522227153349324802
1522225211982106630
1521893750900994049
1521893645653315584
1521587569380765697
1521467174958862341
1521466763573145600
1521354134745718784
1521322997444976644
1521322767500591104
1521274608128860167
1521220462377897984
1521170446464524288
1521154892588589056
1521150515773833216
1521147292736270337
1521146645324390402
1521137225152483328
1520413281546121217
1520080542770868225
1519857097902632961
1519796276371636226
1519725712722337792
1519416285079220227
1519416161414303745
1519315015601434624
1519314832734011395
1519314780259078148
1519314705965330434
1519309047316557825
1518722599131533312
1518722517933989892
1518615506324004867
1518613499831885824
1517593583712452609
1517593503416651777
1517505318523133952
1517488363179290624
1517268682463973378
1517268663975530498
1517196173743988736
1517173671898533890
1516755525417025537
1516487872467066880
1516486685986590733
1516410402594246657
1516113342842212356
1516085540243873815
1516077389150838790
1516076076082073601
1516074073838792706
1516068666277834760
1515704138562211841
1515689607001694212
1515448927927078918
1515119844609429513
1515104987810041859
1515104212161601538
1515063635881738240
1515063227444563968
1515062595325239302
1515009114358915076
1514976244164669443
1514679263596888068
1514675062443552770
1514670136325726211
1514658339346595848
1514651654498533379
1514644277665701894
1514643480181673986
1514621535515992069
1514604872808624133
1514365334177865729
1514359766419750915
1514350953402617864
1514299824207712261
1514298151523475462
1514295443869638662
1514273034760339466
1514243739060949004
1514243277305913355
1514241397171408898
1514239401773174784
1514237937516490761
1514234024725819401
1514025739015933954
1513985960681353228
1513973481779650570
1513973092783202311
1513952435508817924
1513942580089741315
1513920496760500229
1513908570252795910
1513878201394679809
1513854580622336012
1513708910397566985
1513708892152340481
1513633548405776386
1513610010525413378
1513607028744335367
1513592425511587852
1513578669918277633
1513578102202548227
1513574932957077506
1513572600122859531
1513572552018432002
1513561793607749635
1513527053332660267
1513296694724763650
1512590356583436294
1512560105337892866
1512525291792613382
1512522195116953622
1512495352263417856
1512456780466565123
1512450198349529090
1512449813664739332
1512444500823752708
1512420418270937090
1512405414750609412
1512405343833370630
1512131493287575552
1512128985442013185
1512084707722158083
1512055592420057097
1512054470896664583
1512030959897616385
1511863675518435333
1511802725545173005
1511752326314397704
1511749598326497292
1511732011450482695
1511716653100326914
1511715016457822212
1511704896730447872
1511702816615718914
1511460866235023362
1511453547858120706
1511384270316703744
1511368521195872258
1511361443077234688
1511357167374381056
1511354724766863361
1511342734925254668
1511342535171616772
1511339175827623937
1511336378549874689
1511321520890593286
1511051870374137862
1511030128209498115
1511014235375116289
1510982187839102979
1510982033354407942
1510974794119925769
1510971829065764865
1510786060443430919
1510783944727441408
1510467625868005378
1509994795359518724
1509985751202770950
1509969373599268865
1509969141188464643
1509963850405367808
1509947302852669444
1509933397472382981
1509928494767169541
1509907413561978885
1509907412345630732
1509899780348129319
1509612924457066496
1509612332372144137
1509592224933240832
1509590126971793411
1509569571765768200
1509565845407780869
1509564389195665413
1509564338616549377
1509563202396373002
1509545885696417804
1509543589570916364
1509543579085164548
1509537842611040256
1509516942838743049
1509513602667003910
1509488881896509442
1509279598047019012
1509279470800314376
1509276517142040579
1509246717908205582
1509243433612820484
1509242130098798592
1509242029036998663
1509198914209128453
1509195925213917188
1509184543932268551
1509181716228984840
1509167814313140228
1509163878055387139
1508925308338118675
1508914196523667459
1508906435668848644
1508895348672061443
1508895320616415243
1508891500259725325
1508888310827130890
1508864558617792513
1508843138198163465
1508795845222744075
1508795821713670154
1508527232431669255
1508527189901418508
1508493350302896142
1508475945333796867
1508459141572014084
1508446028504182792
1507427379400089605
1507395099898089481
1507333491951910916
1507020914097016835
1506720292827246606
1506705587903598597
1506683825312747524
1506306395800588294
1506306294759755780
1506279598140633101
1506012530824531975
1505996638401224708
1505974506850066443
1505942287183925255
1505932052964782089
1505931201093193731
1505925083449241604
1505906800272490506
1505212675881672705
1505065635197370368
1505019439728758784
1504882657339002882
1504863120266780675
1504856813619003404
1504844947404505095
1504835374530674692
1504828366150639626
1504803077660057600
1504563515276808195
1504561078344241154
1504561021712838662
1504541058037948418
1504527927865745414
1504507385997664262
1504468216420122627
1504462657000202241
1504458351375273999
1504458300783353859
1504436750172803079
1504239820410966018
1504204222908280836
1504158188228288514
1504157460902432769
1504146570107060225
1504121745208492038
1504120275427901442
1504118771430133768
1504107674069348354
1504106599278952448
1504093578196393989
1503824350033633293
1503814121460011017
1503812832181297155
1503796244799533058
1503773939272663043
1503763202877894656
1503761137711603726
1503747918515343370
1503743628279230476
1503742979097477136
1503742928098934787
1503482456200077312
1503482427750203395
1503416183495835650
1503394529059094533
1503365836781854722
1503353539346714634
1502755454174347269
1502412620695056390
1502408452840345606
1502379854309826563
1502311471799283722
1502020050055831557
1502003223003021318
1502002870480220167
1502001097363410960
1501974624351014912
1501966696298520579
1501762877987905538
1501681864020533251
1501662803408601100
1501612487308894215
1501596877015375878
1501588292571213828
1501588001809387528
1501562079274315784
1501561101477109760
1501560250528325633
1501316759021924359
1501315829157318656
1501267353195012097
1501257752907296776
1501248763859451908
1501245025908310023
1501215894944591876
1501215752078123018
1501203784894144517
1501185446172250112
1500973805782671364
1500933659100123144
1500892028405755906
1500597702236725253
1500485306545487876
1500317144554381312
1500119985817100294
1499880016754139141
1499864229695926273
1499856335546068992
1499743841187999750
1499740225085620229
1499739649278976004
1499518887842488320
1499518812995133443
1499518601316814857
1499495347986513925
1499495238280400896
1499464227270057990
1499445981544386577
1499445572327071747
1499410041144815618
1499409775687348233
1499409754132783106
1499409746264264707
1499409730325909506
1499409705524998154
1499409526147198980
1499409479338807303
1499405062258536457
1499404520652251138
1499396889648664585
1499396053191340033
1499384772761632771
1499380088785285125
1499139889580888071
1499119025858789376
1499104570743611396
1499089726493663236
1499076099715866625
1499047825895792642
1499046989060841473
1499046503788257289
1499042082849275909
1499028699819266051
1498862985422544900
1498858571169161216
1498856509840711680
1498856493482926087
1498855935699210242
1498855546979508229
1498855181299204098
1498851974506287109
1498850490276364292
1498850020677885952
1498849157100056587
1498846620703678476
1498846358186381312
1498846026588950529
1498844195016036371
1498843624339087360
1498843025518309383
1498819484374773764
1498799887084933124
1498790826113126402
1498789632485609476
1498789631013367813
1498759748631646212
1498758891043176450
1498676369420660740
1498661328466194434
1498456928820809732
1498456867940544515
1498455695951384580
1498434908196413443
1498424754717532167
1498351970410713094
1498325690629898245
1498304786281775110
1498304422052614153
1498114270374019074
1498069410220810243
1498066925909331968
1498037777820229636
1497966065883693059
1497581261770170376
1497351659181297665
1497313568483643398
1497231886057447429
1496971789972430849
1496909210872958978
1496905010260574208
1496904102114119683
1496903771493916676
1496876755822465031
1496876635211063298
1496870420850561033
1496865668972560401
1496861269650984973
1496859132921528322
1496607696740564995
1496583581212237824
1496576044823945217
1496567436849594372
1496534357942710293
1496529772083617796
1496507480699985923
1496502745129680897
1496251524816814080
1496248838516051971
1496218693843492864
1496158832795525125
1495873718744231938
1495382960702427142
1495226486416097284
1494766656324870161
1494764176987860993
1494720234233778188
1494684357222612994
1494683453740261377
1494679077227278338
1494395944879771648
1494059375257866244
1493989140647530496
1493985679105314825
1493985572448309257
1493980872520912902
1493979500102705152
1493782438765477892
1493739664275959809
1493739660601962496
1493666625614135296
1493661689115561986
1493404037517033473
1493372653087952897
1493358450595803137
1493348903806189570
1493345441672482816
1493284256247914499
1492905072208097284
1492275827043713036
1492171634945544195
1492171386860748802
1492147906106822658
1492128046702383118
1491890418560245771
1491889856775176202
1491835607248560148
1491817754084745221
1491812758698004485
1491790385022005258
1491594897287270402
