1534677084399980545
1534671623827206145
1534647990819987456
1534647952366620672
1534641246123216896
1534641183258992641
1534622818444398594
1534622816775155713
1534582833586573312
1534581502624911361
1534566232443215872
1534544969414877191
1534304870613884930
1534289484900089856
1534253591292260352
1534230820139016193
1534228803240742919
1534199694053736449
1534193842358034437
1533922601038495746
1533867210875326466
1533514765926027267
1533513504686227467
1533221157926801410
1533167893180989442
1532819920962174982
1532819782680072194
1532773323469365250
1532718068689952769
1532512031621906450
1532459820128911394
1532425311547183106
1532392896099401730
1532386970084810755
1532386968725766145
1532386966553116672
1532120865898373121
1532069054420164608
1532067597683859456
1532067596173864963
1532038066273230849
1532036905709223938
1532036903918350336
1532007409526493184
1532007408238739457
1532007406494011393
1531720878219743233
1531681007442833408
1531679422272745472
1531644483863031810
1531644479773593600
1531317223951835136
1530997196476252165
1530645884555382784
1530635876757282817
1530609116095434752
1530227374037557251
1530196778351529991
1529991725372133382
1529991170067255315
1529945910339420165
1529933363829690369
1529933361112055808
1529562875068616704
1529562873659281408
1529562871817981954
1529553759902257152
1529553758929166343
1529553757398261763
1529253058131243009
1529214171677458432
1529214168536080384
1529188093034643456
1529186223465578500
1529186221930463232
1529148080305610752
1529148078313332736
1528803128438579202
1528764347069173760
1528429666486329346
1528092929511809024
1528086522867732482
1527726042441564172
1527665448816451585
1527665137771061248
1527636607444168711
1527629611827441664
1527629602390257665
1527480113008345089
1527414994219978762
1527400786677874691
1527342087355899905
1527286267548794881
1527098794097139713
1527098793002471424
1527098791156977665
1527067548541493250
1527067529251893252
1527052466226864128
1527048537925615617
1527048351786704896
1527033078371303425
1527027150137729026
1526990358122577925
1526988567028932611
1526963699080101888
1526963697255649280
1526948269934399488
1526926054811738112
1526924291282968577
1526924289382961152
1526924286900019200
1526739092272185345
1526738397632544770
1526738394918924288
1526738392385470464
1526695203297452034
1526680020508413957
1526665473919680512
1526596694321897472
1526596402133991424
1526596400649232387
1526567851242491904
1526567529702989825
1526393468507111424
1526393466489643014
1526361942029393920
1526360484487757825
1526347941769773056
1526347940444487681
1526347938976387072
1526328718343516160
1526328472993468418
1526328470481027072
1526291716185128965
1526265714461528065
1526265708031750147
1526209953886765056
1526033619575242753
1526033616685375489
1525939737965600771
1525939735130165248
1525846930630262784
1525621314039361542
1525612192653094913
1525602662099701761
1525597213451247616
1525507021952405506
1525507020492783616
1525477485567217664
1525207921566658560
1525201641317834753
1525193730025717760
1525177006240972801
1525157398859730944
1524885384236261391
1524885230737317912
1524885228778577925
1524885226022920192
1524843509261422596
1524833858960736261
1524787762339233792
1524784743954501632
1524784678149955584
1524773192958726146
1524498005948252160
1524498004652220420
1524498003180109824
1524498001787502593
1524475410284752896
1524453100756647937
1524449914327306241
1524444402160177157
1524425938871754754
1524425937307291648
1524401721912569858
1524382034961080320
1524151864220078080
1524134935954608128
1524118708435750912
1524118706879533056
1524030784151171073
1523799952358522881
1523694632164806656
1523694630256410625
1523315131765215232
1523315130095788033
1523043159164735488
1523007412952702976
1523007411342225408
1522709557285470211
1522704416557699073
1522683226715787265
1522683225633665025
1522683224278900736
1522649139334557697
1522633009865891840
1522618094203588608
1522570768701399040
1522331573974097921
1522323601466212352
1522319052076634114
1522284773460303872
1522270780653977602
1522033673796825088
1522000386604871682
1521955805339267073
1521881557522432002
1521852730125467650
1521849306151624712
1521599826529558529
1521599824591736840
1521580158867623937
1521580157085097985
1521579010584723456
1521535487407759361
1521318370670489606
1521310756423315457
1521310754883915779
1521255373860179968
1521255372526399488
1521210366923100160
1521168152645804036
1521122438398062594
1520776204839964672
1520776202868469760
1520504445993459713
1520408527705153537
1520234127068327937
1520234123121819650
1520140314371108865
1520096229174173702
1520056773968863232
1520056772245008384
1520042005023313927
1520042002968190977
1519801441694724098
1519782050496229376
1519765264203714560
1519750802457481220
1519750230253752320
1519678553557712899
1519489544629985280
1519451242715652096
1519337871253061632
1519089337408835589
1519040508923949058
1519028924403044355
1518964818388082688
1518718713763143684
1518703350124003329
1518609497828245507
1518310970799624192
1518238427820572675
1517929875788685314
1517882973084868609
1517658109455605760
1517657293281714177
1517632827512213504
1517596769537908737
1517590244245360643
1517560459049713670
1517559621233356801
1517274567680663552
1517274461992636416
1517252542345924609
1517251995639459841
1517246911757045761
1517240628983353345
1517226726702559233
1517161881827487748
1517125600745558016
1516899750745882624
1516861499997835264
1516861498794070019
1516833850743209990
1516833846259560463
1516786823858728962
1516780809369313290
1516773951657156612
1516520247314067463
1516485585598353414
1516485584260415501
1516450059969302541
1516409983176519691
1516227520236036101
1516171397835468803
1516155273517359113
1516135221007163402
1516113471267643408
1516097266695774212
1516090705751457799
1516075950106193923
1516064394488258564
1515779081756884996
1515773084237631488
1515701970912395272
1515443306557235200
1515426320553025536
1515424543241875470
1515377907597721601
1515336297090621442
1515087688109600770
1515066226799697923
1515029712984322052
1515021062328700929
1515019725692100610
1514999832884269073
1514749014041841664
1514728062625239044
1514726056313323529
1514717266126020608
1514675913832730625
1514651483832205314
1514641617029849093
1514632814523789315
1514630801564000263
1514621914802704390
1514613701290078222
1514384273167597574
1514384270906859528
1514338885739945988
1514338783143071754
1514335197512228874
1514335155451748360
1514335004662370315
1514325028124479497
1514254843640221704
1514254841543106562
1514077591640150017
1514077584237150220
1514077494491729923
1514077492251877380
1514069213639553029
1514069161806385153
1514061309658161155
1514061170952519682
1513937852341661700
1513926635229167623
1513692820963532803
1513638665297162243
1513617498175901703
1513546998988824583
1513533360378986502
1513300946553610241
1513247894752710667
1513193751853912068
1512842185875542021
1512808812062908426
1512584812342689792
1512563569518387212
1512543604371296260
1512529749360451588
1512525832069296132
1512510799276826635
1512510797230088197
1512492801153544206
1512480811403997187
1512450072264515590
1512439384745852939
1512266781582315558
1512187660114317320
1512172383943241735
1512162038767923205
1512145045146812423
1512137712899395594
1512132853898919940
1512126577529835522
1512106970572115970
1512099253870551051
1512087992340389892
1512059627323670534
1511877184121671681
1511866896471281666
1511850140381949952
1511839326820306949
1511824462492143627
1511737676956844036
1511719791215665152
1511510212305432577
1511510209864294401
1511462566471557125
1511433299566211072
1511416985338454022
1511390230166880273
1511344033620238347
1511132743467515905
1511070822068326406
1511057487990071299
1511056887432851462
1511023241078444038
1510983995202416641
1510747279543709702
1510746103226015745
1510690890167242752
1510626204713426948
1510356985677553668
1510309385112797184
1510308806663802886
1510234881296674819
1510087900754550784
1510066907495415812
1510034752581029888
1510011545216069633
1509961731631681542
1509961730474053641
1509916429889458179
1509894205757444097
1509684155549900805
1509666149310640136
1509646565249540106
1509642860609478657
1509632358323994625
1509625250052558850
1509593369932148739
1509578830062759948
1509550365787705345
1509542769219588097
1509530082460811265
1509523661518426114
1509331505881006089
1509331503284695042
1509279782214713345
1509275685113810944
1509259122566385675
1509258375216963589
1509250552588382219
1509214575589302275
1509206515164618753
1509193518891286537
1509184400780574723
1509180487188848648
1509180483757875207
1508933610530910210
1508926218330157066
1508926216946040836
1508888124516143108
1508840822195769354
1508808607672016903
1508583943947362307
1508566486385897479
1508526124409704452
1508524095884963845
1508524093259272197
1508494033013850119
1508469384221806603
1508430210831687694
1508193558167175176
1508193556103680003
1508155519801999368
1508145479233716228
1507829661736259584
1507738295077380103
1507512603576254473
1507477912374886402
1507459955720261638
1507458909929365507
1507446757579534336
1507442970836058113
1507430080670318592
1507418903441555467
1507412734459080706
1507388511699324938
1507387030698971136
1507382710133833729
1507382161413971968
1507382146582917121
1507378843346214937
1507372219936169989
1507357180713914378
1507170910243115012
1507170909005750273
1507132391466409995
1507118227314425856
1507097240971710474
1507043873712918534
1506992373846401038
1506991358459977733
1506798843236597760
1506769002240131075
1506752942883233794
1506744179564679178
1506744178331594758
1506726221689901067
1506640537016754184
1506628821084217344
1506454558616305669
1506396820599185411
1506315954468315137
1506302328852434959
1506276323161001990
1506273962329886721
1506257313270747137
1506023085580988421
1506022734958059524
1505997989520842758
1505965233243889665
1505941507005722628
1505933497919328264
1505636519838720003
1505613884476084232
1505612167164440576
1505311186165940226
1505228973424492545
1504936873155866638
1504936871331250176
1504914808717651969
1504899058007216128
1504857261851746308
1504815357365788678
1504594385173991425
1504593173171130395
1504592419760840709
1504553496644890631
1504515533089169409
1504487390055788552
1504475869431033856
1504456702481076224
1504268784659488770
1504268783615197188
1504268782197424132
1504267409636540420
1504233306082140161
1504229851582062600
1504224315071475712
1504206549765476356
1504174705053421571
1504156981438910465
1504156980222509059
1504144844310020096
1504127497121710082
1504127495716720641
1503915261941927936
1503904679532675072
1503870637722513417
1503867770500530181
1503838042674671626
1503823878736470017
1503768392746115079
1503738713557413890
1503535068391915522
1503534877312008192
1503489015118549000
1503482157918035973
1503408548436488198
1503403499643678732
1503164352165298179
1503164350869254150
1503164348872724488
1503142246841036801
1503054222237052936
1502758975460233222
1502758260012683264
1502748604062224393
1502443059228942339
1502382382334234637
1502382322494103564
1502352759709908992
1502328506885328896
1502304567211536394
1502121907935719425
1502097243838500866
1502057582143602693
1502037129093955586
1502024284268601359
1502023796798144514
1501957487351803909
1501934842371469317
1501930892230492170
1501729728390213637
1501716088425525248
1501694383862820868
1501683692833488904
1501664908714385409
1501664905606402057
1501639393114791942
1501619658050441220
1501619656511131648
1501619654585995271
1501619653306687490
1501619651935182848
1501619650647441424
1501619649347260420
1501565048673783809
1501341926284529666
1501341220869742593
1501331754963148809
1501331591427203074
1501273143280906245
1501235329302368258
1501212626835099656
1501030593680875522
1501023314495643651
1501023313128218627
1501023311769309193
1501014181398650891
1501009890935980038
1500997661339668480
1500929817956470788
1500925875587620869
1500879241897988104
1500642395620356103
1500163075630149634
1499750699822981124
1499562948062294016
1499538640434774020
1499525670808002560
1499512392069361667
1499503568067477514
1499502408799555588
1499468664185233413
1499467937673060357
1499422509824884741
1499414030196293634
1499166235136827394
1499158179363663876
1499150973050179588
1499148866230308866
1498863692812857344
1498859512660430854
1498858708620791811
1498858087616233473
1498856736484216834
1498856482535837698
1498856400289685511
1498855761841119236
1498855623508779009
1498855052362104840
1498854799541948419
1498854586580451331
1498854027731386371
1498853959183777795
1498853206880829442
1498853088484016141
1498852304765788165
1498851607949332486
1498851293145800714
1498851006729359360
1498850423813324800
1498850028382740480
1498849601394294790
1498849348037361665
1498848555921981454
1498847898611683331
1498847308540166144
1498846900761645057
1498846672188805120
1498845893801529345
1498845139476832277
1498844624152051713
1498844063637909509
1498843713832988674
1498841021735710726
1498840013714632705
1498839970085322756
1498821517517496322
1498766074585792515
1498702438135738374
1498701769945268224
1498677844423102470
1498479921957646340
1498444571205849092
1498438223147765769
1498409663389392901
1498083696896839681
1497734885515018248
1497720008797048833
1497709685427761152
1497708670641131523
1497702834401280000
1497370396076560387
1497342180955987974
1497331701692788736
1497272668705509376
1497272667157811212
1497239361175400448
1497229070597165063
1497228971628367875
1497228968679944193
1497013286038085637
1497013189258608640
1497013160699699206
1496973376648364041
1496919361940074497
1496918890487574528
1496695555338260491
1496695553194971138
1496685657464487937
1496674777834139648
1496674776479408129
1496674775204306945
1496663349995745283
1496594387035373571
1496493994276278277
1496223915202465802
1496209149004324872
1496173084285493252
1496144502465212418
1495898384040964098
1495803012949983243
1495515041776476161
1495454550727213063
1495159185503395842
1495103255868751873
1495085295175409673
1495073416755527682
1495073414775812098
1495073412536016900
1495073410715725830
1494848690825179139
1494812186857857027
1494794861563813896
1494788234685161474
1494787082883059716
1494748444707196930
1494678858313961474
1494476605128908800
1494468572449587202
1494420599405518851
1494373863039414281
1494368384909197315
1494367201004040193
1494325773213126657
1494313011040903169
1494088278856937474
1494052698664153099
1494005747050590213
1493996178471542784
1493952251571970051
1493720563885486084
1493708881566052352
1493681475866304524
1493654242103595016
1493625881570463750
1493619858109612032
1493352233437704195
1493336049673777152
1493336046632853505
1493289754258984968
1493255730677579781
1493236133010055177
1493068679944278016
1492989125477158914
1492964289040297986
1492600801168138246
1492599895324196865
1492535224126906368
1492242650048745472
1492240947081588739
1492204671863242758
1492190269399306240
1492158502869082124
1492136904694931465
1492136902731997184
1491911228469428225
1491879831633551367
1491871580095451137
1491855239363936260
1491854369943400455
1491829353168224258
1491829351444267014
1491812015731585028
1491810305885749254
1491782486552104960
1491779331059818496
1491587772355948547
1491574250955841538
1491560325052878849
1491551493173960710
1491533456756588544
