1534661041082224641
1534632026300620800
1534607335959797760
1534298363625377792
1534175187683393538
1533935377773477889
1533140229913288706
1533111809909178368
1532885907388387333
1532845037750562816
1532785159929573376
1532542825534996493
1532142407701217280
1532116944555544580
1532056922110799874
1531702583945056258
1531660078071283713
1530967374253400064
1530325245546180609
1529864228156411908
1529551286655406080
1529224683652272128
1529203335374446597
1529101588148670464
1528850956041035776
1528150410913103872
1527769129788252160
1527757959064956931
1527361095396012042
1527335869274677274
1527074590178017281
1527054042630856706
1526711105522909191
1526678570919202816
1526654825236144130
1526579156196200450
1526564337644707846
1526363396836315137
1525871584459776002
1525560474389069831
1525525117136166918
1525122665257787392
1525106928422092800
1524893661632282627
1524786917463756801
1524734719006588929
1524529779189460993
1524523460533399552
1524203105553891332
1524164702506467328
1524024580691709953
1523819990654279680
1523731502080557056
1523703239644168193
1523315987415986176
1522684086166380544
1522609917915451397
1522346504157020161
1522312294872588290
1522267670871261184
1522234195900350465
1522192145880387585
1521945909881413638
1521918707425062912
1521563383560130562
1521550087595384834
1521206789294931968
1521172009014775815
1521158010684555268
1520772098318348288
1520182386159505409
1520021875195355136
1519805741078663175
1519796366112874497
1519766831963254787
1519735545651515393
1519731870426177538
1519711307934715905
1519497713779449860
1519444879570522116
1519421202485415947
1519396884145659906
1519296584290390017
1519120655270223874
1519107903696822273
1519078503941128193
1518760508576382976
1518718231040729089
1518697478979207174
1518697452433547264
1518695128440922118
1518609567155896321
1517622685915877380
1517589854292430848
1516918399624007682
1516892322558009344
1516839486738554885
1516529054178025477
1516492948749365254
1516223593813889031
1516182531858743297
1516149148604641283
1516100410360139777
1515372014932008966
1514670122199306242
1514631787351269382
1514364623176314882
1514344334044315648
1514344201877663747
1514278742289530889
1514235849541656581
1514040276221931523
1513662207527112706
1513634114695532545
1512838941199810561
1512826410695593987
1512534114175533059
1512513041937707010
1512469013804331012
1512175561325621253
1512110991961735173
1512062434843889671
1511859672919195651
1511841646878547970
1511825074696990726
1511805475918172161
1511764245293281282
1511526708385562629
1511526617570594825
1511526556929302536
1511495161125220358
1511447968272035848
1511432531270381579
1511417637380763656
1511324306600517632
1511101690841378818
1511098574356070400
1511098383796260866
1510674394133188617
1510297167004676105
1510053472166686728
1510011282468093959
1509976392879943681
1509960750449709057
1509931931495976962
1509897559606767625
1509657803962654725
1509629158393065482
1509619784262078468
1509588272032403468
1509575838420901888
1509290493611544579
1509270398176747528
1509246605781786624
1509225987690614785
1509175181691998214
1508945089577603073
1508914299313479683
1508900433040920593
1508892302927970305
1508830866642030602
1508587220537597953
1508571704095920133
1508564345013342210
1508558756002635786
1508558535231262730
1507496010699923457
1507473578739965953
1507378681810989058
1507145186513764352
1507102589397225474
1507049541262102536
1506782605538205699
1506748208810242062
1506716626556792852
1506423736253169666
1506346129843228674
1506337097036226562
1506027053329657862
1505978886072504325
1505297424771915783
1505274890991149057
1505253447620349959
1504961727653453835
1504910995889823744
1504893734814691328
1504874873482526730
1504806061559136257
1504599964323786756
1504564052869238784
1504557531523342342
1504556073847603207
1504527997390532608
1504513689512255489
1504501817937432583
1504489795661221889
1504228906198618122
1504197227484434436
1504179924575432705
1504178091551342598
1504177533226467337
1504135768591196168
1503765101685485570
1503462385838964738
1503435436504621063
1503394286443847690
1502458973231976448
1502398645878104065
1502355586817658881
1501961078166757379
1501918099641098245
1501708736833982467
1501639287326056453
1501589242849411078
1501555889148514309
1501356862599483394
1501281666639306752
1500965409356488708
1500917117092311040
1499848699421331460
1499814878156050439
1499794157296046080
1499764937048080384
1499540042607480837
1499488212388966419
1499410072589451264
1499395368697700354
1499194880475676674
1499141752623611914
1499105870503976960
1499103000165552130
1499080184925990918
1499059846112501770
1498859892882432002
1498859872925986826
1498855628390944775
1498855604143669250
1498855553954729985
1498851856944091137
1498851828188028929
1498851736336875522
1498846991912218633
1498845293101690880
1498750404586266631
1498720791726379008
1498467519627210753
1498410478439178247
1498388103307923470
1497976596988313609
1497300505235709969
1497274941888151560
1497239012637122584
1496988911192748039
1496921234608644101
1496660908424237061
1496598836478894086
1496223729852063747
1496185191290834948
1495885968251002880
1495139398115106816
1494856115858853889
1494827559871291392
1494776812987195401
1494724197729382402
1494446202917687300
1494410691482206210
1494356840309743624
1494325563527352332
1494055773021909000
1494008265327497222
1494003869164183563
1493766654962151424
1493675292669448197
1493674993452036108
1493674980663603211
1493376473524281356
1493348879693238272
1492621049552384001
1492296421940371459
1492254303687434247
1491869006139170826
1491847809074708486
1491803099496734727
