1534658275945222144
1534629156205502468
1534585849018560521
1534258139448614914
1534223300431384577
1534221730046263296
1534204996602015744
1533919911092924421
1533896506712809472
1533859767239602177
1533835607280979969
1533199161343979520
1533149836911988736
1533119386793365504
1532830482622291971
1532789965205164032
1532778137443897344
1532765176121933824
1532758508092985344
1532534375505707008
1532520691018240000
1532502572287787009
1532428074272411648
1532402663475773441
1532379909263437825
1532379896764321794
1532157600107724800
1532149900531621888
1532060667272138752
1532056129991323651
1532026434495062017
1532009371336642562
1531799186726744064
1531711106447773700
1531683423898570755
1531305936836599809
1530600790175272960
1530231461252571141
1530205435302539265
1530010534006988800
1529935154042372096
1529898915327119360
1529881802793316352
1529842544510570496
1529636821583396865
1529624104579395584
1529600022014304262
1529577547750514688
1529557349282742276
1529494880656973825
1529262471604629504
1529215159922614272
1529170113055731713
1529163105028145152
1529136139205873664
1529119662205812737
1529116689706663939
1528880202738114561
1528844216066920448
1528809738628173825
1528789848320102401
1528438794256494592
1528045955697606656
1528037399418241024
1527771396708917250
1527760947611410432
1527750509011931136
1527701436020162564
1527685613650165765
1527669555463696386
1527668468715225088
1527418571982262287
1527389128001785858
1527353896091340813
1527331246803542036
1527304540214677504
1527053163915669504
1527028501454258177
1527009375675731970
1527003972774543363
1526989243662249984
1526971376594305024
1526943695991357441
1526712167105499138
1526692286096195584
1526675928398475264
1526667616194121728
1526658564621844480
1526635411367395329
1526618979728498690
1526329898226397185
1526299004853690377
1526260441889898498
1526223744397606915
1525922795359707136
1525244244692193280
1525228138870894592
1525192088584871938
1525182085480058880
1525144359498301440
1525144354611920899
1525121435714347009
1524891167996772353
1524873126416375824
1524831021774032900
1524820132102656000
1524818690692227076
1524813203854745602
1524766867826561024
1524552939762823171
1524517707579752448
1524485243817836544
1524457338601717761
1524456303061467137
1524432144013029376
1524132922013278208
1524072614100189185
1523823633793126400
1523771289122578435
1523749897945686017
1523718943973773313
1523683292658106368
1523332900715958275
1522710046240477184
1522683370777550851
1522660972959313923
1522640588486574081
1522630326769623040
1522623979273564160
1522613157637738496
1522595038328356864
1522374585605189633
1522297405999390723
1522297397921132551
1522268452513189889
1522255971698892811
1522255967311835137
1522237173323419649
1522237170102243329
1522023019090120705
1521951379094446084
1521912725982507009
1521912705459769344
1521912703714955264
1521893918568108033
1521605266512355328
1521558458310565890
1521535557423312896
1521515424382435329
1521300508333559813
1521256216533553153
1521206136413765635
1521194858479767552
1521177471831494657
1521174175943061504
1521145738696302592
1520184152330432513
1520117039364460544
1520079965764554753
1520038210491101184
1519804651771596800
1519781647138406403
1519781646056267778
1519767285661159426
1519751523315728387
1519743750485929984
1519724213849964549
1519724212516052992
1519702226939260933
1519452833929641994
1519413071483129857
1519391573284462593
1519391570839101440
1519340845941477376
1519316383766663175
1519113346536161280
1519107330016690187
1519048922286673924
1519016709918760963
1519001897356738561
1518993053805015041
1518727303047499777
1518689554210897920
1518660361666236416
1518628904394629121
1518600290597064704
1517976857945288705
1517951692242890754
1517658761804066820
1517621013101658112
1517599874140688384
1517584522656698368
1517574403932008456
1517553568852578304
1517545264265011204
1517534985258946561
1517527091725676544
1517253696916185093
1517243525728899072
1517212068474081280
1517194452703473664
1517171551862288385
1516882433706242052
1516857067843334146
1516825018755387395
1516819930938843137
1516814535918854146
1516782512953045008
1516572856728969219
1516562035286454272
1516546684049895434
1516517361687347205
1516485708206288904
1516485700052471810
1516460252849451016
1516213237091610636
1516156865411010563
1516148778138574860
1516147902648922113
1516134971202695172
1516087659503882242
1516080468780847106
1515723258481373185
1515406672298135562
1515131106428866566
1515016350405586949
1514765950352035846
1514750095870218241
1514716122179903494
1514712347390083086
1514703352663351298
1514693274124099590
1514655724143583241
1514646219578122243
1514635088859869189
1514631196218699777
1514624373818376195
1514368078758481921
1514345932959100930
1514332912157704198
1514305415860826114
1514291826311798792
1514287736789901315
1514287731110727682
1514257446587576325
1514250500341997572
1514005942790025226
1513973478830981121
1513956079822155791
1513939253281001473
1513897548125249541
1513682561632923649
1513641541440528387
1513627196878819330
1513613104273399817
1513603540949901315
1513594481320378379
1513557236152365056
1512909970878070785
1512872222221733890
1512855109537042432
1512588351777378304
1512565478992101384
1512550351139840001
1512530470092906499
1512523770904391685
1512513230471667712
1512506059658706944
1512484416915877894
1512464525727080449
1512444931855503365
1512238043532390400
1512212625857277953
1512195513113849860
1512161287488241673
1512105421296840714
1512092898149515272
1511819535879393282
1511794987637354497
1511735966255489028
1511720130777997312
1511533148571582465
1511512261025845256
1511503619803303941
1511471995745026052
1511407571495788547
1511388948970582022
1511372590601977860
1511358502161293316
1511352757583814658
1511159687797911555
1511134773871185925
1511087944161013760
1511073172434604041
1510722305755811840
1510303546603941890
1510030245977464834
1510003821648351233
1509989980348764167
1509971357894799361
1509940655488847882
1509923794906980378
1509904472620810246
1509698811693723657
1509687235452440625
1509671129333440518
1509646718576431110
1509636104135270406
1509635364352319492
1509585656913092627
1509568390087778306
1509568386094747655
1509300940112908292
1509264627657498626
1509248595236515840
1509206798162661388
1508957678680383490
1508908353455419394
1508875932634918927
1508607621586059265
1508574708496744449
1508480031173062663
1507490762270859264
1507463835229167616
1507436656021970948
1507408721764249600
1507392347214127108
1507385820856131594
1507131897805041693
1507108997060612096
1507086851139592200
1507065711683780608
1507054131344818178
1507044320699981828
1507015837491752977
1507015836086591497
1506790900982169600
1506705112726659078
1506401837385232390
1506363585357832195
1506348145713635332
1505946587586969601
1505670266709442562
1505636011224834052
1505599796077285386
1505360984797442053
1504999094217068546
1504926616874479619
1504894152512786433
1504593673073446913
1504579368257044483
1504555420735586318
1504517420337221632
1504485711470235654
1504454757473267717
1504281616411029506
1504269204018679808
1504164293138423809
1504095612756766726
1503882234796773377
1503853916034936838
1503814790560448512
1503795173117112333
1503434241908125700
1501994546510671874
1501958195593494532
1501680213813604359
1501597603175223302
1501326306289623040
1501289651746738180
1501257692194689027
1500945736091025412
1500909672693485579
1500875697627275266
1499794329073860613
1499568561055940610
1499495308211982338
1499174715922870272
1499146530242109453
1499137407786131464
1499127907712585734
1499103748379004936
1499068516179136513
1498811321596272640
1498797586312052737
1498733038712549378
1498722839897247752
1498409969183506442
1497713588105932803
1497360008132001793
1497332577438474245
1497313104467841033
1497313102559420426
1497254528789450754
1496998878876508163
1496970582981677056
1496915831858499584
1496713240075812870
1496678014452580353
1496644601351913476
1496644589683363842
1496613394878767114
1496613393272393735
1496584056670199808
1496532827038494720
1496532825666895874
1496245900229890050
1495935370969722887
1495118991609806855
1494856008820314112
1494830591161757697
1494766670321266703
1494390511481856004
1494118650017583109
1494097007585243143
1494081180957921283
1494080233431093249
1494036861123239937
1494002008369491968
1493772368346599424
1493740911758659585
1493740910726631427
1493740908335955969
1493709583176585223
1493690439253299200
1493337765479686146
1492951713422131203
1492599641132568576
1492305452520157195
1492219888760283137
1491970253957390337
1491896507926081536
1491864747012239360
1491833317649530887
1491576176342716416
