1534672117479919617
1534636868322701312
1534622419125690368
1534595852852940801
1534563126749937664
1534563125692973060
1534563124694720513
1534562707306840066
1534548739750240256
1534546851973709828
1534336959031697409
1534292855602151425
1534284489198796801
1534284432504410112
1534284406768148481
1534284384676749313
1534271262645706754
1534253821186265088
1534249642036166657
1534217068790300675
1534189823329722368
1533909314745794560
1533842091285037057
1533581698289618944
1533532768633856002
1533474241424904199
1533214227682435073
1533167302140641281
1533124817351757824
1532843003429236737
1532822833117675520
1532785198001160193
1532748223399567362
1532502440733552641
1532477782478946304
1532458189157023780
1532424725724545026
1532410501506166784
1532393641746083840
1532393638990430209
1532118730536554496
1532096862022471682
1532079341596995585
1532052582495051776
1531768038558687232
1531714963932340229
1531664603100467200
1531281516713627648
1531067390242476034
1531040238289797122
1531003586414624768
1530720880816422912
1530685843156848640
1530636370515210240
1530581527989477382
1530307282394824704
1530285470835417091
1530265363816013824
1530245256721178625
1530206422084079617
1529975049435992065
1529942670180859905
1529921348184723461
1529893895097790485
1529893893856276488
1529861665302388738
1529849419184709632
1529845697880653824
1529834653477134337
1529834253621633025
1529834083966242816
1529833930744074244
1529833279288918016
1529832848068419584
1529824836289060866
1529583786887114753
1529583400797065220
1529583260359172098
1529583127336828941
1529583075809759232
1529582570932998145
1529582262882287618
1529221291538272256
1529221290090962948
1529177112401350656
1529130539969662977
1528876129733464064
1528840637298221056
1528813035418263554
1528768098421067776
1528517043527593986
1528489759198392320
1528457772152639489
1528436987669139459
1528420649064087553
1528147806573166592
1528101921441173505
1528082829241884674
1528059839603167242
1528040659252391936
1527791583126593536
1527779481913548800
1527763177433358337
1527758089512013824
1527727409218433026
1527699004531818497
1527678696672399361
1527464727579971593
1527448570072293389
1527436933374394373
1527406873518948352
1527386815551913984
1527377627224231952
1527369745078464525
1527361176023474177
1527350238431678464
1527326352709660673
1527296771373690880
1527291806639005699
1527290546934296583
1527096381252444161
1527080508915695618
1527071138282602496
1527052222000930816
1527045251172548612
1527025685633634304
1526998131094831106
1526978873254105088
1526963601117958147
1526948973973487616
1526923804827582464
1526729378121523202
1526700496987336704
1526671319097540616
1526643394616999937
1526617756266860544
1526589389295570945
1526359535564296193
1526311335667056643
1526249001217138689
1526231574118809600
1526028160298536960
1525991166218469376
1525970027303669760
1525944610068889600
1525913403851612160
1525573827325005824
1525550278245863424
1525526134598905857
1525236767737237510
1525217543337693185
1525206731327950848
1525192628366897152
1525183203769819137
1525172980220936197
1525169676208287747
1525124554699440129
1524896563117563904
1524869635341950976
1524853018751025152
1524841853362872320
1524824709346562048
1524788969036210183
1524778029452500992
1524489666149625856
1524475497807335424
1524475435270258694
1524475404400087040
1524475365363752960
1524475261974102018
1524475212267499530
1524475162116120576
1524475088514555907
1524474906574045185
1524474866497433600
1524474834595586050
1524474782858756096
1524474741536481280
1524474703573827585
1524474644513927170
1524474551232573443
1524474445171204106
1524474293463261185
1524474240791191552
1524474166552010752
1524474123686191104
1524474024260214787
1524473897080573953
1524468708348936195
1524458638085140480
1524458469767753729
1524458330089009152
1524458191249154051
1524457530419781632
1524457273300500480
1524457137841360988
1524456706364817408
1524456591289901056
1524456478022774784
1524456275605606405
1524446034067402759
1524434088383418368
1524415738169147394
1524394340541509633
1524195643350294530
1524166092092018689
1524147871372746757
1524147869380497413
1524125621584080896
1524115387629154309
1524090600647274498
1524075213738160129
1524054901105598464
1523806176193961985
1523748669274542080
1523729613176078336
1523690678332837888
1523321247110737922
1523055329273024515
1523009631144054789
1522968788785893384
1522695324942405633
1522680825556443137
1522664511869702144
1522648472264007683
1522637459238096896
1522633940858777601
1522612278989836288
1522599168795189251
1522380296968101890
1522341527581822977
1522314252580708353
1522297030063841286
1522277865777156096
1522228242559680513
1522013461458399232
1522001419112529922
1521966010278064129
1521942971427528705
1521919949710802946
1521896318528016385
1521643930621726727
1521601048577810435
1521572161382662144
1521532571607252995
1521531698034393091
1521531590899290113
1521531325370572801
1521314862533689344
1521314861409517569
1521314860373585924
1521314858775556097
1521262788999581702
1521225520863715338
1521196130167672833
1521142331382145025
1520940133587034113
1520902133540827136
1520876464194961408
1520851670699290624
1520806754778435584
1520788384125390848
1520526156000284673
1520471294474698753
1520429267347066880
1520145067473883136
1520108219024171011
1520067371955806208
1519846412669829121
1519803036733956099
1519781966874349568
1519769131133943809
1519749024273899520
1519732848231657472
1519722984122032129
1519693910079152128
1519494988895293441
1519494965268815872
1519490001339305984
1519478988854509578
1519466954397999104
1519461994247737346
1519456271522582530
1519456232737751041
1519456199334371333
1519451462929158146
1519451446999191552
1519447462053875712
1519447153785155584
1519446769066721287
1519446252815097857
1519442046674784258
1519442035803148296
1519440300674109440
1519436908509769728
1519428023782621186
1519409692484816907
1519401990194872321
1519379275245408257
1519363381110743041
1519346132845051905
1519096579684286464
1519083118417920001
1519054433279217666
1519035763882704899
1519009496198221830
1518994914612289543
1518981292968353795
1518704644448563200
1518645677005357058
1518620064794218496
1518361896130334720
1518331340248203264
1518315630130249734
1518268771932254209
1518000508199448576
1517930365284933633
1517894433072631810
1517660794120458240
1517631955462160384
1517607185076817920
1517602760560193540
1517600699235848192
1517599747187658752
1517597635359789060
1517586950735204354
1517538153191641089
1517518946701910017
1517287309024149505
1517261458517774337
1517247506937270272
1517204419384905729
1517190962379988994
1517190674378022920
1517177469593432066
1516944665307717632
1516919862957854721
1516865554581184513
1516847207948984320
1516805656703119364
1516801686639153152
1516554826288672769
1516522940396982279
1516484040433573898
1516175100898381832
1516135020057935872
1516088617059459081
1515819736612978688
1515764856015798275
1515718150767185926
1515449142939725826
1515400072485351429
1515360896700219393
1515089344733798414
1515036313375981573
1514993897189040134
1514744445777989637
1514717419369074692
1514660652232720385
1514631313436913674
1514377955606155277
1514350922448703489
1514317828878475279
1514295658848698377
1514270876430127113
1514030102450950158
1514008634518290437
1513973302091472900
1513953645842337800
1513936608269115395
1513640973208805376
1513622473983643649
1513580255797252100
1513542905239064591
1513262325658230787
1513232625091153928
1513180218831294470
1512908804530348038
1512856439227879429
1512823051351646220
1512557010109222915
1512540740471173120
1512525693707509763
1512463703081426945
1512223571560521735
1512223570289692682
1512223568519700482
1512201031198814218
1512184481603592195
1512162716370227203
1512133262717640714
1512100247161524233
1512072390544568334
1511880747078103047
1511838375917064204
1511809149021081602
1511800423258202116
1511766246706008064
1511765793452789774
1511765395899830272
1511765183412293640
1511764982261768193
1511764828544774146
1511764628153544710
1511764483693330434
1511735105882099722
1511714608805040130
1511485126458421248
1511471793382506496
1511460167426134016
1511453121460858882
1511430204094398465
1511404348554854400
1511374415023464448
1511123674807554052
1511084458899873796
1511070672415600644
1511066017925062660
1511013892968828935
1510737613799534595
1510678099670839296
1510646671339884544
1510364196071948295
1510332739190407178
1510309586594512896
1510282666008002562
1510021007502987271
1510011444884086794
1509970023573512192
1509949176154664961
1509932445910585349
1509673678203760640
1509657272187764745
1509655331298811904
1509635711112208396
1509611518085718016
1509565568868884482
1509323013266751489
1509315377041489921
1509271047618637824
1509262436305494019
1509242052009250820
1509221489991729154
1509200270198296590
1509200269237800966
1509200267505504263
1509199889107927044
1508950458077003783
1508923538065002500
1508883704948658181
1508877685652697100
1508869023290830854
1508847257973571586
1508824411645923333
1508808428399083525
1508808169044201478
1508807504079298576
1508807241645936649
1508807005875675156
1508803792992710665
1508579955118120960
1508557756797796352
1508538598693425159
1508531881683398659
1508514759871799307
1508500791203708933
1508192888798081024
1508147842048839682
1508109841646071809
1508098180059213829
1507825216331808771
1507802818685583369
1507744555046776833
1507546004052185093
1507472175556669443
1507464149877592071
1507459121557250060
1507456341509509123
1507450548219523086
1507445665726664706
1507431246485405699
1507425832318509056
1507421304303009811
1507420965591990305
1507397995788128259
1507133227777118214
1507110532809166853
1507110531714453519
1507110530573606917
1507110528828813326
1507086332962738176
1507066251369230346
1507047620321157133
1507025077438660613
1506788508966563840
1506776924944834560
1506765654212370434
1506754231365251078
1506734129802534926
1506709983718785034
1506701384472829952
1506680296971849729
1506652748540006401
1506648873602887682
1506633861589086218
1506633417202581517
1506633105054089221
1506632964318314504
1506632258949636097
1506630506569420805
1506454266302582791
1506415397247070209
1506402575377121285
1506383485673562123
1506353841607954448
1506326080336150545
1506308504121970696
1506302260552384514
1506271994144243714
1506271742532145158
1506271576404246534
1506271403649257474
1506271240276910082
1506270977226911746
1506270859480420354
1506270467052687370
1506270030236946442
1506268481041408001
1506059301672075266
1506020523616223232
1505996790612516872
1505966546568593422
1505941802423144454
1505693670774824960
1505640570986901508
1505594274531917828
1505576650150453250
1505306368953171978
1505255533917487107
1505206460669739008
1504956312538566661
1504936431294189569
1504888365036052481
1504853384116854789
1504584361831591941
1504555998941483011
1504538811199639559
1504528417336737800
1504518678800330755
1504493764441563136
1504279603333906433
1504266516912607236
1504256450822037508
1504239337952608260
1504218472254947328
1504218230294040576
1504218137981505540
1504218053638242308
1504217908804820999
1504217812046336001
1504217492025233412
1504186976269967371
1504168370509295618
1504146979227521032
1504075893177733126
1503892804434599937
1503870658505232387
1503861850911518720
1503838023389171716
1503817558864052230
1503804718795173893
1503804622087020545
1503793149176688644
1503734525041520643
1503559860914294788
1503510787565916160
1503483602146893832
1503461714293047296
1503435038267895810
1503399554250539012
1503157962348638213
1503101590999166977
1503038425150066690
1502789786402177025
1502738699787943936
1502684593593278465
1502479995431645185
1502460114267037699
1502439478085967875
1502419345917431808
1502402987913891844
1502379251479285771
1502324218767110145
1502124601849040897
1502072311301689356
1502053182863654914
1502002294296092674
1501996056346693652
1501981434785026057
1501972903776161799
1501718980687544324
1501694145945124871
1501694143969607687
1501638694469574664
1501616430093066245
1501606237766623232
1501388050022244358
1501365400692420617
1501351943842762756
1501320102502928391
1501298711414120450
1501272539456098308
1501246366785413124
1501004522860072960
1500939847048982529
1500917197618794513
1500883727345324033
1500647671379501061
1500582743884943368
1500518067624808449
1500248793370955778
1500208779559796737
1500164991051186177
1499885398838890496
1499853186731061248
1499828523959152640
1499802351586226177
1499545684361555970
1499528659362889728
1499518434186600449
1499452798353625092
1499428890653216777
1499204160129941505
1499180755737526273
1499158861869158400
1499133947443245059
1499115072911646721
1499097708841222147
1499076820842557442
1498866182748786696
1498863142516011012
1498856532829736964
1498852607791673344
1498850251301691395
1498850144661422080
1498846398741102592
1498832712119037955
1498809673562181635
1498789427174424576
1498769042705829888
1498733307462406152
1498714181268217860
1498478881170288641
1498428002698420229
1498427833651245057
1498427729896747010
1498427558538452995
1498427406499078148
1498427230384447495
1498427107852042247
1498426592619606020
1498417519622770698
1498412442946265090
1498410179833958403
1498407661557018624
1498396840269656070
1498396085399826448
1498385012609142785
1498376707593543680
1498367647913689090
1498357833779318788
1498331912401678339
1498068174457106434
1497721892752482307
1497663005022199811
1497611666451689472
1497381650854035460
1497349737216892929
1497349735744688131
1497349733907578883
1497311690303500288
1497292312182882308
1497245232827703297
1497245231607169024
1497245230319509538
1497027064330924038
1496993845518561288
1496976481146134528
1496964653200535557
1496944520684052481
1496889203283873792
1496697140839690241
1496688739829092354
1496674239780298752
1496656875219259396
1496637749088161793
1496614345018470400
1496578357789659142
1496568543294414851
1496561748652007430
1496555205281796098
1496525425413173265
1496509151681204227
1496500103003127808
1496316381591130119
1496296500858654731
1496279758291836928
1496225532924645384
1496192062407917571
1496157585262604289
1495927066503622656
1495869940158668800
1495836218067537921
1495821553396768770
1495805012101894145
1495544294014259201
1495486916082425857
1495435829430394889
1495199522292649986
1495132581242851329
1495078474725269508
1494799888982282241
1494765160392765451
1494751373606408196
1494724391682383888
1494448825641025537
1494416613889609728
1494398311029223435
1494378414802968581
1494361500580032514
1494089961095770121
1494063285313757185
1494031576404922371
1493997602471223299
1493748209339932674
1493706937736867844
1493702037086916615
1493681771455688705
1493630936503574530
1493604003535544324
1493603217917333506
1493603056226910214
1493602884809891844
1493602780292038667
1493602380079931392
1493598620993605639
1493393622787526657
1493365688798482433
1493330708206551040
1493313595496673283
1493002545945473028
1492964042104786945
1492900875911663619
1492632859869286401
1492584541537529856
1492531442013728771
1492226431694163970
1492205223145840644
1492187928218460165
1491940800019644417
1491924190152179712
1491900031120683009
1491881329771876356
1491864799180832779
1491848905893502986
1491842676433600517
1491803394360569863
1491608359652319233
1491589988043169793
1491566835547967494
1491548213433618435
1491534371760734208
