1534671534219984896
1534589907620057088
1534208184285634560
1533919423752556544
1533470841203310593
1533112149261811713
1532759449349275649
1532403513753587714
1532073644041457664
1532064578632355840
1531700577608118275
1531245106195582977
1530309781365325824
1529484116734902274
1529453119016427520
1529232503893938176
1528929538419347457
1528841678672502791
1528793663895109632
1528784768845991936
1527333838669504529
1526567441522118657
1525671132581478401
1525538539504652290
1525175388892168192
1525162536454303744
1525104032200761344
1524834974259630098
1524767105018699777
1524743801549565952
1524496925067821057
1524437576341409793
1524182084008529921
1524131327645261826
1524062144756690947
1524062021125349378
1524038460629262338
1523771834788851712
1523700685375950850
1522749891537248256
1522669454936752128
1522651711512449024
1522381352833896450
1522331372823748609
1522233655346749441
1522230973773004805
1522229268629098497
1522206473740242944
1522059761071575042
1522008006300516353
1521920334081019905
1521899155777638401
1521869751953334273
1521303260933541890
1521269350367440897
1521149717341691905
1520941296411717633
1520848039660994563
1520836372541718541
1520085088066805766
1519750944128479233
1519724730697367552
1519468232180211714
1519457088338018304
1519386667290931200
1519346342614736897
1519069677531676673
1519067891055968256
1518356358436954113
1517565151796420608
1517518258148151304
1517206924571381763
1516841955111710724
1516223640274096128
1516068647122444292
1515113294801035267
1514962817979498504
1514252307101368321
1513969260288253960
1513941301972119556
1513652042916585477
1513589364990828555
1512835585798463491
1512527620642000898
1512513299920871435
1512448394731610112
1512197522994995201
1512149157947002882
1511884221488504840
1511850721133711371
1511849659249135621
1511848584806862849
1511837012151750660
1511783586273406983
1511736407169114112
1511703192412766211
1511697838237003778
1511402979030667269
1511358855489503238
1511354883949142020
1511332135562616833
1511099856160448514
1511075167048540168
1511071805942947842
1511018195020304387
1510634029787365387
1510312133367668737
1510019577715040264
1509939659517968384
1509607038506213384
1509252358810787841
1509184556460609536
1508461836320051200
1508178923460386817
1508108336943841283
1507760299297882116
1507452695099351040
1507430127843655690
1507155160321171456
1507005554836738052
1506650151728865283
1506435670859988993
1506338666473529344
1506315662645510155
1506288105959141378
1506279086313902108
1506015958917431303
1505692764884852742
1505593166329692171
1505366130814291969
1504927048158040071
1504878894230515717
1504858372927115271
1504830991868772379
1504495754789990403
1504222093222850569
1504163462234218497
1503889847961980929
1503785538242985985
1503742126328365061
1503504857449353226
1502770601215287302
1502373640796524550
1502337489780068358
1502037919720165380
1502011833347100674
1501693041853218822
1501640468584669185
1501370855623991298
1500914277129109507
1500142810326044686
1499856885545058305
1499806508242063371
1499528975189561344
1499475248869257226
1499211381203247106
1499168584215449601
1499080248230563840
1498428789700935690
1498425618928648193
1498396041502244866
1497636269169459201
1497611805346177032
1497268861791522822
1497028266967945217
1496927170932924424
1496913185093439488
1496885929860026374
1496633326618165249
1496261823141761042
1496225554588213248
1496208121789886466
1496143992110649355
1495558978704654337
1495446775368400899
1495099657759899649
1495055189883109376
1494791179396919303
1494755263840145413
1494480512135610369
1494422146218614790
1494386969685729293
1494362354749947907
1494345933840162817
1494341333254905860
1494307149488472067
1494095104117993474
1494055857864257545
1494042313114411013
1494022374081155074
1494019020370161680
1494006331065393155
1493761236705718272
1493699328443129860
1493650425261826049
1493608065580552207
1493345217415729155
1493248260974256130
1493008465111007239
1492583100630585351
1492303660176523264
1492259389964705792
1492215545445466115
1491942865123041284
1491877228426280963
1491847691374059524
1491826922195718145
1491792100999905285
1491596083994234881
1491545448066211842
1491540439979204608
