1534677636819173377
1534654564116439041
1534654563013349383
1534654561763397632
1534654560257572864
1533524056955269120
1533480570730295297
1532775104496779268
1532723796163043328
1532492039564283913
1532184922387058689
1532029796988993540
1531767885286211584
1531328844761862147
1530188076789780488
1530188075321663490
1529870479544274946
1529621637410312196
1529588193238073344
1529251486546395138
1529215605362069506
1527323053608562689
1527101904358150147
1526960322749267969
1526960321461731334
1526960320337649664
1526960319041527808
1526960317695139842
1526705264124215296
1526669380544872452
1526629213465452545
1526577897372372993
1526203917691912199
1526019967656906752
1525855322698653696
1525642180466966529
1525591589451620353
1525220522191118336
1525128743856943106
1525099344441090048
1524827679291228160
1524532419914870784
1524498635123310596
1524485923387412481
1524425946970873857
1524210269861335042
1524185922975248384
1524026479687999493
1523799984755249152
1523408251840524288
1522264614674780163
1521974619745538049
1521519956512448516
1521498188947066880
1521329425559732225
1521257439034855430
1521232477716680706
1521232476307267585
1521232473442684928
1521232470036914176
1521147073478987782
1520928506573688834
1520878571987873799
1520842112832577537
1520777356297781248
1520759952356352001
1520072527887884288
1519421125297639425
1519111586090082304
1519081052282802185
1519013773708828673
1518623350200979456
1518277272012300289
1517971572979609603
1517586807608725508
1517538737592356865
1517213476212641792
1515706652472750081
1515072471229091841
1513648909704470531
1513594553873453058
1512551185789640706
1512461541064458242
1512188466683076624
1512132765478707208
1511837141734723591
1511712834304057348
1511499136855691268
1511454677669457922
1511060939453259779
1510670185572798466
1510361428812652545
1509932443037540376
1509622129733644294
1509576259336089606
1509530958105485327
1509239310935072771
1508942076800606214
1508863006679121926
1508625386623619077
1508598990199267340
1508571324284911616
1507817164236939264
1507511164183449602
1507386836963901442
1507130139590729728
1507051748808175621
1506994903024341002
1506781116707098626
1506733675404316673
1506270227595677708
1506065878743400449
1506013239888416776
1505666059692646404
1504948259088912388
1504877090562318344
1504533029431259141
1504489460121100290
1504489458980241415
1504489457730396162
1504489456434388994
1504489454924230660
1504223483672236036
1504181960637403141
1504132936689496071
1503494561993310210
1503099159099973636
1501571196915261449
1501337779149627393
1501239889022668806
1500986878014676998
1500523811740991489
1499886154157473794
1499825458032136195
1499761709849972738
1499435964942405633
1499165154168164355
1499127411383881728
1499067020121419778
1499033439340740608
1498878581816102918
1498432837187428354
1498387035475824644
1498334250772357125
1497374020832010248
1497374018239975428
1497374017250107395
1497374015958171649
1497374015001964548
1497374013831753729
1497374012745437187
1497374011050835968
1497226751247720451
1497010306211590145
1496888904049471488
1496856926977728517
1496700632987836417
1496628462924271624
1496544632716644359
1496502484080156673
1496256833387999232
1496151580793577476
1495900633571938304
1495825506951966730
1495541677116772362
1494806555623141379
1494730001182298113
1494048376022831105
1494003601534078976
1493289757496983558
1491570107729936384
1491538287114305538
