1534576406453264385
1534570654170750977
1534565877382885376
1534561953045172226
1533949659151998976
1533851663940915202
1532509779532316685
1532503770252320769
1532479510578356225
1532352572098588674
1532130474637676546
1532115772486590464
1532046777276317696
1531810241939410944
1529864609934495745
1529853419439235073
1529808484102983684
1529808482647650304
1529548360104943618
1529548358574129153
1529548356795645953
1529488014602272771
1529444520089243648
1527345878918320152
1527345877253181444
1527345874640130050
1527345871624384513
1527098916378144769
1527098914654113792
1527098913076944897
1526943534909210624
1526931818926198785
1526931814438293504
1526743418793340928
1526694281376940032
1526618109251026944
1526353756232855552
1526318701112438785
1526281400353181698
1526235760571064322
1525119607224381440
1524856576544325647
1524845233829203986
1524828627086589954
1524817725448757249
1524797249536110595
1524784290340413440
1524722283910213632
1524722283058716673
1524722282333192194
1524722281112653824
1524384763083206656
1524225460548341760
1523689404824363008
1523689401783439360
1521826565017030656
1521826532548825096
1521826528203620352
1521826523434606597
1521826518808383488
1521826514131726338
1521826510252003328
1521826509060808706
1521826507123011585
1521532741128441857
1521511798746320896
1521467325580468225
1521467324007649280
1521286264619737089
1521245291881631753
1521238775359328256
1521223949652312065
1521223937820180485
1520127201076826115
1520127199721971714
1520127198308577280
1520127196798627841
1520127195401932800
1520127193774542849
1519767168484888576
1519766044885364737
1519766042305781766
1518590735188123649
1516521657564909578
1514242940578807817
1513526329009975296
1513514461457436679
1512115897288335360
1512115895707000839
1512067647688495117
1512067643812974605
1511735732527902727
1511393749980651526
1511022188861837315
1511002492800282634
1510632106665332741
1510632104836612110
1509959818769059850
1509959816982286346
1509959815736475658
1509959813756866563
1509959812444004364
1509937116242972682
1509901919996817461
1509899834320470019
1509899831287951380
1509885424373833728
1509668818519478277
1509662736082477057
1509636191573925890
1509596849837072388
1509557768658853890
1509557766934966279
1509557765529903111
1509557763923402755
1509557761574686728
1509315035016933376
1509193529037369347
1509193527460253704
1509185292787408896
1509161181612843009
1508944611221323778
1508908528773251078
1507365984696520708
1507365983035527176
1507361088702197780
1507359105207476226
1507359103827521558
1507045094704263171
1507028896692293642
1507028895182245890
1507028893672296448
1507028891340320777
1506990832980664323
1506990588570345475
1506668230236119043
1506668229074329611
1506668227983728656
1506668225957974026
1506391758560808970
1506391756572663809
1506391699802701826
1506391698523537423
1506391696170532868
1506356522808496132
1506346096469106692
1506343765337944072
1506300217448177675
1506300215426437126
1506300211043479564
1506281592326701061
1505972714212843536
1504887300295204869
1504887297648566273
1504885474078478338
1504860481525366786
1504799411733413888
1504798774169853952
1504530433492541440
1504529303530360841
1504520676379697166
1504446569126543363
1504204935050764299
1504186111333179396
1504087747077844999
1504083798643941382
1503864728782835714
1503759923880079360
1503731181711470592
1503508480812109829
1503498458287775748
1503498456706527236
1502705508943343617
1502378458751590400
1502378457300447234
1502338863842349067
1502319499290320897
1502319497599930374
1502011958819790861
1501732690474807299
1501732687165468678
1501703717430702083
1501694909966917632
1501694908285005834
1501677418351837185
1501677417043218435
1501677412106579968
1501664536188919819
1501653680269008896
1501638484875956235
1501635694309130242
1501635691914145808
1501622167615811584
1501622165623422976
1501585483440300034
1501577804776935425
1501370694101311493
1501361738557661188
1501345141310717957
1501345138999758863
1501311793163124741
1501311750649663488
1501310654367604739
1501291562441089025
1501291560868188164
1501291559152766976
1501291557453975556
1501291555797159939
1501291553976950790
1501291552408313858
1501291550541758470
1501291548331282432
1501245477270040588
1501226137804017667
1501209373997207558
1501191434367643648
1501191432463437828
1500948019038019589
1500854242936078337
1500831141128982534
1500831139442868226
1500513593288187914
1499840538509557766
1499811143711440900
1499793673881538560
1499541177745485828
1499438142771941378
1499438141291257856
1499127408418512898
1499092213137133568
1499091850866663426
1499091756213846024
1499052758443380738
1499032709053796355
1498857425243418629
1498845222347972609
1498831203486650368
1498828920552140800
1498781163502059526
1498767388329840640
1498767387214204935
1498767385435774982
1498761144735047690
1498713010789138433
1496970530892967937
1496932468938756099
1496932466396995596
1496926036180750338
1496902349469667338
1496902347892604928
1496861039618572289
1496861038758748161
1496861037857062918
1496861036766449664
1496596714429599761
1496596712051421184
1496596710021382149
1496596707722903563
1496596705973780484
1496596703486558213
1496596696243048453
1496596693193826308
1496596690714902541
1496575188904906754
1496535760157265924
1496526347673481226
1496526346142502915
1496491409523855372
1496315559549542404
1496315558442287106
1496238129161850884
1496238126825676806
1494727030667104258
1494673799807127556
1494673797928083458
1494398095949508608
1494398094603132942
1494026812745265161
1493652454176694277
1493652452989620227
1493652451261616128
1493652448258441220
1492267629456809987
1492267627380723715
1491899091026169859
1491899088970915845
