1534637360947908608
1534546457096867840
1534546455175864320
1534290978688966657
1533830198264795140
1532830137934401539
1532830135367368704
1532463547434815490
1532019705665490946
1531633195019542530
1531249752205144065
1530236728535048194
1529895258636660737
1529890694646706179
1529890692683771922
1529612191313403905
1529581375044608000
1529553353092505606
1529502834126995459
1529197501303205897
1529185743779901440
1529149657947021312
1528790977372209153
1528790382997389318
1528385694321745922
1527780619836706822
1527715686180610049
1527666427225841664
1527666426051428352
1527666424981987336
1527666423719395330
1527666421802876928
1527272287040307202
1527272218526351367
1527271890519306248
1527271067076677632
1527030965180276737
1526941263798456322
1526646170436702210
1526374250785001472
1526362928580026368
1526328613410418690
1525158888617693184
1525158886906503168
1525117374105628674
1525117372285464578
1525090786919981063
1524871342918668288
1524834473661059084
1524816758217093120
1524776181031223296
1524761508680507393
1524747115016118272
1524510597957787648
1524445275728842753
1524372662008664065
1524200889698947074
1524133279602987009
1524133093539463168
1524132951725854720
1524132503631581189
1524132198416367616
1524132051317927938
1524131981218529280
1524131782119022595
1524131780143587337
1524121328202223619
1524090499241586688
1524090497274421251
1524052096177352704
1524024527742808065
1523734483060477952
1523296630790840323
1522683009442398208
1522307763677892608
1522206296207933440
1521949781224038400
1521940784282488832
1521850167112220672
1521598933151240196
1521578452582912000
1521532652553228289
1521478958260305922
1521188967210704898
1520105095123415046
1520074235531730948
1520059532034154497
1519785124304506882
1519699340310323200
1519687675942428673
1519681916408111104
1519466429237637121
1519323906821214209
1519317563108438017
1519028428078555136
1518961018742923266
1518618429133053952
1517535632523857920
1517229837500534785
1517173445251014656
1516816651001507848
1516816510622347278
1516808145363947537
1516802585897877506
1516774630018715658
1516582427237396480
1516223806666203141
1516133438369239042
1516075638838419463
1515720898459979778
1515455280837971975
1515332936517697544
1515089531216801792
1515089474203668484
1514736580761686017
1514667670611927047
1514411867346812935
1514344824194936835
1514301535316058116
1513895221267947532
1513864369704251399
1513864367669919744
1513647277876944903
1513621060884877312
1512105121085329412
1511870616563032067
1511798304698425345
1511788331310350336
1511777889330597890
1511745863550476291
1511706825745387530
1511348856402939916
1511034918121394184
1511019599562776585
1511002615206891528
1510316133265465347
1509972085455605763
1509972027200974852
1509971419253428229
1509950220586659841
1509685388675330050
1509664976314814467
1509583194139602959
1509560842911637517
1509549974157148165
1509282319886077957
1508986172760104960
1508899332682133508
1508841751523508237
1508841750017810440
1508819845214789641
1508550481320239111
1507168587043246085
1507154689061793792
1507087538816704512
1507087485951778822
1506669537139306502
1506669535667097600
1506406318327926786
1506082276471459847
1505587813013729284
1505381278484471809
1504999953868988417
1504999952451309570
1504857231870906368
1504827734765322241
1504634996593770499
1504623537914580996
1504582317498683393
1504534007559634950
1504117857780654080
1503722409530171392
1503676094511210501
1503514625748664321
1503076338701201408
1502417646066847752
1502395545129730050
1502050854370697222
1501924787454631940
1501742877663182849
1501603729300201479
1501559300950573060
1501371320881274884
1501330370897362947
1501284928033460225
1501244523686645764
1501238097144684556
1501220867908509698
1501220865828077568
1500955783432921097
1500939139168018453
1500921324717420552
1500896048516059152
1500895532612558858
1500609586797158401
1500609244822974464
1500131956843073536
1500091591465345028
1500091474532352002
1500091033211789316
1499942580552966156
1499852475813306377
1499505491055190026
1499473405543862278
1499463803020394498
1499175674061406212
1499092764818083843
1498877668502257664
1498730622285717505
1498708841642569731
1498461426998030338
1498452633367060487
1498377195722612746
1498347914036498432
1498343459387854852
1498291075320012803
1498133592861519872
1498133576159801345
1498094367403393027
1497683220799889409
1497598790664138754
1497243437850050560
1497017615767818241
1496976749317480454
1496849665630912519
1496849664347459584
1496849662971625475
1496521252495888384
1496284445074243594
1496125587135647755
1495964994013470720
1495870036942151689
1495867379288625154
1495838934265380872
1495821741326848010
1495445193792839686
1495444724114677761
1494761147110731782
1494431104257957902
1494386892380463106
1494116888540073987
1494080466986622982
1493716526695948289
1493654025602015238
1493355927541538817
1492934568470585344
1492543825675444226
1492256053500821504
1492237540308533264
1492223355369533449
1491893678813716485
1491848777527074816
1491774656961040387
1491580270696407043
1491547441220497418
