1533955146505457665
1533505716442505216
1532815457148887045
1527789373357494275
1527789372329926657
1525550335464558592
1524938011934334987
1523016143401025536
1521616951952482310
1521250418457722882
1520149683297038336
1519389579601752069
1518055590597177350
1515676382201794561
1514289407318233089
1511159726024839180
1510385791582846982
1510385771655700484
1509581289078276111
1508928448907157506
1508928447875358728
1508928446751297542
1508928444503146499
1507907063535611906
1507885706311577602
1507066102593073169
1506680867674017798
1506388120488579076
1506285702136446978
1506285700404101124
1506285698772525067
1506285697233305617
1506285695635238923
1506285693953314818
1506285691990425613
1505706177434374147
1505706152247582724
1503834749642715141
1503794865435561993
1502422518589702147
1502041911418314754
1501607679785156612
1501270115458846723
1501188596270878725
1501028241494228992
1500475522157002754
1499875154838626314
1499875153462931459
1499875151986495491
1499875150350671875
1499829506919518209
1499156775454576647
1498814051375321090
1498770288061919237
1498455162683285507
1498434765803900933
1497378476797710337
1497291359115481099
1497291358029107204
1497291356687028226
1494432248371761162
1494432246828347401
1494432245217644553
1494095484817973251
1494082528872960001
1493701614716215302
1493629028938526735
1493293622384545796
