1534654454854733825
1534651292831961088
1534605481829974020
1534574472128303110
1534549418489298945
1534547512639598599
1534203219391430656
1534192043110670338
1534157691102306305
1533884216080998401
1532832190572023809
1532719913550356481
1531657091173212160
1531370417293762562
1529922609374281742
1529814948834074624
1529804188808581122
1529214950358515712
1529214880733184003
1529186614580326401
1529162587623104512
1529162586322788354
1529162585223880704
1529162584062050306
1529162582493474821
1528753140312449025
1527671969910603776
1527305251941888001
1526973396864716800
1526674077263572999
1526618659787087873
1526587940918403074
1526584142451941377
1526542014313013249
1526286384000122880
1526175802995400705
1525161834185216000
1524813557136769025
1524791040112267264
1524788376586657792
1524450494688681986
1524450070204231680
1524378018029916160
1524068483990007815
1524062753098543104
1524027521217568768
1524009293720268800
1523661284696203264
1523648148261928962
1522612167782109185
1522606570265141248
1522581056154587136
1522565325631500288
1522368258619412480
1522308326817779720
1522292067841581059
1522212723584475139
1522210983325880322
1522196423932006400
1521866576013803525
1521657600613433348
1521605252574765057
1521555015051227137
1521492939079401476
1521265974271516674
1521164141171458049
1520131461118103562
1520062475722448898
1519789057819226113
1519785626706534402
1519707315640938501
1519680480702091265
1519488028607143936
1519384384239026176
1519350908638961665
1519345145514274816
1519328979718651905
1519318506973675521
1519281400981213185
1518976688507559939
1518976595616272384
1518940325938671619
1518924874269528070
1518669506511609859
1518018200461623297
1518018131003953152
1517572330121273351
1517221447994904576
1516775403020595203
1516573487128887301
1516505827095552008
1516502021947469832
1516078096620797953
1516066316758704133
1514989518356684804
1514724046100856844
1514673762288820225
1514610571731107844
1514327460527190017
1514245965556981766
1513952909842698241
1513925887783284738
1513901065879625729
1513896460642828292
1513623410504523778
1512503195171500035
1512457161825214466
1512179727494230017
1512079861187158021
1511794193408143363
1511782425810313217
1511780385524531200
1511759194969542658
1511730341089841155
1511720214131626000
1511445095433875465
1511312004258095105
1511054469961814025
1510948807424589826
1509991325072072707
1509619398524518404
1509616410149982212
1509596876999471107
1509591291507752960
1509550604472967171
1509539990845407234
1509515316375785489
1509319203060396037
1509261303596130316
1509254105331638276
1509218496802082821
1509178799354785793
1509128320507592705
1508923401162924032
1508914455891136512
1508874900118937608
1508825672629866514
1508773151680962562
1508557123957006348
1508534993567592451
1508501395569356806
1508416281321615362
1507847890072440841
1507412026767069184
1507109191672115204
1506632705227866114
1506609278672588804
1506356567612047368
1506351855609200644
1506324294686629894
1506291219382558744
1506018555611213826
1505982140403654669
1505973902568300545
1505016681244078085
1504527949453737985
1504487736010424330
1504439887751442432
1504224386437595139
1504190008332279815
1504189998500876290
1503804327097470977
1503790393476923392
1503446747145773056
1503399323475890187
1502352257848946694
1502012475008561155
1501947542761705479
1501931204379086848
1501734478397558787
1501641262524510219
1501615014444163076
1501599961082961925
1501585813670440961
1501574006088114186
1501306899127578631
1501219833924497409
1501219772712861715
1501219633772306433
1500921135294205953
1500856166611574793
1500855813203709959
1500823826296455175
1499831575323807744
1499403758278627334
1499403334481969161
1499097212382420992
1499050488024776714
1499040198621122564
1498863064199880707
1498863062681632774
1498863060139876357
1498863057975472128
1498771900918546438
1498763755265863681
1498750981080854529
1498699136450895872
1498688465277386752
1498388696055394311
1498377909110779905
1498376562168766467
1497236473371926544
1497236450500395013
1496905351240708097
1496880228995674112
1496546468177629188
1496522937674960896
1496249111904935939
1496182113745489928
1496153068949364744
1494807966926532609
1494441342071721984
1494388381249425413
1494068741629427720
1493676365706575876
1493310114677284864
1493255373100392452
1491801878740410374
