1534684420887683074
1534667839436640257
1534665353170755590
1534648964565303296
1534643564143050755
1534630090272911363
1534629437630709760
1534628020178272257
1534598632984367105
1534592989997281281
1534584791949090818
1534584672243548165
1534580093003112451
1534569692383289345
1534562862244450311
1534558369993764865
1534547922595069957
1534534374477160449
1534532318999846912
1534515586939596802
1534271482880086016
1534252603995041803
1534241279852150784
1534235398473400322
1534233098333958144
1534224937191342082
1534222907202740224
1534214854306942977
1534198897274413056
1534190864720855040
1533958163057192960
1533935513903808515
1533912865442213888
1533890217236746247
1533862532737286147
1533841147574964224
1533823022489972736
1533803897126526976
1533787216585150467
1533562304775741440
1533471457384271877
1533439832025882624
1533243958691868672
1533190997475213314
1533149713486204934
1533086425113059328
1533079016638382081
1532882234214064128
1532837922797502471
1532783467037171714
1532758372902133761
1532737578503393281
1532489738388504576
1532466332683362305
1532435882346795008
1532414240832757760
1532389074010529793
1532369241650905088
1532135150716346368
1532100934070829056
1532090506087473154
1532090454900187136
1532084567359639553
1532069467618000898
1532053331987808256
1532050695804837889
1532029816425353222
1532017607099949065
1531999185389731844
1531761186613493763
1531733120101269504
1531714268743204871
1531699838877843456
1531666423625486336
1531653748006785028
1531644315377750017
1531387316538945543
1531254598559670272
1530897999454474240
1530662446381142017
1530649612029001728
1530597085862576129
1530588459219435520
1530588056843079685
1530543387551703040
1530296535572852737
1530273886419288064
1530255015293509632
1530235634119364608
1530224813809184768
1530219541405609984
1530194832253140993
1529961830101180427
1529949247080128522
1529937923948220416
1529926598408826880
1529900928945377282
1529888849907920904
1529875007848845320
1529865610649288704
1529839740773707779
1529492990984601601
1529467322099900417
1529466311646093313
1529201026015821828
1529190749148852225
1529184206353465345
1529175649805471744
1529162563451248640
1529156839430098944
1529123137119477761
1528869884876185602
1528846983858823168
1528837169371963392
1528823211969978372
1528798190581043202
1528786550611484672
1528758191902834688
1528736873371381762
1528473272920289281
1528420476657221633
1528382674309500929
1528122208740073473
1528080685390438400
1528015259176509441
1528008212963794945
1527778696366477312
1527759820815626240
1527744469453373440
1527733396843008000
1527709429839405057
1527708733714796544
1527693527869702149
1527680551301304322
1527670631336235009
1527653513400131584
1527632029512253441
1527423868062683137
1527412532108898304
1527400757615534080
1527385856830341120
1527371009510227968
1527358380536320004
1527343612639318016
1527335792523153408
1527332680840663040
1527319293016539136
1527319184752795648
1527315130148458496
1527245571525943296
1527099995454939136
1527099506331885569
1527094728663126020
1527090730073829377
1527088631478886401
1527087457413521408
1527053251090186240
1527033916955275265
1527023481107398661
1527017428932247560
1527008806441521156
1527008622680604678
1526997296130424833
1526987169700651010
1526975905264029698
1526969600474234883
1526958626409168896
1526956881972953089
1526938539212128256
1526881677146050560
1526687756579053571
1526661332589809666
1526657853062365184
1526651889475014656
1526631136159338497
1526614944539607042
1526594643684737025
1526580124736540678
1526524638527901705
1526353302564360192
1526348017611157504
1526337951440834561
1526329145591930882
1526322097512800256
1526306746775621635
1526298945810358272
1526295169439522816
1526287619599912960
1526278308333244416
1526271345402707971
1526268354557882368
1526248739484094464
1526222188981780481
1526213366016094210
1526027479697211393
1525936568455798787
1525888989189783555
1525619379316072448
1525538467823992832
1525205560152432643
1525204734340128771
1525201852744212487
1525192906230800384
1525184098276364288
1525172773827518467
1525167502011117568
1525151106099298305
1525125781969637377
1525083454542696450
1524895949952262144
1524884422696247296
1524879971612778506
1524872546520293399
1524871892976427008
1524857697912471568
1524832018139435010
1524815419395059712
1524804186092752896
1524804117587165185
1524803099092738048
1524799061332742151
1524793266335535110
1524792770707136524
1524783961989431297
1524781446962900992
1524778193680474113
1524775498244571136
1524771017519939585
1524760237982449664
1524747312873885696
1524735617971769345
1524539853077192704
1524525257213636608
1524517206645612544
1524513866327154688
1524510157643735040
1524505879315468295
1524501331175780352
1524501255116234752
1524501215677231104
1524497071515963392
1524493548069916676
1524485156425379841
1524480713772322817
1524469389097021443
1524464859252895744
1524447746207363072
1524439241975025664
1524439021937737730
1524438326916395008
1524428737760182274
1524426874327343105
1524417778324848640
1524409144471601152
1524395489088708608
1524391903797694471
1524385898783195138
1524349407163994117
1524148021746798592
1524137453371772928
1524136691451273217
1524122353021730816
1524120842652708864
1524110577018314752
1524086872145760257
1524079319701667844
1524067993805680641
1524058388006588417
1524042378868367360
1524022693552603136
1524011374480928768
1523981174518865920
1523822627931889664
1523815083960242176
1523811302514343944
1523806269429018624
1523799985351012352
1523794944791613444
1523788653738311681
1523786137168347136
1523777329725591552
1523771949222363139
1523770351053799425
1523758133331763202
1523749646136487938
1523739831859171330
1523730017070587904
1523722086992150528
1523687990228250625
1523677050480996353
1523659346285981696
1523275304550105089
1523048778286223360
1523011873834102784
1522940565444341760
1522712824765730819
1522682620647149568
1522659967978803200
1522632616440209408
1522625992220631046
1522609634577580032
1522597420076617729
1522587940307808257
1522575291096481792
1522567950431133697
1522320596171956228
1522292545048481793
1522274909002551301
1522253538075680768
1522238331937042436
1522229882872287235
1522210026143768578
1522010687995715585
1522000621833965570
1521988041560281088
1521976965678477312
1521958091356475392
1521946515115184129
1521927388975837187
1521899706674077697
1521887375634448386
1521873604299960320
1521855314299076609
1521595453199970304
1521580521842782209
1521580355270062080
1521557705898426368
1521542741783719937
1521519702584877057
1521503998775283713
1521498688731992065
1521498639704768514
1521273329214267393
1521263514907668480
1521249170283192322
1521243130271567875
1521234322619047936
1521226772422955008
1521217971699404800
1521212251461632000
1521188977918853123
1521182732474368006
1521177462310379520
1521120197402374144
1521110720443822080
1520903391496466433
1520873192864235521
1520859351270846465
1520826636232396800
1520802730289238016
1520776304223821826
1520754214682730496
1520502751557472261
1520489413901488129
1520475518902095872
1520434878864670721
1520372710404153345
1520358919239053313
1520164775019261953
1520139608897441792
1520119476577923073
1520101860832600065
1520077953970753536
1520066628918005760
1520042868273995776
1519994852116729856
1519817486237061121
1519801128812171265
1519787287965581318
1519766826422611969
1519764638014996481
1519753565392228353
1519749629184774146
1519741293081079810
1519727316909371395
1519719339603238914
1519711789784518656
1519700466485104641
1519689141675458564
1519676202809704448
1519634030442033152
1519466429711478784
1519456939037577238
1519452411248709634
1519446290475765761
1519437226249236481
1519434965850763266
1519424900309536769
1519411058145828864
1519398727106052097
1519388409135087617
1519386135704883209
1519380859622596609
1519374303162105857
1519356952261783558
1519353179028271104
1519343777994924033
1519335480730562560
1519307121086582784
1519272178113564673
1519122853140078592
1519118338508705794
1519098246911586304
1519098016002719744
1519085161178087425
1519073796568887299
1519072577787899904
1519062763263471617
1519053703394643969
1519047412081324032
1519041121065783298
1519033067691823105
1519005385020956673
1518999597477150725
1518992047386120192
1518988086197248000
1518983241897762819
1518973927925719041
1518973917997768704
1518973751672647683
1518971117226106880
1518969833194463233
1518946257867321344
1518917396999909376
1518726799554883584
1518711461865996295
1518703912248872963
1518701687745265664
1518691388602339331
1518686263787888640
1518674203011993600
1518662809479008257
1518654159981060096
1518630074555187201
1518618730481307648
1518618605285486592
1518616714036097027
1518613362258624516
1518610047059779584
1518589968079331331
1518567267834941440
1518394506521067527
1518326412037394432
1518292437617233921
1518228269623128064
1517986672419377153
1517933824243642368
1517892301162303488
1517889294341390336
1517858328109625346
1517661517008850945
1517639392256532481
1517625040115798018
1517605410290774018
1517586536153317376
1517566403393556480
1517555759462199296
1517552562232348673
1517541239347978244
1517533809415266304
1517518884672356353
1517497939555409921
1517269449082032128
1517247049376231424
1517227923421360128
1517214081710653440
1517191432603201539
1517181365996834826
1517163656873660418
1517162491758845952
1517146910594805760
1516904542473838592
1516888184889610240
1516878118140657665
1516856727060336643
1516842682269814786
1516839112421957635
1516829044821487621
1516822587627786240
1516816463138594816
1516805137158885379
1516790038150799362
1516779536079282181
1516756420879953922
1516559770215350274
1516539134344503296
1516510697412309005
1516493584303894532
1516472193340911622
1516460328581742598
1516457848955236353
1516448513432895495
1516445265867141122
1516431441327968270
1516426128432549895
1516425089012613120
1516194865989705731
1516182285271195653
1516170958289080322
1516152335851929600
1516133209725054978
1516120626703917060
1516120516951695365
1516112216667439114
1516105023926812672
1516079103262093312
1516061489358061575
1516061095546560516
1516048621510307847
1515756225903931395
1515670322158178311
1515394592677384193
1515326273823858688
1515060642289496069
1515051302581153793
1515006926467252240
1514993350683803664
1514969187512463363
1514954467711623168
1514753367586746369
1514747832745439234
1514736506501431325
1514727698546917400
1514717633005903880
1514698757803184133
1514688113293074440
1514683658702970880
1514677094390845442
1514652471322464264
1514651801248804868
1514633934583250951
1514377042007146504
1514374118505947143
1514364052729995265
1514355244016283650
1514343919592517634
1514328065303851022
1514310700851769344
1514291071957807109
1514277230209232897
1514269680583729161
1514254981343367180
1514239164727844868
1514024313573232654
1514011731466592257
1513999147707342869
1513990339761098761
1513973982743040000
1513965425637269507
1513963254413991936
1513948886343290880
1513946300915634186
1513935729973420037
1513924913987571718
1513914842540879881
1513904775926013952
1513899711257796612
1513880703158607886
1513646574588481537
1513630216668651520
1513614478126026758
1513611594244104195
1513598004791496706
1513582905137770504
1513566547398254595
1513553626068926475
1513525206039547909
1513240146665222146
1513178490320953352
1513148123346046981
1512861401072783366
1512785651845849090
1512550857287512067
1512542046552305667
1512531980813942790
1512516880698785794
1512501781447675905
1512483158654021635
1512464033491742726
1512439430975528960
1512418734333333509
1512199689952714756
1512181672099430401
1512165565242216454
1512151221506875399
1512143039233507332
1512132108789059587
1512129663543529475
1512113826086461450
1512094866473459716
1512068572977106956
1512065345141366795
1512029924676161537
1511853006421176322
1511836648602017802
1511817270942572547
1511800913064652801
1511790952666611712
1511772983660056583
1511762149449871368
1511760532663152641
1511754235821625347
1511744847903965189
1511735608573677570
1511708386924142600
1511666275847573508
1511472499510312962
1511456644600942598
1511436446875455495
1511433840790851586
1511426949024911361
1511407429438910465
1511399518172069899
1511381398837358592
1511372339090530304
1511362337227386882
1511358154927484930
1511355279555936265
1511352232603758609
1511340834318336008
1511307944754823170
1511128985584906240
1511117157991604231
1511103819731582979
1511093753569853448
1511082428646916099
1511073620855963649
1511067690609393670
1511061289572790274
1511049210103279630
1511037130629255174
1511030571899760646
1511029453064916993
1511029414578036742
1511024654651113475
1511012935753154571
1511006515712466954
1510996723719716875
1510935553453305859
1510752809527959554
1510728094146985985
1510652596595351561
1510622258800349184
1510366461029765125
1510309153033666567
1510278939264049154
1510014391395049480
1509997781695356931
1509968773847072776
1509968738585653252
1509965519885119492
1509964628243197961
1509961543118737408
1509950332742389761
1509948708699267072
1509937371713789958
1509923996262932504
1509905732497518627
1509905152559493149
1509863397113794561
1509660559926390798
1509640427330277379
1509629102533361675
1509606705348362241
1509601420038787089
1509600579034783746
1509595129149071360
1509573737959415822
1509563671441121290
1509563092400754693
1509555049554489352
1509551484450611201
1509538395516719109
1509535316830564352
1509520328103501826
1509332614158630923
1509287853808885769
1509266716349673474
1509260762430246923
1509254131600408577
1509237270796144643
1509220157947789320
1509208833494859789
1509196753756643331
1509190644622888961
1509155556820406275
1508949626790981634
1508929355514273799
1508927479599316996
1508908101612810249
1508900551794122756
1508896489510162432
1508887465603571729
1508870353451368455
1508863205476605962
1508859531627016205
1508842245461622785
1508840154756259844
1508821919373615118
1508813517113155585
1508804681040121864
1508796518895128581
1508779746733211650
1508604675637002242
1508588671599091712
1508546972210376704
1508538109629280262
1508522057889423369
1508521538030559242
1508510984939270144
1508490349202739200
1508479897148272642
1508447567331434504
1508437500838223885
1508091851114520586
1508090587844648963
1508090527438278663
1507872527745396741
1507837527713067009
1507760539937566725
1507711467948290057
1507508882289139723
1507497808756051970
1507485730657878025
1507467106467471361
1507461066757967884
1507447729223569432
1507441437297856514
1507436139132686342
1507435751507738635
1507405856660463619
1507399017872953349
1507153288990392329
1507141460717707275
1507122838272106504
1507108890709790723
1507108474429267972
1507099834997747715
1507097469057912845
1507084843406004235
1507075383237173249
1507035667624308738
1507029473106927617
1507024752648597511
1507023594005708803
1507016901339148289
1507012272714969092
1507010903723585549
1507010569412349964
1507006778378129412
1506995149804646411
1506991263823937540
1506987779611414528
1506972126384902148
1506952785602002945
1506789708579414018
1506788124881559552
1506746507554340877
1506744343167709185
1506715291249745923
1506692502757257228
1506666499305611271
1506647953926205452
1506644930508304395
1506640897819262979
1506625291862650880
1506426247936577536
1506416433240059905
1506405864004984835
1506395042398699522
1506376419995271177
1506364637528346633
1506348517928931328
1506330114899861508
1506321054792359939
1506304277018468359
1506266897674874886
1506265835471618052
1506033409558204418
1505998177740066817
1505998141908295692
1505997582304268288
1505997317123592193
1505987745143005193
1505959697760899072
1505915982812000261
1505889461237796866
1505711035449290752
1505710094570475524
1505696741844209664
1505659135207038980
1505005653911392259
1505003126662782978
1505002799679037444
1505002774894940162
1505002751050272768
1505002634272559108
1505002517276643331
1505002452982157316
1505002445423976450
1505002422317502467
1504940961515905029
1504927371521978368
1504912020327452672
1504899185945899008
1504891636375040013
1504881318521417734
1504869993493643266
1504853887387410436
1504841826439770121
1504807079067983890
1504616070883196930
1504604997505282049
1504598454441418754
1504585872758304774
1504579077042106372
1504574546678099971
1504574163654111232
1504571668567674886
1504563725637861400
1504563227744616454
1504554414316662789
1504548374535553026
1504541076308193280
1504527486880735239
1504526445116370945
1504518427272044544
1504507605682585600
1504502572576563208
1504495277507547139
1504488910688292869
1504466766788972548
1504450731075592200
1504428836922040320
1504247642724913157
1504237048819032067
1504232291672870916
1504219708496625664
1504208887624392705
1504195587239038976
1504185735481466884
1504176675046637568
1504172547260260354
1504168873649590276
1504159311236239360
1504134841192824833
1504134768736313355
1504105446684123142
1504102008999010308
1504101626897915911
1504098347115761673
1504089017113055236
1504070475349041161
1504068305455390720
1503857320618385416
1503845997562191872
1503824605588430857
1503822564308701188
1503816048780320769
1503813181998837768
1503812953195360267
1503812892927438852
1503807240637145094
1503793903224373249
1503787420977872900
1503773813347164165
1503766930049675268
1503763079712194567
1503758454590218251
1503727476299685892
1503486879764680707
1503476138521378823
1503475051756019714
1503472283792281605
1503453157505921024
1503433025014702081
1503411886003478531
1503404565101752326
1503401065038946307
1503390291587391489
1503387978995048455
1503366739110899716
1503084478528323584
1503038928462381062
1503001934415937541
1502773933392621568
1502653136262991872
1502390153414787075
1502379275776839682
1502377570486001668
1502363729140273152
1502358947897958404
1502352404687343616
1502339821661995009
1502336970516795395
1502329546724544521
1502328749240504326
1502312894230192137
1502291749657583616
1502046883988086793
1502045357601136647
1502019964181516310
1502011414386393088
1501999659685920771
1501996310949466113
1501993791833657346
1501981460714110986
1501976175467503624
1501969380615278597
1501968573522231309
1501954069782482948
1501779594080399363
1501763155772510212
1501763153784446976
1501763152047923202
1501763150399647746
1501763148709351426
1501763147291627522
1501763145282502656
1501763143466471426
1501763141541273600
1501763139473453057
1501763137925693444
1501763136189349890
1501763134398382088
1501763132531908616
1501679221588045824
1501671670683107328
1501664622927097871
1501657072772861952
1501643986448130058
1501633925256519687
1501627228014133248
1501611581993590789
1501596171650801668
1501586512852492292
1501583588512305158
1501578382307377157
1501558926235471873
1501544833319538690
1501529291179405321
1501361526086713345
1501317586100764676
1501298459680387078
1501286883879358468
1501284043999961091
1501264029700009993
1501258902838648838
1501227219787517957
1501215042439680001
1500993450153545735
1500985145490354181
1500979608664961025
1500971304371032071
1500961995155292177
1500956456287232000
1500946641418956800
1500936826780983297
1500928794059812871
1500925502453813248
1500922985649164289
1500915552780488704
1500908488687554561
1500892074891264003
1500831098552602628
1500119056720048130
1499897730289733632
1499877597475311616
1499873896018948098
1499853438703714304
1499847923315748865
1499845385229066241
1499837086827888646
1499831316677857302
1499800730483449866
1499789168574148608
1499768027436433411
1499510033624797185
1499498096790630410
1499493567206551557
1499486017048485888
1499474944505233427
1499453049965727755
1499449526825881602
1499440718900862979
1499435723677646850
1499399752093351952
1499385092137005063
1499370139074052098
1499209906024595457
1499190567091191813
1499172705911910410
1499157610699931650
1499134954692698119
1499127409240641546
1499125037894443010
1499112310928863233
1499108680213704710
1499104755427147777
1499097208460922882
1499082117107437570
1499063232048230405
1499059708115632130
1499055682192089089
1499051907137957894
1499046436088197120
1499036809065496578
1499032235118411777
1499001354962063364
1498987460755341323
1498889042959687680
1498859943226757126
1498856615361056774
1498855421968322568
1498854590086799361
1498852150834835458
1498850656337252354
1498845092450340871
1498829357640523776
1498810627896365058
1498810551673229313
1498810505078743047
1498810457083322370
1498810402456715272
1498787666346737665
1498780120441442308
1498774690021748740
1498765023627386882
1498757468817612804
1498749928616587265
1498749746772688896
1498746406307254274
1498746234718281731
1498745187409043463
1498742367494578176
1498734820104433668
1498727269661089794
1498726626691059717
1498719719842467843
1498712170091016192
1498704776938332160
1498700843335442438
1498697068789043200
1498694348640329738
1498692360590475266
1498690329985363973
1498690027592855554
1498681971328774144
1498674423657758721
1498668127999066114
1498661734868992007
1498639021374951427
1498638671901249539
1498631921147990019
1498460656378519553
1498459494463983616
1498459142255693829
1498452494216794116
1498423405451915264
1498419856961642498
1498402632330878978
1498398090054754310
1498382244121038857
1498357334854172674
1498342482421207044
1498339714029424640
1498330906213457920
1498322097914855424
1498313400954327042
1497942345630855173
1497677858390511618
1497651428550184966
1497625005458276358
1497617455350378501
1497609905460576259
1497602363070328842
1497588741975724035
1497338114662150147
1497315471200186370
1497285273310351364
1497277718785896449
1497253784178810888
1497250145624367151
1497243742494855169
1497239973581533184
1497234935035228161
1497224868768714754
1497222238747115524
1497212458720706573
1496928396806279185
1496894246334255105
1496887560282546176
1496879895279984642
1496877779899531271
1496865487325704199
1496857424229285894
1496605788915253255
1496590696886669312
1496583141926055936
1496573072924561409
1496560494328614916
1496555481673998336
1496547203636158474
1496540357361909764
1496531574350831625
1496530606167052288
1496522159841230848
1496515204103954442
1496490529126633476
1496282608585650178
1496274692361101315
1496228303924916224
1496213205432999938
1496208441467101189
1496206759303819271
1496204495084212227
1496204423441399808
1496198110443282432
1496190553201025039
1496179227766386696
1496171785833877509
1496160357215207424
1496153927401750529
1496129935647383553
1496127373489721348
1495899901758164993
1495793295661879298
1495771813200240640
1495753315094781956
1495487356568227844
1495207431462342658
1495171338989834246
1495156242548871169
1495137362665431050
1495129437951700993
1495126793354944518
1495103389256011783
1495096015430508544
1495080740421357569
1495056997426860032
1494816500422627330
1494778749929275399
1494748559505166337
1494741923680198660
1494735007562313734
1494732629588983815
1494730508101726211
1494727355092320260
1494715824711553025
1494688159703060482
1494688157765234690
1494680604884934659
1494679294412574722
1494669061602652163
1494659265998598149
1494437323139952641
1494435093510819848
1494393713245798404
1494382388092162056
1494369241054728199
1494360306834886657
1494352189497614336
1494345898079526924
1494337122244780036
1494305632756895753
1494297131213070343
1494033841299722243
1494032285909270535
1494032225607856137
1494010783730216960
1494007339686502400
1494001128152854530
1493996598170427393
1493982251373129731
1493978476461772801
1493978143023112193
1493974113538428930
1493974065010421763
1493963382822772737
1493959752983982080
1493768767188262920
1493710777580204032
1493703582176137222
1493703538500907012
1493703529965490183
1493699137333706756
1493686553050296323
1493681265308016645
1493670879884156928
1493660071875723265
1493656389977313284
1493604764759715840
1493599371870576646
1493374748679671811
1493343344881242113
1493329450284507137
1493312652667465732
1493284151721553924
1493268812778536960
1493265025578016772
1493261251857813506
1493253700868919298
1493246154997305350
1493234775921934341
1493227277345345537
1492913704064765959
1492544028415455233
1492528928807866369
1492498732797026311
1492242037386657798
1492236920189259779
1492230528057151492
1492181647587954692
1492174088361570310
1492166474450014208
1492155995988144131
1492149524600659971
1491937363811000323
1491889713283690496
1491873355577892868
1491867346616659968
1491864554954915842
1491857000170467330
1491850080650944515
1491835606988513284
1491815473956016131
1491811702526124040
1491804154527993856
1491796599760056333
1491789060616204288
1491785274887745539
1491779953981022212
1491775136931930116
