1534679517704355842
1534679453296640001
1534677576903536641
1534651112908898304
1534647491886555142
1534636881350098946
1534634567700828161
1534629280440786945
1534616764667027458
1534595493677916161
1534571712360202245
1534565619424710657
1534553626940690432
1534552894904619013
1534543215256272897
1534541587899944960
1534528861819510793
1534519300119318529
1534506969767329792
1534340373799227400
1534317731696320520
1534315344134909953
1534289601388584960
1534282677188182016
1534269666159382530
1534266196228448257
1534247449199620097
1534214756915191810
1534207490082189313
1534202224057917443
1534198204794867712
1534181267058700289
1534161065327706112
1533991801010503682
1533958573834878976
1533916618295844870
1533913636279918594
1533913537852190720
1533904686796922881
1533899486849802244
1533884290785849356
1533874764783173633
1533870845730357253
1533861804719239169
1533859777385746434
1533817453423341571
1533798806164226052
1533589201979158528
1533566950772727811
1533551214155145217
1533540600477360137
1533540561348616192
1533530637029842944
1533524346848911360
1533521822632796160
1533519521083949059
1533506581916262401
1533486931018932229
1533465457671524353
1533457728852709376
1533425654066200576
1533237921867866112
1533219846372085763
1533217443484680192
1533200923295551488
1533187082679623682
1533170976451600390
1533164704750784517
1533154366340874245
1533146665254789120
1533138764008108032
1533123664140455936
1533108061438545920
1533092458468241408
1532878363156791297
1532835276724359169
1532828857916698624
1532828769018433537
1532828103717830656
1532827473309847553
1532826380664193026
1532824759217569792
1532823999767625740
1532813621637660673
1532806349658144768
1532797110558629888
1532797011195478018
1532796729510215681
1532795945229901826
1532795448636977153
1532794839783428098
1532793350503505926
1532791918815498242
1532775412199301121
1532758169990094848
1532736232190615553
1532736220719112193
1532732505589260293
1532732464816332800
1532718634346467328
1532704574724878336
1532702386938167297
1532702176262471681
1532702046763331584
1532511032974921728
1532509372328312844
1532507743550046210
1532507336572534787
1532506601512370180
1532505328520134667
1532468416447143940
1532467817701859329
1532452711257583616
1532418141158092800
1532412204552798208
1532401027105837059
1532400001254576133
1532398792963764227
1532369477152739329
1532368061235449857
1532367382089453568
1532366899425726464
1532362209443078145
1532159453998501888
1532141039284256771
1532107763232477191
1532100802118139904
1532097260162621441
1532090256471760898
1532081524446744576
1532063845405294594
1532047495462899717
1532042445873102848
1532042287945068544
1532019970644779011
1531995953573548033
1531788859205378049
1531767261559652353
1531721883258916864
1531704095840542720
1531679128075882496
1531674054964527106
1531665763219787777
1531662716926054402
1531648589268672514
1531365819061526531
1531348070667001857
1531332460784525313
1531310934215507970
1531269697899053057
1531020556065292290
1531004701692395520
1530989350581784576
1530978025831075842
1530962038884802561
1530958960794148865
1530954029785923584
1530953914061062145
1530948052344791040
1530667748589641733
1530650607371046920
1530650594318360583
1530626270584791040
1530607502957608962
1530607492283211776
1530594508844457985
1530579739202793474
1530571598029258753
1530565227917594625
1530555491876749312
1530547342977511426
1530537372563038208
1530319781852766210
1530313328534376448
1530303898409390081
1530250875427557376
1530246692238512129
1530236293518610432
1530221579254235136
1530221565006303232
1530221542893932545
1529988702990225408
1529984296840269827
1529974180023881732
1529970419884777488
1529968654833442818
1529964614385033228
1529961744394772486
1529960457368477696
1529960325478481921
1529946713544441886
1529933497066037248
1529915481938874391
1529907462643535887
1529888492909740032
1529887992818573312
1529886711907397632
1529885552534859784
1529884808205283339
1529861177668509696
1529850387892785154
1529849571756716033
1529848232477708290
1529842322405568513
1529836739371597824
1529828131091144705
1529606157614075904
1529606137179525123
1529602586629836812
1529583011699773442
1529581969104949249
1529548228592640003
1529545437371408384
1529540739352473600
1529530190828908552
1529526901836066816
1529526492681670656
1529526395428290560
1529519126003306499
1529515899421696000
1529514368152518656
1529511501870075904
1529503259127422978
1529479443810508802
1529477465164419073
1529473504848003072
1529469853408583681
1529453448957132801
1529451806375280641
1529448479801614338
1529440636885209090
1529283832607817733
1529282689546833920
1529282319391068160
1529263353650204672
1529261304476745729
1529256182501842949
1529238532237275136
1529232272640995328
1529224045320871937
1529215604917510150
1529199324361523200
1529195376913293315
1529184776535609345
1529177671925645312
1529171429127819264
1529155510418739205
1529147328325632001
1529127022353694721
1529120731417784322
1529112862513319938
1529091861389926402
1528870686965411840
1528849394816233475
1528843978069663744
1528843938659975175
1528833420503171073
1528825032587284482
1528814768974442500
1528811003076657157
1528801240502640641
1528770648780197891
1528770634930593794
1528767316527398914
1528766138502594560
1528732448477020161
1528484258939125761
1528454513115512834
1528433646088200193
1528433600529633281
1528423694720040964
1528408092043517956
1528392237586980864
1528382926143901696
1528380687597785088
1528362793400795138
1528356304414285827
1528356292103921664
1528159452553269249
1528158889304281089
1528158578707668996
1528125771944022016
1528110366324101120
1528085625676746759
1528075714943193088
1528060714782539778
1528048472254840834
1528039412658933760
1528029597937258496
1528020538358046722
1528008458640842752
1528000658602921985
1527994617521635328
1527772432022622208
1527752629438320643
1527751868293718017
1527751355624042499
1527748419112079362
1527741328578191361
1527740141858697217
1527736392524214276
1527734277877686272
1527724558723194881
1527721879217266690
1527709187228278784
1527708038978801665
1527707242643980290
1527706834865475586
1527705847941545986
1527700190584610817
1527667215088197632
1527666052435427331
1527643793259958272
1527419019988443137
1527390883229876224
1527378793496580097
1527370954485051411
1527354823590367251
1527352255510618114
1527308519933784064
1527278031483682817
1527258925308993547
1527117126460383232
1527106873421447169
1527104717997936640
1527104323355873282
1527104044019458049
1527096918832209921
1527003461790883842
1527002297271783425
1527000922978762752
1526937194971160577
1526914103473848325
1526691765029421056
1526687452202774532
1526682073649537030
1526666382649479168
1526652379403276288
1526628610588790784
1526617805579247617
1526615128065683464
1526587764606631938
1526581137816145921
1526568341682503682
1526560992527884288
1526560909342162944
1526560679808884737
1526548221513940992
1526533166319771648
1526324849878122496
1526312737009291264
1526302823180390402
1526297209481863168
1526285511211507716
1526283791865720834
1526251606471221252
1526251594974744576
1526242880121196546
1526227988097949700
1526202428852412417
1526202403632078849
1526191954534490114
1526189097190039553
1525920778402906112
1525879807564824578
1525879777692991489
1525858834409050112
1525854622417559554
1525847228551770114
1525630516988452867
1525593054589210624
1525593000063250432
1525592448424202241
1525588033759858689
1525563243795726340
1525560293266432000
1525523402789990403
1525480677600272384
1525480527653965825
1525240928608321538
1525237319648911362
1525231674484736000
1525227116492726272
1525226882995736576
1525216957674491905
1525195792352522241
1525168680492879872
1525163193554935811
1525157220920479750
1525111636171833344
1525102233251196928
1525102222010351619
1525088774383882246
1524876927869370368
1524876864333959168
1524869649002815489
1524864364922257441
1524842356712820752
1524830183441715200
1524802629364244483
1524770343440859137
1524757174983004161
1524756160133353478
1524755550474543105
1524754200676159488
1524747746049249282
1524549035612426245
1524535370003718146
1524528482637729794
1524500783546482692
1524485946825134081
1524485906496950273
1524439895179149319
1524422637350440961
1524417515174207489
1524381864840077312
1524364774959718401
1524353852551618560
1524210649865273352
1524210042920124417
1524188258497966081
1524174354782867456
1524173040271175682
1524170113708179457
1524165764378415105
1524143675567181831
1524060090109726720
1524045371097427969
1524030627808522240
1523807024357818368
1523792994448465920
1523785690533748736
1523756999800147968
1523752583034470400
1523729213807017984
1523720336918810624
1523720215007473664
1523720098590052352
1523710591491543041
1523708379985719297
1523697966397427712
1523677135818268674
1523677125294714881
1523671025560424448
1523663963082608641
1523655720704823296
1523655691684413440
1523432532674760704
1523385582164246528
1523359988009291776
1523328790738440192
1523328730738831361
1523310972865159168
1523001931060244480
1523001774676004864
1522976708479139840
1522973748743356417
1522969875622281218
1522953792270000128
1522950266064146435
1522940840150282240
1522940827454038016
1522939335506542592
1522934779825508352
1522934186260185090
1522931107284537344
1522930405808214017
1522928453821120516
1522925252589899777
1522921688404570114
1522921339467620355
1522918732657569793
1522916630132629511
1522700220542427138
1522689158409510914
1522682734807760901
1522677268593709057
1522675820556300288
1522667664979763202
1522628039607209986
1522616770393260033
1522609506492071936
1522604057004851200
1522589389204959233
1522582651101757441
1522571663560302593
1522350474711732225
1522334117802782721
1522332846047776774
1522332467532869633
1522318116033896448
1522297207822721026
1522292213987876867
1522243837263028227
1522203602877665281
1522007853325762566
1521989505200365571
1521962320515284993
1521940902356344833
1521940479264313345
1521939679137996800
1521939052664172544
1521937780586254338
1521933583950266368
1521923846810464256
1521896906435272704
1521887216401887233
1521874550459404288
1521869308418273281
1521835785376436224
1521639507405254658
1521570007502704645
1521569162467983360
1521531252494508034
1521500741495672836
1521467098849026048
1521341767467085831
1521325422314676224
1521308218034733058
1521254282435125248
1521236587136253952
1521229920013365346
1521208531394904066
1521193553505841152
1521182983826198528
1521177703256371200
1521174796796665861
1521155035744325633
1521139259050237953
1521135427746508800
1521105675174174721
1521105645050728448
1521105610783268864
1520905199723978752
1520868217908088833
1520868202305236992
1520831200281116675
1520831074699517952
1520812420956098560
1520787245476810752
1520759503272255488
1520759060991197185
1520758891616911362
1520485802542780417
1520448986049622017
1520433492705882112
1520433480198500353
1520432747923267584
1520404353407881216
1520394286994493440
1520175014347169797
1520151252725866497
1520131691184070663
1520106745800048644
1520093716949745669
1520044745568964611
1520036579842134017
1520036569616375809
1520036558241517568
1519833599633235970
1519827232461664256
1519792884693807107
1519789436996919296
1519784532790202370
1519777312203583488
1519769498525515777
1519768744444272641
1519748990891433990
1519742286166376451
1519723667063721990
1519711956714008578
1519681194916519936
1519494784116797447
1519494767381471233
1519483863231250432
1519459376880304128
1519452440369709056
1519452203924299778
1519451692823191552
1519450253782626310
1519428278372737028
1519412987030908934
1519395841919885314
1519391929032654851
1519390303416995844
1519384830051504130
1519381304600584192
1519381224464207872
1519374457609064448
1519344190907424769
1519329984472571904
1519309060759343105
1519307864397000705
1519302896176746497
1519300254495039488
1519290811208421377
1519275106572320770
1519091285809848322
1519090568441311234
1519075984867315712
1519053306647175169
1519047016415956994
1518988238920237057
1518965910136102913
1518944458364141574
1518722356683939840
1518722335318192129
1518711585086349314
1518678991611338752
1518669469106769920
1518647999571845120
1518639374891687940
1518628743060852739
1518625046272655363
1518621338751193088
1518613065616535554
1518580974958915584
1518568167831973889
1518568022956511233
1518352435319816193
1518301180472045569
1518301066659573761
1518259196738908160
1518235614449217542
1518215602325929985
1517919693549576193
1517904380439187456
1517885037210910723
1517884287974051840
1517884086320308224
1517883329101672449
1517603397033148416
1517602987601973249
1517595847537606657
1517588153422516226
1517553730530521090
1517548485494640640
1517541851372433411
1517531331172909057
1517520647060168705
1517516899457937408
1517510173371387904
1517490141362855937
1517477607444566017
1517330273058312195
1517323611257905155
1517307102980673536
1517283321201446912
1517264895607296000
1517264886287548418
1517264871481556993
1517241480456327170
1517214402298134529
1517173057860866050
1517148519252987906
1517138771405246465
1516909323619868678
1516903945125433347
1516900767499661312
1516889442891481088
1516873778709606402
1516864387016966152
1516857230401802240
1516849058148937728
1516842101706997762
1516820750782668810
1516820678363820034
1516820661305499658
1516795947484909572
1516768328546721796
1516529147165782017
1516502021112840192
1516500101186867210
1516493571754504199
1516200849785114628
1516190975613407238
1516165673461989377
1516155858903732230
1516144313691951111
1516093474017263621
1516071569520476164
1516060096014520326
1516060071117135876
1516031050056671237
1515695462325620737
1515672171762302983
1515430461165682690
1515426232686551044
1515411565591379971
1515373201806692357
1515364429155733508
1515325638537797641
1515310790634582020
1515083267619397632
1515066306579554314
1515059912325357573
1515019056268693514
1515012629135196161
1515008615236702223
1514970060615520257
1514956158959824896
1514955751986540552
1514746849638367239
1514730923933188099
1514711648476581897
1514693524649873410
1514683327722184707
1514671374442414084
1514661466544259077
1514646713239314432
1514634140729159683
1514633785576464397
1514633764864995329
1514633749148880896
1514604890516992000
1514409354396639233
1514376370297651204
1514372846797180931
1514364855800762378
1514308025879867394
1514276096283484164
1514008923292020742
1513977117444390929
1513955753362661378
1513922071436439559
1513848777429463046
1513848436763865088
1513657366998405128
1513610163768414214
1513609600205008896
1513589334175322115
1513563151811452933
1513528497561550853
1513507385553395713
1513299387849617410
1513174267512475651
1512546619555778560
1512521360437829632
1512501844261625862
1512489558931353600
1512443226443194378
1512427929204051978
1512411279247429639
1512200623340544006
1512183480741990402
1512135945491030018
1512123774648344588
1512101668321640448
1512079367844741120
1512063379434663941
1512060972080447490
1512052542099935237
1511838079027458051
1511790621698187266
1511777459519336452
1511750279435366406
1511699147295965184
1511688421277843465
1511509181836279813
1511509050755895300
1511488672373293060
1511474158210793474
1511453703722704910
1511445664890241039
1511415278457995271
1511399747835289610
1511399697734320132
1511381158356996101
1511340584837038080
1511320353703964677
1511305904808935425
1511120404802375680
1511119900043001864
1511112376040542215
1511104929112416256
1511101864779075584
1511094303208226816
1511084308534026244
1511070637858738178
1511070074890862595
1511047879988817921
1511016307747176451
1511001162715119620
1510973285374255114
1510779541647761412
1510760338588942340
1510750850934886400
1510737870100877315
1510704402650341388
1510692358488092677
1510684557128998913
1510674788259450889
1510665906552295424
1510665899166306305
1510655100125167619
1510651611227561993
1510620979130683393
1510402577963307011
1510362937822642176
1510330545976365067
1510329867027501069
1510329619995578371
1510329178381557761
1510328813124820998
1510328443455610884
1510327943108730885
1510327816642088965
1510327121897480197
1510326485122494464
1510325830026776576
1510278095265280019
1510256165170655232
1510011983793434629
1510003388485931012
1509997056332640262
1509984136056000512
1509968722487877634
1509939737804615681
1509928802641715202
1509915377203138568
1509890095490424835
1509890078407016451
1509874695918833688
1509874647017443366
1509874535423791117
1509874250936729603
1509700111177297925
1509671632725446661
1509661571789824003
1509621658373562378
1509605839035904012
1509603694630907904
1509553407555735555
1509511138798714888
1509509620666150915
1509335110302191619
1509331390747197441
1509315284816998403
1509286619219742725
1509283481569972235
1509273989025349632
1509264619688370179
1509240465438216196
1509235243932426252
1509229756843241481
1509203706310545417
1509195225738141708
1509166691762245636
1509158285844307968
1509154045839163398
1509151246602616836
1509146199693082625
1508936077951881216
1508935572626284549
1508934580698501127
1508908284866084872
1508908206365581315
1508892170668974085
1508887449329623044
1508874752319971341
1508865220948676613
1508825573933596681
1508822226170220554
1508811254235897867
1508810810403045382
1508810688944353287
1508797683808489473
1508560263351521284
1508536781939122176
1508528659610710019
1508528307331076101
1508494527925039106
1508487449416192009
1508481291234250756
1508480571214860307
1508435535198666753
1508424871583391749
1508416222496448514
1508188211889192967
1508188053042565136
1508188017244184583
1508120003194851337
1508119959125245952
1508104073643536387
1508102714097610760
1508101755892023303
1508100764538916865
1508100045081616386
1508099421627686920
1508075964282155014
1508075925371596802
1507854146388508683
1507799982388170752
1507799938977173516
1507799897608708105
1507798289311272961
1507771541123211270
1507771484793712647
1507771322931240966
1507456216552902677
1507455835076808708
1507454897515597857
1507454227580395527
1507453634627444740
1507452036643975168
1507448948964966408
1507430459055259655
1507401766639484936
1507381077857476618
1507379467580231689
1507339990753230851
1507336924914200581
1507336864616927249
1507336782941241351
1507163948302454784
1507163930921259012
1507150368689602573
1507129813328408580
1507116104828829697
1507113355710025741
1507102249947910159
1507095235544952839
1507083513392214016
1507071504785231880
1507071248865628166
1507060021187727364
1507017864703668228
1507017787574652931
1507017542648303627
1507003428605730817
1506996749789020167
1506988947855007745
1506987464703021063
1506977875563618306
1506788091289391106
1506778223228641283
1506757116899569672
1506737365565550597
1506727543885422605
1506691781907386369
1506691180809048067
1506688659587801091
1506669239368830980
1506669157089169412
1506652905377517568
1506633817586638848
1506612865368739852
1506612815687266308
1506612776256606215
1506425651414409220
1506412055330496514
1506405425633271810
1506374556147138578
1506364286658035715
1506358149443379206
1506352295080083461
1506304212073918464
1506279418871914502
1506269076741574661
1506248816978272258
1506248480683085824
1506062781166010376
1506048446393995267
1505989907864596487
1505973904979939332
1505964625510256646
1505936934773960720
1505924042385240068
1505924022508400644
1505920615328497669
1505911360558878722
1505904505673633798
1505903031484825603
1505897380650143746
1505873858259083267
1505668505018023939
1505664631179722758
1505654160913489920
1505638054362451968
1505632299735560192
1505623458226454528
1505615965429673984
1505615956248301573
1505608107216494600
1505593007671812098
1505577656439357442
1505574796205117442
1505562305337114633
1505547709180227588
1505531854543282179
1505338077828448259
1505321216613265413
1505306117047390209
1505300320322261004
1505292024370577408
1505276169897209856
1505261070478364678
1505245970862264323
1505230116368097284
1505226668440539144
1505213800550735872
1505204479284727812
1505195240508035072
1505191871169146885
1505191695616557057
1505014786907639812
1505000755719254016
1504916819982884864
1504916754291638272
1504916642119266312
1504916481192116230
1504911318066810880
1504841807812771847
1504833401467060236
1504829570331066389
1504593685496975368
1504564807638433792
1504550397159030785
1504527918759915523
1504482357495037957
1504468395260997632
1504466855402033152
1504465085451972608
1504460209363861510
1504455438741520402
1504450725170003976
1504438997422067713
1504261999970209792
1504243423896911877
1504225976712105986
1504206622402392067
1504199085640855557
1504199073926107137
1504199019735793670
1504186978845315072
1504185990465867780
1504175774269591556
1504175697752989705
1504170332520955909
1504165700742651917
1504159158282690561
1504144687875203073
1504142662688981000
1504142239001628672
1504142153982881800
1504124182543712260
1504123719689641991
1504086516917809152
1504083691898814466
1504083685276065801
1504081314730979334
1504070412606623747
1504064987639300097
1503880711480225796
1503867858912169986
1503847640039149573
1503814764224520193
1503806915658330112
1503796294246141961
1503784429004722179
1503770396889337862
1503732422810161159
1503715821880815619
1503709543578144768
1503505153084829702
1503481612343853062
1503452944594788357
1503443642974941186
1503435126625165314
1503413725595942918
1503409488619089926
1503401381616574466
1503394394803740676
1503383951645163520
1503373885319827456
1503364573838991362
1503355010947686401
1503347209630220290
1503337646491414529
1503180863294435330
1503173313505288193
1503165260387131394
1503157710895947780
1503149657827938304
1503142611153915907
1503131802222972932
1503131325787742219
1503130860421324808
1503130443184496640
1503130030620221441
1503129205013417993
1503068264615886853
1503065943756398594
1503058046037155840
1503036724578029569
1502996146146394119
1502817359551209474
1502806207467331588
1502789832585760769
1502766244528861186
1502755044113981441
1502733239999414278
1502721110693003272
1502721067017805827
1502721045127651330
1502712609367277579
1502702465598337024
1502679153031749633
1502678279383359498
1502677782521950209
1502677431278358530
1502676844537122816
1502675333291646994
1502659554131197956
1502649109508894731
1502411795788562433
1502404980925472771
1502404966740279296
1502404961149374467
1502404935903858690
1502388241718292482
1502380075567751169
1502380045712699401
1502379976041058306
1502376062889639936
1502375536294772746
1502375175081373706
1502344485140901895
1502325430174588930
1502287370791661571
1502093940882870273
1502073660315774976
1502071909902659584
1502045761298645004
1502045376945217538
1502045139744788482
1502044951298945024
1502044847200522248
1502043713576579074
1501987234303643649
1501982832163536899
1501977984084946954
1501969225547714567
1501920807513206790
1501920792073973766
1501920720473018374
1501912148569694213
1501900928160514050
1501776812241739778
1501760065807785987
1501758613878099969
1501758519682519052
1501757617802293254
1501757223462178821
1501756526998048770
1501631706637471746
1501608464887562245
1501594298122391559
1501593373664284672
1501586956312064007
1501561153293623301
1501386287101755392
1501361664922374145
1501338406634274818
1501338385708945408
1501338372664528900
1501300158239232001
1501269209015324674
1501267768821395467
1501250413047255040
1501245382344519683
1501233054395871239
1501215784290430979
1501190840135389186
1501015838639497218
1500984572464533524
1500970383004114949
1500964917851131909
1500953880351449088
1500940244299964418
1500934621063786502
1500924010321915913
1500923804222169095
1500907234703953929
1500907224046223363
1500895714188087298
1500879770636242946
1500863136718598150
1500587941051215875
1500587884423917578
1500587838701772804
1500571946785939461
1500534034149122048
1500533896630480897
1500514820583534597
1500493147138318345
1500493049381724167
1500480420747661317
1500475355311783936
1500250633105989635
1500245308839710722
1500228366707920899
1500228349465182212
1500199787701882886
1500199762536148998
1500199749055565833
1500176614080106499
1500149403247644681
1500143217144176641
1500139986867339269
1499836714466041859
1499836697403662342
1499836681012318209
1499836665459879936
1499804036563980291
1499793174491025412
1499780436880470017
1499756099620200448
1499755967235383304
1499739895715270665
1499734730136248321
1499590425560203264
1499590417859424257
1499590401837060097
1499550356119904257
1499523868343603202
1499519450529337348
1499500093648605186
1499499771278635008
1499498917435748358
1499498890504118274
1499498873492021250
1499482990379995145
1499455950981406720
1499444713090437124
1499437795911385091
1499435222361858048
1499420305261015051
1499416469653934080
1499412145842401284
1499209832628432897
1499165318983426054
1499151845251596299
1499151828944142336
1499151787458281480
1499129125868556289
1499081537677144069
1499075915460055042
1499073213015412741
1499071398760923139
1499038739502350338
1499031815088218113
1498883715400876032
1498866800129417225
1498866570319351812
1498863521983082497
1498863457227132934
1498857399347785730
1498856356002021380
1498854479143350275
1498853424636514309
1498851029869281284
1498845281810624519
1498845202135592966
1498844851458162689
1498844323013701633
1498796765683847168
1498757693670051846
1498757641195114496
1498751413287104515
1498745105506836486
1498744502961557505
1498734019785146379
1498733993801527303
1498728303355641858
1498713556958724098
1498709204298780678
1498697220987793412
1498693186188894208
1498687501288058881
1498686614289141777
1498685665105649664
1498483144764313601
1498479676750188549
1498471935881191424
1498471027470389248
1498461355870990339
1498461341803237382
1498457668423503877
1498457551662424064
1498453072900673541
1498440546943176710
1498427642818748421
1498424836154134531
1498411538931195910
1498389847458910209
1498373722654265345
1498373163796869122
1498335588700893190
1498335281430339587
1498321492991516677
1498306403173376003
1498291648316547085
1498282790420373514
1498282296960602115
1498282274135101447
1498118171479400450
1498117716003143685
1498117253308592134
1498112369083432965
1498104862600531968
1498082825702154243
1498078014210383874
1498077975312539648
1498041734567120896
1498027496788434944
1498022137742954510
1498015615612772357
1498011553219727363
1498009184276819976
1498003337798569986
1498003308308574208
1497999710170267650
1497992710040567810
1497982288445022213
1497979986489319428
1497978679439339523
1497973429449936902
1497973213044916231
1497972576630579204
1497758226963648513
1497756882601222155
1497753952884080646
1497753946596724742
1497746043047489538
1497736567993114626
1497712723534176256
1497712191935557632
1497698077221793802
1497697728515743746
1497682148664430594
1497672836680503305
1497671842844356618
1497667281450643465
1497660132683141124
1497649962041102336
1497639024588120068
1497629625454845952
1497629500665913345
1497628749759762439
1497625783241637892
1497623819636252673
1497606018045464580
1497605473838718977
1497605422156595200
1497362045234208770
1497334949157945351
1497333173457338369
1497316618833178624
1497316604308336647
1497316543889301512
1497305687831023617
1497303757133996034
1497286525750550533
1497281235340587015
1497281145154592776
1497255937836404737
1497226283570319364
1497023438262878209
1497014767709425678
1497014193513455616
1497000616647962626
1496992294456770565
1496969673660899334
1496924963743358979
1496921261171220485
1496920453092360204
1496920135147294721
1496919970126733321
1496919057437642770
1496915008558546947
1496910569307537408
1496893218734350338
1496878674783526915
1496875056521265157
1496875007515013127
1496864842262659084
1496858763843747847
1496849996624236550
1496845956448497673
1496718231700135936
1496718127505227780
1496709599231156224
1496708463396851714
1496700996847816713
1496697177992830978
1496691513396453381
1496690803544051714
1496660989298761729
1496651102317649921
1496628148464762882
1496628116353126410
1496615913218523152
1496603922345119754
1496561475695091715
1496560093315403780
1496560061803634696
1496559905158975495
1496314006054834177
1496285930981924867
1496271994135928837
1496267603358142469
1496254304000299014
1496246016466731018
1496245990604611585
1496205861664051205
1496204997796708360
1496204713892749324
1496204330571075592
1496194503367143428
1496162005379698692
1496151125539659780
1496134116382851075
1496134106111004678
1496134075723223049
1495962140901056513
1495946040553484291
1495941943246864385
1495921692035665922
1495890052878151681
1495866929243897861
1495779197997957123
1495585912880832517
1495581013451419654
1495580826695782400
1495534227408015360
1495487490400165895
1495404877501112321
1495404817971220482
1495404763323805700
1495156844322562051
1495055070504828936
1495039215943372803
1494796218303750150
1494795942448480258
1494791937328615427
1494790275415347203
1494745994956877828
1494719107161366529
1494460625988292612
1494442964734590982
1494424599613915136
1494391222512848896
1494387548671598596
1494387320145031176
1494386803234811911
1494381570676899842
1494377685325385729
1494359451398201352
1494359436814606339
1494359418624004097
1494334467317506055
1494320324103401477
1494081806894653440
1494049366113492997
1494012176604045320
1493984384449486848
1493944353512960016
1493758039928754177
1493732740252016640
1493683781286436865
1493666313247547393
1493642690428293124
1493613806249037831
1493351595806887936
1493336244612390912
1493332782344556544
1493316958598664195
1493301705349517312
1493292132723052548
1493242918391459844
1493239933938679809
1492971447328854016
1492949792934313989
1492949644300722176
1492932537093701641
1492877292296716288
1492625692286148608
1492625683234836480
1492600831899799558
1492578052978749440
1492540586234163201
1492537200017350658
1492515811352842242
1492488408035381257
1492268405315014661
1492268391146655752
1492232456392564737
1492214225896415235
1492170420744859655
1492147090134286338
1492138034279632896
1491948784359727112
1491911714027323393
1491900929846689802
1491900060900208643
1491895873739145228
1491883477486211077
1491871157200597001
1491808247740776453
1491788208522153990
1491784395853910016
1491782518277914625
1491780654127849476
1491777854966837252
1491591638992539650
1491577212574867457
1491560888314249217
1491534366069174278
