1534659529673261063
1534642370532220929
1534631978456293377
1534300706655588352
1534279861543608323
1534274268028190720
1534264385501282308
1533890351882285059
1532796422470393856
1532435891125374988
1532424736420012033
1532132024026337281
1532118098752507910
1531742131299172353
1531309251058180096
1529930307448750080
1529478592211603462
1527796016422039553
1527087705284288512
1527058994350669824
1527051229603438595
1527045274073448449
1526684724529438720
1526663651977056258
1526646375424921601
1526319724572946433
1526272460085153792
1525599849411923968
1525105825445978112
1524780999837634562
1524531094506426372
1524488632463245312
1524469119508172801
1524461283130626049
1524189700499640321
1524151931417108483
1524146420982464512
1524129302647869442
1524064725197279235
1524038909843361795
1523769215953833984
1523394428613799938
1522760770672644096
1522315791332425728
1522295827657539585
1522285353469681666
1521936142144356352
1521930901491486722
1521924584546738181
1521857077911912449
1521857066914230272
1521615310926852099
1521591501423267840
1521568666696966146
1521243844477607938
1520475781754933252
1520214131592372224
1520191871737380864
1519833055883579392
1519791216413532161
1519777844427202560
1519769286708969474
1519753547671347212
1519685107400982528
1519470966430183426
1519446384692375553
1519387263280496643
1519378036180885504
1519345826513965057
1519332504003657729
1519119192628371458
1519079822399520778
1519075947378524161
1519070265006829568
1519055789834571778
1519047845533429762
1519021693871824896
1519019210722193411
1518686304447434759
1517307835109019648
1517307685380759553
1517290027755130880
1516929375245062146
1516917927504658435
1516796836274655243
1516539938296184843
1516515814404464645
1516225853532872713
1516161726739521537
1516144123358625793
1515726153411178503
1514734630422863872
1514707052697952256
1514370264255062019
1514336369790836741
1514307743020163080
1513966246605299722
1513966242394161156
1513879116021436426
1513861814920130572
1512559542508339204
1512473650326351881
1512231629623898143
1512156406421594112
1512133575273033732
1512113305246179340
1511896150219304960
1511872050222309389
1511835001658216448
1511822038352207880
1511758695113404419
1511512558162919425
1511468668789694471
1510388319481483270
1510378015812894724
1510329974615592970
1510034940871778307
1510029127792967685
1509715180128722949
1509652844055605251
1509605095150923794
1509563289881174020
1509334709767127043
1509323244318478339
1509297749778386944
1508985624044486656
1508939631395549191
1508919729204908033
1508843253822636041
1508543498143870983
1508522271740149763
1507895207785861125
1507844795984719880
1507500671423111175
1507480017399394312
1507172813198835715
1507070634664378373
1506803806620770306
1506765710835564544
1506732128612007942
1506702489273389063
1506685294514479104
1506662518512627715
1506387135254913033
1506372842052534278
1506334472748388361
1506301302267166735
1506295235499995149
1506290447060283394
1505708215094370307
1505699987811930112
1505688465446522884
1505385645266591746
1505347676933705730
1505338306044870658
1504962027600629761
1504929279972454406
1504548606489079813
1504481723232370688
1504245439855579136
1504239894259982338
1504221335156928513
1504218010416029705
1504165514326720517
1504104354554523651
1504094787795836931
1503888823272546304
1503870437339672581
1503861868263362565
1503828733291081737
1503808930555772932
1503495757650874375
1503192707178516481
1503192659921293315
1502412180771119108
1502376338237263876
1502313540694069248
1502052113089802253
1501939214149029891
1501715453034573824
1501640023149531139
1501377811080228878
1501346009317847048
1501342420818182151
1501327678183337985
1501308886669746185
1501257278397186048
1501251438445535233
1500999112283537408
1500960496576569353
1500943213473021955
1500941524003082240
1500927977412075526
1500250925012819971
1500133576154697731
1499931022821138434
1499908900619005956
1499890851077668877
1499872156104249344
1499568901855789058
1499546186138759168
1499507074492993537
1499423177293942787
1499410708466999298
1499392498740994049
1499190997233844228
1499158468917448707
1499157337956835335
1499138696708341762
1499080877741121537
1499057029192859651
1499045309120405512
1498874939809669124
1498861627600523272
1498792369709322240
1498752146019438596
1498713102451363841
1498693964181954566
1498448297538867204
1498057467531571208
1497774978963492864
1497357785171902470
1497326522092244995
1497301695390535683
1497240854188236813
1496986616287670274
1496955851411763207
1496927785339670567
1496858229002813440
1496855790572883970
1496854225460117504
1496644882101940232
1496632012865687554
1496602848548859912
1496571553613594624
1496561245847265281
1496249136387141634
1496175691355799552
1496169130428452876
1496158829716951045
1495820719674081286
1494718072170729480
1494410553292382209
1494111730137538564
1494088822694498315
1494063404943872008
1494012736027734025
1493986175618592773
1493719552907173889
1493701859449741316
1493687848809254919
1493662536545222663
1493626734276714499
1493320901437403140
1493234016014721024
1491810926940594184
1491781900083548163
