1534661032349773824
1534632424432406530
1534605154787409922
1534605153088819202
1534605150974889986
1534562354725363715
1534263834122272770
1534170477140361217
1534168537417277440
1533912639591555078
1533815274058792961
1532747133471936513
1532368942563569666
1532082052543152129
1532056313114787840
1531987177843965953
1531660010329198593
1531637398211383302
1531278003602333696
1530188770582093824
1530187111298584577
1529859080189317120
1529549035132096513
1529513712540913664
1529151022827986944
1529131886118944769
1529097687961939969
1528772366934888449
1527719031532404737
1527719029724663815
1527315778336305153
1527290305245892612
1527015611582365697
1526959935392727042
1526954331769012224
1526657891377332224
1526649944144330752
1526588882854285313
1526586379353858048
1526585953803984899
1526585952067633152
1526232123119751171
1526232119810326530
1526232117620924419
1526203919440936964
1525217973841055744
1525125803062743040
1524849901179478016
1524795437881905152
1524757803658850304
1524450481757691905
1524449090909741056
1522619125633331207
1522607593994268674
1522359249833242629
1522268854076035072
1521851176488247296
1521582617988157447
1521195093931307013
1519740213609877508
1519322088837943296
1519312185540894720
1518974883639836674
1518969643016331265
1518601087464488961
1518054810087563269
1517544984358105089
1517535426726277120
1516798946219339778
1516798944336125952
1516793395221606401
1516500720186445830
1516115708014481413
1516059121342103557
1516046447967445011
1514320783547543558
1514261233859502082
1514260046145900544
1514256432799141892
1514256431557533703
1514256430185943041
1513925405874528270
1513590496756654082
1513582453226622983
1513557619922948102
1512498715701006342
1512094295238524932
1512094293581774855
1511833186833244166
1511703523678986241
1511700956295176194
1511449451809890306
1511360711779364868
1511360709996818434
1511350660759011330
1511052053921083402
1509905351004598322
1509641677618745347
1509539111866179591
1509535106989531136
1509267226679037952
1509257826551885824
1509158182777729032
1508926723655614466
1508909228760649730
1508877958391476228
1508877956906635267
1508877955757449220
1508877953916092417
1508849575355990016
1508811560151658501
1508511530962280455
1508485915886370819
1508485914577801229
1508470273372303367
1508470271556177921
1507437401987297281
1507370144678490119
1507354313290657797
1507140499538333703
1506010918869958658
1506010917238353922
1506010915514191874
1505016701422813184
1504901921932464133
1504843804406423553
1504843597060915243
1504820986193059842
1504463873814020096
1504148424261873671
1504096773412950020
1503842291269701634
1503824262955778048
1503738193031610381
1503445127515279362
1503444874590400527
1502393653892947972
1502357246252134404
1502312282713427975
1501976825932795911
1501975776467603469
1501774644256378886
1501774643199418371
1501774642247315469
1501774641022578692
1501688707350507522
1501688704896999425
1501684537579159553
1501672104613359621
1501600689595813890
1501305024101687296
1501294351858733056
1501294350650728455
1501219943819485187
1501219942208843776
1500966358460293122
1500879347862937602
1500879345992224775
1499776182472122374
1499761864091357189
1499463182942941185
1499463181630156803
1499463179277062147
1499430632727973888
1499430630605602823
1499425028970057734
1498867858239066114
1498858664903458817
1498856958690004999
1498856110115246086
1498855803968761867
1498855661492387848
1498855075371958277
1498853836332711942
1498852967700738053
1498852291792842761
1498851086026907649
1498851021887614980
1498850255785316361
1498849977933733890
1498848932914417668
1498848589384232964
1498848212718870537
1498846860596981764
1498845828454223878
1498845586413568006
1498843744136839171
1498730928465719303
1498719322943934468
1498420370260561923
1497654045225500678
1497327130799230976
1497285273566146562
1497237022502576135
1497235177700872192
1496897876244504581
1496873028042514437
1496580188137832458
1496580186896318468
1496580184362954754
1496537264326950919
1496515588797210632
1496194798725828608
1496157023339270145
1494765385496813568
1494697927599603714
1494430339342733316
1494324116622491654
1494068708293099528
1494045738841563143
1494042219694759939
1493707777860153345
1493621912861302794
1493614424338407428
1491875932147228674
1491875929953550342
1491815206086918152
1491794496610177035
