1534682212938948609
1533914651368513547
1533892644144922624
1533824925345120256
1532387139182284805
1531284865106190336
1530159954027495426
1529534279079940098
1529205749343260674
1529119611798560768
1527742026439073793
1527418023195381760
1527386141762015248
1527345120684933120
1526981537396310018
1526671576036519939
1526594132872945664
1526591152421588992
1525196646933581828
1524894692038520832
1524884774501900293
1524854622397120516
1524839744680644640
1524837135299256320
1524805881828892675
1524802286098186240
1524467188178079744
1524420729802010624
1524063517309034499
1524042952347111426
1524026447039549448
1523687822859042816
1523368625129738240
1522190788872089601
1521197249581170688
1520145322860847104
1520131200286871552
1520129873657929732
1519995990920642560
1519742856763777025
1519698205834944514
1519676149126897665
1519458873178009601
1519439127862775810
1519403588279320576
1519372745385070592
1519330326094487555
1518992724581572609
1518699035548393473
1518676530280419330
1518675317480697862
1518626518624358403
1517245080104488963
1517204797564375046
1517194946268307458
1516770194047315974
1516437892951945219
1516153815329820675
1516127318355464197
1516091841036357632
1516081846177648641
1515661350369841155
1514981025386016768
1514679111792406536
1514617490508189705
1514373747729436673
1514313676316102657
1514277057370509326
1514243944980402177
1513954884357341194
1513954883208105991
1513954881836621828
1513872300743053321
1513600161116741632
1513544182505295875
1511828912019578887
1511827808926019595
1511775533683683335
1511759690816012297
1511419752505348102
1511412606145282054
1511022259728699395
1509967227415576589
1509275786569822211
1508894470821101575
1508860003796537346
1507431896577368066
1507431548798316549
1507431347643682826
1507431207474286596
1507430644644777999
1507427235107586073
1507427141876649989
1507416902531911682
1507094740050845712
1507093730859360258
1507092648590458881
1507083690500923398
1507081993351225347
1507080812772184067
1507080181223202822
1507079839936827403
1506785832417611776
1506678813958283271
1506332354276737029
1506247319326535683
1505953194278588435
1505916564884922373
1504899593435324416
1504899592076288002
1504815966416478249
1504573047222714369
1504557336245018633
1504152807523614720
1504099416008904705
1504093454850220035
1503808324080439308
1503466132673552385
1503409254966910978
1502035392979210247
1501939951243464711
1501289405729886213
1501282037621215242
1501221867230838786
1499788003073482759
1499759023045947398
1499494977386209282
1499457166922727429
1499168085269430275
1498868968563556360
1498868967569608705
1498868966554542084
1498868965543718914
1498868964549664773
1498868963492646916
1498868962297360397
1498778568226136065
1498767223833436166
1498694362842152962
1498694350687064066
1498686281320218632
1498665842682257409
1498665820095975427
1498427022317699077
1498393413238022152
1496993318097629187
1496968882363539456
1496820992877944835
1496565158608609295
1496528760463581194
1496528758748106762
1496497327657336835
1496241311481045005
1496241310142980104
1496241308700131332
1496163313906073603
1495816336575852546
1495795918716735494
1494390965737512961
1493713991360815108
1493704609260609541
1493670427696193543
1493271019028729857
1492156518640275457
1491905915427110912
1491840222002401288
