1534635778235633664
1534635776725725185
1534249686835646465
1534249680284139522
1533889018517245953
1533833755298873346
1532753861387210754
1532728796587114496
1532728794800435201
1532094183263150081
1532094181841285122
1532058680560357376
1531726425795055618
1531668324806844417
1531641124699398147
1531264240878755840
1528798977315033089
1528798975767232512
1528744935800705024
1528008961961521153
1527657450844864514
1527355721838305280
1527355720077033472
1527321111532564480
1527321109015961602
1527048409148018693
1527007894197215236
1527007865457852419
1526658938963480578
1526658937629593602
1526634553204477952
1526634551849717760
1526309767903420421
1525834634860404737
1525174904773025793
1525129522106056710
1525129520751181826
1524829710915670017
1524054744012136448
1523307237690998784
1522658511796281346
1522604475713794048
1522199271679868928
1521855810091036673
1521560209851928576
1521560208706785285
1521560207389863937
1520114130945986560
1519746921409228800
1519393297705410560
1519067762697678849
1518991974061252609
1518991972085739525
1518951714358968326
1518668181618888704
1518668176606875652
1518307536721440768
1518251477982224385
1518251163199623168
1518251157327650817
1517590742985842689
1517590741438148608
1517194089804017665
1516816407912136711
1516133153102249985
1516093151034974212
1515678463402733569
1515081278281826308
1514962999399751680
1514707687749128207
1514707681986158603
1514707680383881217
1514648653935296523
1514648649107742721
1514317992858988548
1514301497265332240
1514301495822491648
1513897644707483653
1511774365779738629
1511742474619965441
1511742473491652614
1511460535098916865
1511421028756508674
1511379853123198982
1509633625041555457
1509569511221047296
1509243387173650436
1508920624609169413
1508827892549132296
1508555201317380109
1507375321183621131
1507065678888521730
1506669255667986442
1506292708578664449
1505996383660261377
1505908916483506184
1505016277580107776
1505016276451737602
1505016274430136321
1504558462696579077
1504123316193402882
1504123314918375427
1503073441284558856
1503073439367712779
1502378400203296777
1502305731286024202
1502305727590899718
1501979757302407169
1501634824418770948
1501308902041956356
1501308893535866881
1501209879708590080
1499784756761878540
1499467464626913283
1498866842361909253
1498748903491239936
1498748901003833353
1496963199727509507
1496963198561681410
1496963196309041169
1496550605527126018
1496550600397443075
1496252976159248390
1496252974804389898
1495771541820387362
1495054316113207296
1494767425081933826
1494403335713169414
1494403334232580097
1494363154020802576
1494321644550168577
1494057984120573962
1494057982543421459
1494057980702171137
1493991222511386624
1493672912582287365
1493672910615105537
1493628533293424640
1492883762996150272
1492558169201156099
1492223160090980353
1492167297192140801
1491792838832447500
