1534568363753603075
1534559038121426944
1534284511298699270
1533897206025142273
1533871138719338497
1533856307475795970
1532128356002582530
1532090858882732032
1532059404224315392
1532030461911785472
1532011912774434817
1531658308200935424
1531243740899299329
1530612106655158273
1530305046054854659
1529170066813624321
1529130376718843906
1528871320809000960
1528747555852541959
1527710553757597696
1527687201353617408
1527352236803706894
1527341130135719945
1527057694615605248
1527041431252123648
1526577976023851010
1526555494772523009
1526320576876400640
1526302413212336130
1526302162443182080
1526291503437557760
1526261201302339585
1525914384945528832
1525204952292941825
1525155019091329026
1525155017900142593
1524825621070757889
1524803285915521024
1524795186081107968
1524768090399162368
1524482896807014402
1524426352698572804
1524376568591753218
1524126916592218112
1524098024523374594
1524046296914534403
1524021799410937858
1523799885413335040
1523746108773568512
1523315882579083266
1523285528694894592
1522632722619023361
1522580669636960256
1522295485666578432
1522291053369384962
1521881814389956610
1521606168589840389
1521201953484718080
1521142888775794688
1521124421557264385
1520396870052417536
1520132597057269760
1520132595731865601
1520086627334373376
1519805173371215872
1519708304678731789
1519317945012432901
1519065672126451713
1518713081404211202
1518616668703969282
1518032265619587072
1518032263962931200
1517566508066615298
1517519675386695686
1517493327612059654
1517218864869822464
1517218746968027136
1517216716094386176
1517202953215655938
1517178527099113472
1516872027470245889
1516823997991821319
1516813450927910924
1516786532094558209
1516497585950937089
1516478019535351815
1516447860358799363
1516442684487000069
1515681130384658432
1515043529894019084
1515013872884846596
1514634290876796934
1514244506966704133
1513973288405553152
1513886819435360269
1512493215068438532
1512442811018268680
1512217812944756736
1512153883530907650
1511816060638535691
1511816059745144846
1511816058725969921
1511815357492875271
1511742161297068032
1511413843678924812
1511400549702373383
1511400548641165317
1511189254935875588
1511121278043893760
1510679394553053184
1510312374951198722
1509956648974131203
1509944582980702211
1509885041467445249
1509574780990758926
1509268863292252166
1509225026444214282
1509205031295361031
1509197319438315533
1507075469946109963
1507061669960298505
1506614331089301506
1506325015058395146
1506325014144036870
1506016063439339524
1505999975657975810
1505891987630690305
1505531077313585153
1505199676655648772
1504928361583456266
1504915762133315592
1504893933482123269
1504892022376865794
1504886220891078657
1504856058665316357
1504843751855992839
1504838833677942819
1504536590848303104
1504533273661349900
1504504376223846402
1504499732126871558
1504495342968053766
1504495184977047553
1504171171180339208
1504169311916670979
1504152782470881287
1504095460457426960
1503851046573117450
1503841539784646662
1503818407245926409
1503456463485865990
1503405371230203911
1502351246698721282
1501994774391398404
1501979410580320258
1501979409607233537
1501979407065534471
1501950182866382865
1501680734066679818
1501629702557118464
1501569866284912646
1501337121671548932
1501217058591322114
1501213721653391360
1500912738599591943
1500898053129179147
1500845758207119371
1500163361983676417
1500107334588190724
1499817274533888001
1499494958465785860
1499441084727967746
1499432330523512832
1499418581209161729
1499388430752661505
1499133821358325766
1499089711884816384
1498860085258432513
1498817019130621958
1498790612560224256
1498785632805699589
1498745964269432832
1498427521934802946
1498411576444997637
1498375320839331845
1498373690291073028
1498365364232765452
1498002128782123013
1497345907104399379
1497308944238264329
1497268856326402052
1497268854434770950
1497268852450902022
1497268850357907463
1497024814204215298
1496878999548616706
1496674424321368064
1496539154397777930
1496227924751622150
1496209201542176777
1496207646306803716
1496203216802959360
1496162926683693063
1494715639143051268
1494395323942375443
1494317947166277632
1494097803160788994
1494065228249763846
1494035128766668808
1494034133697376257
1493966072109805572
1493788662965968896
1493707234005630978
1493698555999133698
1493683536758509570
1493646278147850241
1493297112909598722
1492236104539508745
1491854212891918337
1491786233424465925
