1534591286069583882
1534558403976118274
1533913574233583617
1533632042751168512
1532435905654431744
1532353999650934784
1532049813897986049
1531259140013576192
1530236708666712065
1530234537640337410
1530198717575446533
1529902604553277440
1529820045106462720
1529539602461216769
1529192937040510984
1529101459035459584
1527667185266659328
1527288010374402048
1526959477752201218
1526922711859077123
1526685060979646466
1525650698062422016
1525650159887056896
1525214471236509698
1525172569086771201
1525148653756764161
1525141654923104256
1524860043790893065
1524824215396003840
1524773657876353031
1524764027804598277
1524737878642905092
1524518670680178691
1524499320237666308
1524477598880997378
1524388928651939841
1524079031825674241
1524016933041065988
1523760628573380608
1523707797426380801
1523339444287414272
1523288920540127235
1522265423881854978
1522211735595208705
1521944794536333314
1521923116448063488
1521548936430899200
1521125968080945152
1519776926734376960
1519758312002273281
1519430275113144325
1519416122302517248
1519398629752061953
1519030569136492544
1517503982121492481
1517240307582177284
1517159273406636033
1516801813105856518
1516448468478345223
1516058354698919936
1515676458332524544
1514951680391098372
1514604275971747850
1514604271706144778
1514279196847230979
1514273489448058887
1514234257912352768
1513554081159290883
1512460007186616320
1512061638437847050
1511786757121101833
1511781608747151367
1511734997459386377
1511727571838382086
1511714681559392259
1511357870989840399
1511338104556240905
1510240632689860615
1509897851358359592
1509632200538472459
1509566930486714374
1509246764787896321
1509242172750635015
1509213924398354434
1509181794721148931
1508914038146834440
1508914036926201857
1508914034921377809
1508882874010902533
1508857493769932808
1508513661169643524
1507404135439687688
1507092317538246657
1507056873773621250
1507011183026470915
1506986574541635588
1506709010938007558
1506358268905627653
1506344080871149575
1504814448162267136
1504463336439791618
1504132191948877833
1503785355132166151
1503361418791469063
1502700382438502406
1502326322974056449
1502301901399937025
1502050473041444866
1501964467223117826
1501957507350212612
1501683199767891968
1501674711050338309
1501589421099044864
1501567528627232773
1501250127226417152
1501247019251339265
1501226106812354568
1501226105440972800
1500932678312513540
1499500314550050821
1499462830084476931
1499150037275881477
1499129380727140360
1499066087769530368
1499033874969640971
1498877248417505280
1498422008673095685
1498303119507312646
1497222585146294287
1496995380734615559
1496601813184876581
1496537873205628930
1496536881806385167
1496527030292299779
1494701393399230470
1494697747311742983
1494425661800435720
1494381796208820229
1494361367167524866
1493976973416222726
1493657892867694596
1493613100645466117
1493597158486024201
1493240905456930818
1493240589793562624
1492206656280842240
1492184062336933889
1492163658469842947
1491897712421359616
1491791768643194885
