1534681080111964160
1534560812978913281
1534528712682655745
1534231322700414976
1534196390422880257
1533872223685169160
1533831973105442818
1532817975501266944
1532746590338928641
1532484467436273664
1532397936163823618
1532163863260581890
1532121812758405125
1532073494153834496
1532068223113236480
1532022203151179778
1531724693698449413
1531666556324814848
1531635019562754048
1530276087132987393
1529989263441514503
1529219130435350528
1529104518935465984
1528892282316857344
1528778430069850112
1527388512177115138
1527367665857069056
1527346930585841664
1527346928828096512
1527346927225884672
1527282740567097345
1527109473386496000
1526977754721296386
1526723491973566465
1526693765322244096
1526652574245462017
1526612519195926528
1526318075662020608
1526231420385079296
1525106587647590402
1524802323662381057
1524760943279943680
1524739381189398528
1524734228285509640
1524544383403454464
1524544382996664320
1524494821410365447
1524420091768672261
1524379775644717059
1524206180054310912
1524101057277833216
1524067156215971842
1523846423531429894
1523724984102768640
1523699722657189889
1523363099390078977
1523301703562498058
1523095838163152896
1523026511954997249
1522700679894253568
1522637820543787014
1522606290064846855
1522323145939730434
1522259462215639041
1522018263919730690
1521982416583282690
1521881233420165121
1521632001509539841
1521569390004744192
1521325146568638472
1521325098187247616
1521226115565637632
1521150624141824005
1521143467455430656
1520876464035360768
1520822245924519937
1520467903761764352
1520082794659074049
1519832334312382464
1519777767650480128
1519727281186422784
1519710121420632072
1519464661439102981
1519424695015256069
1519328048646172672
1519061552548040704
1518992887664545801
1518640847155302404
1517955626147749889
1517606789973479424
1517571688224940033
1517528422632857602
1517222417277632515
1517171826740318208
1516872915706384386
1516821430071087109
1516536285237813253
1516501183153717253
1516469275766276098
1516436410542305283
1516434440871989249
1516169700010455044
1516132042655809536
1516131862179164161
1516093512500056066
1515730581480427520
1515094112751472641
1515041839761567754
1515012324171472896
1514680387162685452
1514654717586116612
1514351361890127875
1514273679693258754
1513921600403427333
1513656711529250821
1513621026713780225
1513595488033034254
1513564785845153798
1513501133708439556
1512485338933239808
1512458473690308610
1512132920508665863
1512132440323670023
1512119815372214281
1511839360970280968
1511797893253894148
1511781875387408384
1511745653822697476
1511677984532574208
1511498923352993793
1511453114469126166
1511386913453846532
1511364069965578240
1511120116985077772
1511115144272695299
1511069679514800138
1511069678197743622
1511031867792924674
1510993865020477442
1510321338916950020
1510053838736306177
1510026470802038792
1509965212211896346
1509923013776625671
1509893362618302465
1509650839417335816
1509639745055375368
1509620006316818433
1509581677022134277
1509581675356987398
1509577739162066955
1509201022144688134
1509175635884789760
1508962650021335043
1508927119715356675
1508902571779497991
1508882243191812098
1508852988609183748
1508635908601491456
1508595604372525056
1508505951762096130
1508436556557828106
1507806845204791297
1507780421286776842
1507447729492004874
1507396309027889154
1507070227284213772
1507036782575116309
1506770516585103363
1506744344052736001
1506712383703732231
1506648633172795398
1506388754084372492
1506048257230704640
1505966729339588613
1505937489621663748
1505597728642019335
1505344620972048386
1505287257321844736
1505156533511987200
1504944232707997696
1504911272785154049
1504840464050135040
1504578825207705626
1504539402185457668
1504530758198718514
1504518552249901059
1504454442988589061
1504267020312924160
1504169842479452167
1504119728842973192
1503904380684279810
1503841717866438659
1503809505938710529
1503729880244105217
1503526641716277249
1503487156706320394
1503487155343175693
1503487153078157314
1503424033743847434
1503409510882463749
1502752245384982536
1502375059314335744
1502362290133348354
1502295907353640962
1502008444475355141
1501998936122404864
1501958562515357698
1501734470726172672
1501624608817958914
1501591460348628996
1501573052076802050
1501303744708939785
1501284415258963974
1501247373359652866
1501233856409653252
1501201047284600837
1500947899961724930
1500899342848245765
1500881119302111232
1500616556157546498
1499883212339826693
1499869544382447618
1499822735962218498
1499800865468821513
1499487023756980230
1499459770029330434
1499424231997657092
1499088545318907913
1499028739887439879
1498865714542821377
1498858095182860292
1498856871960133638
1498854899664228359
1498852994506493957
1498849317595099144
1498847105695330307
1498846359285338112
1498844749259808772
1498838037932957696
1498792390898900992
1498792389204393989
1498792388109774849
1498792387044417538
1498792386205560833
1498792384230047752
1498734625547599882
1498422624057270274
1498409843606044673
1498395581944713216
1498369581429231619
1497337107341324289
1497244975930748928
1496981417104130051
1496975726561484806
1496968404581945348
1496948572276899846
1496939777102426124
1496899510177603589
1496862626588078092
1496706135012909060
1496661656805519363
1496636994356715521
1496555708736806916
1496545656776835072
1496289706098708482
1496285569223172096
1496230566114435073
1496222202441748481
1496222201015644162
1496222199698571265
1496222198096400384
1496222196330647552
1496222195235930121
1496222193629511684
1496222191951749121
1496211615615795202
1496190081698349060
1496190080179970062
1495789813596934144
1495449154126065664
1495077406977179651
1495072804546519041
1494762230360981519
1494681998786449413
1494492362940235778
1494431209778302976
1494386013745078275
1494362255281901570
1494129352807698432
1494005764696023044
1493708950503526402
1493702275809910789
1493661908968296451
1493335238168088576
1493307213317869570
1493278111672193032
1492982916925820934
1492904399252779011
1492626065059049473
1492582432008200195
1492559376002863104
1492278525008789507
1492185498907037701
1491872194636529668
1491851209480687621
1491833278227222533
1491809315287670787
