1534680522928144385
1534667959930695683
1534558336548581379
1534542063420813321
1534294873628725257
1533905704049852417
1533905702850289664
1533901685172707332
1533835867172782080
1533483787144896512
1533468167879524354
1533282820772319232
1533114009427353604
1532801250747637762
1532786727399596033
1532750605650997248
1532480819280896014
1532383959950446592
1532375890830757889
1532375885675999234
1532181253256097792
1532052879279808514
1532012938437042181
1532012936109211651
1531752421239701506
1531752419427766274
1531738602501246976
1531738600831860736
1531664311596220419
1531463497388699650
1531452699090137092
1531452696703553537
1531450373788995584
1531391006041468928
1531333157546598400
1530933613277102081
1530278610124275718
1530278609084198917
1530278607880347649
1530270370695200768
1530239313065218049
1530239311676841987
1530219562893029376
1530003885368147995
1530003689959718915
1529906016015351808
1529886873040171027
1529838439109214208
1529664332069580801
1529593215871070214
1529464486763151367
1529228577673207808
1529228576133763072
1529139952109473794
1529139950729543680
1528406575047749632
1528010322908483585
1527723135373541376
1527417648249810944
1527330419154497536
1527303735315034113
1527284628427616257
1527103539742375936
1527087094304219136
1527063180626874374
1527063109147541504
1527048101491527680
1526978392846913538
1526677720582828034
1526677719257325576
1526663261231493122
1526565245916958728
1526565244688076801
1526247018133434369
1526247017130991617
1526247015969087490
1525953962410745859
1524908035055013891
1524875132262662144
1524875131117613056
1524529607805915136
1524529606333714434
1524503859300818947
1524168698969346048
1524168640634966021
1524115237498195972
1523666886952890368
1523377456484216832
1523316852536930304
1523031454069915648
1523002007539265536
1522682334356533248
1522671712302641152
1522666883253604354
1522650800769490944
1522650798781476865
1522332179702984713
1522312471784177666
1521928663595429889
1521918843429478402
1521918841726672898
1521661711530483712
1521661706900017153
1521606061811281921
1521604946554142722
1521534031627796480
1521534030528843779
1521241564802134016
1521241563204096007
1520985910367694848
1520985686781927424
1520985685385265153
1520183899833384960
1520176103767220226
1520144254110158850
1520144252738719744
1520136242511364096
1520136241106325504
1520004820320636928
1519802668830576640
1519690112346509314
1519411859388047361
1519411857919987714
1519411856330399744
1519381363614433280
1519381362381402112
1519344117297332230
1519324196081389568
1519062821757243395
1519053091986886657
1519053090216943619
1518771596445503490
1518771594386100224
1518721371924500480
1518721370431143937
1518648586690564096
1518260818575601664
1518260817040445440
1518258426165538819
1517580655319818240
1517544336065536002
1517142951188594691
1517142948885934082
1516943460594503680
1516943459080355840
1516606140305584128
1516533940613525507
1516533936058417152
1516496011069476867
1516170241755209741
1516170240371081221
1515717146956947466
1515536733902888962
1515088323278221321
1515087923066060807
1514801312730296330
1514801311224541191
1514725153061625859
1514725094651830282
1514602256468877316
1514364398088949773
1514355492335804418
1514355490888765445
1514258093948997633
1514258091939934212
1514020950378917891
1514020943407976449
1513955372612128771
1513633032451854340
1513597381429940238
1513539580745633796
1513539578858196997
1512814593248141319
1512512771795165187
1512417582674026499
1512216069410275328
1512162469095092224
1512098755453009928
1511830612608434179
1511808811618680842
1511750035913981958
1511731925525872643
1511731923881766923
1511731688992292872
1511455374922104832
1511401165707165699
1511156099000545288
1511123353217679366
1511120177768939524
1511105078056427524
1511090977162862602
1510967712075427843
1510670263570030594
1510286458623569930
1510009782790414339
1509908340301774849
1509647871418769415
1509630712181407744
1509630710893658123
1509541838717399040
1509532730748387330
1509308796186861573
1509308794882379786
1509305442190692362
1509305441075048459
1509305436796858368
1509275019595108354
1509174902980554762
1509156312717926404
1508974341203054594
1508974340225871872
1508974338959351813
1508946757362884612
1508862047471214609
1508862045801828354
1508799174925553665
1507824538326687746
1507373372123934720
1507373367669985284
1507131938955358231
1507131933146247189
1507068020564250624
1506779713359925256
1506779710524518400
1506749947131006976
1506749930253127680
1506720436817592322
1506696541196587010
1506427827133968385
1506352969616277506
1506351824898441216
1506351823463993345
1505968793184616458
1505935782573314049
1505576512606642178
1505164122832486403
1504925119990231040
1504838643298541568
1504594540497354753
1504457583222046723
1504215542437195778
1504215541170454535
1504199539783344136
1504131719733157888
1504116514143846404
1503895683853660161
1503895682654117891
1503866387982393350
1503866386237566983
1503866004576907264
1503851444297998336
1503847546980028416
1503847544572555271
1503732080697647111
1503727772857950211
1503458927945699334
1503458926649651203
1503415627217788935
1503415626093715465
1503396231376261132
1503396229941760002
1503042553293250568
1503042548637523976
1502455581847830532
1502402277985902598
1502402276773834755
1502372161578835980
1502058524095963145
1502058521910784001
1502024704827305987
1501942045937524756
1501942044255653888
1501770010666188800
1501770009244221444
1501597103646195714
1501563562749218820
1501234511048323074
1500966825848365057
1500912770740535305
1500870476276588544
1500870475341340673
1500870473906798594
1500510954613788681
1499868251328851970
1499868250376749066
1499867950014210055
1499866687696474114
1499834027196432386
1499834022851190789
1499551254225342466
1499550623380951044
1499550197419950082
1499523837947527168
1499523798932013058
1499438768767520773
1499386671942488066
1499180254102970374
1499157688877555719
1499109515605782532
1499041538390777862
1499031494572101634
1498825765194022917
1498820033534996491
1498716480028000258
1498716478710894596
1498685962473426948
1498685961261174784
1498673041106255874
1498673036572119050
1498396724058071049
1498384155650007048
1498384154685235206
1498384153716350984
1498384152235757573
1498354059845246985
1498354058851139589
1498354057618104325
1498354056108154888
1498338170131341315
1498338169019846664
1498338167916797965
1498338166478188547
1498029497953759233
1497958849894043651
1497267006340571136
1497038189403557889
1496951144559661063
1496643021538009088
1496643020493660164
1496615688844333056
1496578768454004736
1496527214833242117
1496527213889560582
1496527212903862274
1496527211507167234
1496521770052075521
1496267895147479046
1496267894077939722
1496260235945824262
1496170142824341517
1496163525923938313
1496163524250423302
1495937776742809603
1495813641756622865
1495438503634685953
1495141089560387590
1495141088247570440
1495125744787275784
1495125742996402187
1494823809513312258
1494823698272034819
1494787469472112641
1494787468440264713
1494787466879983618
1494690203344248840
1494508571152764941
1494508569890377728
1494357408830963712
1494340140554199040
1494340138549202949
1494330265396678663
1494330262653571082
1494093865191718919
1494067883613343744
1494059739189231617
1494059737318580228
1493792945312522245
1493792855097319425
1493736891681849352
1493729187537960960
1493667222669119489
1493654259862286337
1493603584117813252
1493603582901461003
1493603581118799876
1493344301891440645
1493329849271861256
1493329847472513031
1493314103200342021
1493297206027296775
1492237879602552838
1491963970282037249
1491963968889491458
1491784959996092416
1491542638717284357
1491542637513519106
