1534619039745589250
1534614450254360580
1534603918155452416
1534559110196338688
1534544003496026112
1534288407911878658
1534288032014245893
1534222063535280128
1534189687547609089
1533922648434032640
1533826454110314497
1533826452780638210
1533826451438551040
1533826450125725697
1533826448741568514
1533826447365767168
1533826445985861633
1533826444626903042
1533826442647281666
1533826053747122176
1533824781899948032
1533823032761909253
1533796912368869380
1533198543766290432
1532788802858762241
1532770587763822592
1532754733777137664
1532729028708286465
1532728647529938945
1532728645785092104
1532721731370106880
1532426297657413637
1532394236221526020
1532371363209662465
1532357835174068226
1532102347203158018
1532096328746078209
1532039855751954434
1532020237255811074
1531988870098604032
1531736796635308034
1531725178362859522
1531692956473769985
1531654679486246924
1531305178011508739
1530272114737135616
1530202560459685893
1530202151418531840
1530199592142241795
1530160988552568837
1529930598302859272
1529910803666718751
1529894991916675082
1529886047504564226
1529885986431414287
1529884349100961804
1529849823486218242
1529820670842048512
1529819402660630528
1529816098488602624
1529555071498862593
1529536735822110720
1529521565116899331
1529507020461703170
1529506640642428928
1529505823562600448
1529493582507347970
1529493581219651584
1529480709320192000
1529468637777739776
1529465343470600196
1529458932116336642
1529458168232820738
1529454943362502657
1529208240512200704
1529206124783849479
1529201956727705600
1529140937548505090
1529086127486947330
1529085991809581056
1528839301777264641
1528829227809837057
1528809609292664833
1528772157777629185
1528104334428459008
1528104332922654721
1528104331165192193
1528104329583939585
1528104327344271360
1528104325813309442
1528104324164997122
1528104321400950785
1528077758483636225
1528030999338156032
1527708561362542592
1527658678878359553
1527658677066420226
1527658675397091328
1527658673639763968
1527644669215219713
1527643835051933698
1527355007980699650
1527343079228788738
1527308749534560257
1527278202783076353
1527274056843681793
1527271079722602497
1527027207029379074
1527001022828273664
1526966171597254656
1526934635556519938
1526928400539164674
1526913281696448513
1526668971189366784
1526577679276953600
1526577677930573824
1526577676546412544
1526547249207066624
1526261078451228673
1526248070601662465
1526222002410881026
1526207138334490624
1525665334136643585
1525546496501989377
1525509015794601985
1525502213803622400
1525230611140644864
1525147909829840896
1525117585297133666
1525104630765592576
1524842548400902183
1524779021053186048
1524693113419317249
1524493399730106369
1524484662906826752
1524482508481568770
1524475577696198657
1524417437512441858
1524396593566339073
1524189590369800193
1524189588356575236
1524188008395812868
1524119493672419328
1524111397445115906
1524103697906688001
1524084682551398400
1524057220580880385
1524051486057062406
1524031086812143616
1524016834156113920
1523820810053603328
1523749501910982656
1523737864797712385
1523674444291469313
1523665699507703808
1523291025288368129
1523038156479614979
1523037968998490112
1523037490621616128
1523025814966738944
1522649682715222016
1522649680483651586
1522649679196000260
1522647194364428290
1522638871636459521
1522581979983720450
1522320885880967168
1522267993757331456
1522253560020353025
1521891836985581572
1521891406175952897
1521862495346081794
1521822967138861057
1521623628454010881
1521593151294689280
1521578759211687938
1521569058738606085
1521533449383079936
1521509291693420548
1521504750851739648
1521503402605387777
1521501022719557633
1521489720148119554
1521487196527775745
1521475372109467648
1521323352115355649
1521300602415894529
1521221980489404423
1521209624824893460
1521184369813118978
1521178819532570625
1521152124482207744
1521151877244719104
1521146303690027010
1521117085883056129
1520850169989898240
1520774018948911104
1520054774351212544
1519816731455201280
1519803664197722112
1519779629187440641
1519776252424605696
1519763865692778496
1519759956106489858
1519749977551085568
1519712520507953153
1519710488975880194
1519702370023882753
1519370262722056194
1519353559518695428
1519349795609059328
1519349792647921669
1519338720218034176
1519338329753501696
1519332304296062977
1519317414529404928
1519316001464193024
1519315337002500096
1519314423562780672
1519304156921700354
1519304155394883586
1519062799045074944
1519003529368776708
1518966545665380355
1518964185941659648
1518961334070697986
1518945949757939713
1518673961864863745
1518635200560906240
1518605720136073217
1518581581430104065
1517533940243914752
1517219735917801475
1517167438466535424
1517137014759456772
1516874876631584768
1516800497369329667
1516800495389753355
1516782912968044544
1516782911672008710
1516513433209954306
1516501219287736329
1516451558208245775
1516436286919389185
1516410598262816778
1516126320584974351
1516067231964307460
1516057687972544514
1516054116568637443
1515716583317979136
1515102920987000833
1514636551971614727
1514622486595485699
1514317124633776136
1514314276911161348
1514307123244675078
1514241297296596993
1514239532484464644
1514236971002044418
1513966463488610306
1513952059321683973
1513910761885683721
1513894262743654401
1513893846157041672
1513576045777195019
1513554438560129036
1513540932255293448
1512558503654789126
1512520658386833415
1512492218484858882
1512473038482296836
1512419144788066304
1512168048362508289
1512153972043403269
1512129525185978368
1512123084140126210
1512110402179641351
1512086412476047372
1512086268569661444
1512070931727876102
1512059669979742208
1512057304321044488
1512054729337196545
1511755797142900737
1511755795590959115
1511714583236460555
1511439795918098440
1511404014835048448
1511393026580656135
1511373867138363395
1511367044482187276
1511332984338763782
1511329075469639681
1511086291743608834
1511063852728864778
1511063850463993860
1511018308845416468
1511013688970514432
1510996041625128965
1510986797257572355
1510972931421184001
1510594003045167107
1510593746307624964
1510392972248072197
1509966094961885190
1509957091859091456
1509928610693582857
1509918104746434566
1509905523952529474
1509899932437786668
1509864249358798854
1509619274083614723
1509608128912019459
1509607711893164066
1509560084715737097
1509521644414373895
1509513339851915270
1509280529086046210
1509246539880964103
1509244955704844300
1509228305244901376
1509180274059485185
1509162958273880064
1508916625801633794
1508899930076819457
1508892171222532099
1508818794738761728
1508802358268121092
1508799529096732678
1508524328740175876
1508514094244143110
1508482775233581062
1508475039489921034
1508473182814146571
1508450778301841410
1508082273618477068
1508079354546638850
1507797909504503808
1507759766629752832
1507529872649994241
1507343098933919744
1507075308440199178
1507067884127895556
1507058736598237193
1507025793238679553
1507024451858272266
1507004815255040007
1506999809647034370
1506994325569290240
1506986972954476545
1506983622716362759
1506983424476815362
1506981809883648001
1506745433942597641
1506703896777048068
1506651963211005952
1506643833660006412
1506618123587309568
1506388154789552128
1506367895672082432
1506363368684273678
1506359038229065731
1506354843937644549
1506322143151329281
1506295537854779396
1506275932881010698
1506064958454476801
1505955128167350273
1505936296245706752
1505891961554808835
1505569036708499457
1505219296095576074
1504997145556008969
1504947354868359178
1504945732255629313
1504882599671513092
1504852279979122690
1504846947823271956
1504837557330268161
1504833795018604572
1504822770496069633
1504820340261806092
1504820339351638019
1504820338391199750
1504820337506201601
1504820336537255937
1504820335492972544
1504820334528188416
1504820272972853256
1504820271806660608
1504820270745411588
1504820269671759877
1504813853133189123
1504810512986615812
1504810324733612033
1504788719471112270
1504782164738646016
1504511992249339918
1504487309277806593
1504478650879537153
1504464058128515072
1504460509684318213
1504214094836027395
1504170004744441865
1504121751445323784
1504120529439055876
1504082511328124931
1504077774637707266
1503852131962572805
1503839188122275850
1503837555682336780
1503815932707319810
1503763507875094530
1503740318516195331
1503738690891399171
1503717877144330256
1503463436327522309
1503431078584979462
1503416585498812423
1503398280868376587
1503376574472667136
1502756956284637188
1502294844957503488
1502016166763577344
1501992242986332161
1501986220993392646
1501962295559217152
1501938120442273802
1501769848782786567
1501667196996575235
1501643735683289095
1501637443497385985
1501627227523493895
1501572549054021632
1501302887317712899
1501296652598059012
1501277068960620549
1501249055824961537
1501224042044534790
1501203535161135113
1501197080253149185
1501191938028019714
1500966141199634441
1500887356462796800
1500868627683323911
1500846046964035595
1499822407359549440
1499804407243882497
1499780360045047810
1499764963115769856
1499743450769633285
1499485262417649664
1499482813883719685
1499474631845191688
1499467456435339274
1499460851773820932
1499455816805539843
1499393005186334723
1499150696729427968
1499138342314721285
1499110063214141444
1499105152912998400
1499100643142868993
1499098966759129090
1499093564025884673
1499054418532126726
1499053273759858696
1499052865926615041
1499052004974473226
1499051857574080522
1499046301606027264
1499036762890547201
1499020551729430534
1499020451137392654
1499020230235930626
1499016838163972099
1498859343764148230
1498857271463399426
1498857269810892801
1498857268309368832
1498857266723930114
1498857264840691713
1498853263898296320
1498852529244934150
1498852362949218305
1498822555045662722
1498822553175007238
1498760357497737217
1498758297930936320
1498758090572935172
1498757928597217285
1498757853242396675
1498742237127131138
1498736240673312777
1498733914701111299
1498731437259907076
1498723071481593864
1498704511740919809
1498693597465620487
1498692135008276485
1498691517577322504
1498686565954031628
1498669721952133121
1498668270228025350
1498666543839907847
1498660094480896001
1498657874536501250
1498633181561556998
1498632352469299201
1498507369248088064
1498505135705800705
1498474197600944131
1498470343253581831
1498470341957595136
1498470340640612354
1498470338623156227
1498457409106362370
1498430577539747841
1498418217290768388
1498405570570764288
1498400606880415746
1498395977891332097
1498387533285281797
1498384363943305217
1498383280697188354
1498379727668539392
1498378659815645187
1498342404889456646
1498333547949658114
1498330021047504900
1498326195313729536
1498301234339528719
1498299138156466182
1498289913409810436
1498114528059564033
1497581215783604224
1497296905939861520
1497255079426015241
1497236549687250945
1497228812265967619
1497221060533567507
1497213832984412177
1496914356222803970
1496898325789876256
1496862587136397314
1496855778438774784
1496697830974623744
1496576112369053717
1496571368502145028
1496541112563081221
1496540376034910219
1496539460959408128
1496539453250228227
1496525386020175874
1496487838178848769
1496241915460784140
1496204543494955010
1496204434703265792
1496187100231868417
1496152409797808135
1496139453118701587
1496134110951182337
1494790494546710528
1494788347994288140
1494788346752770051
1494788344320045064
1494700427941756930
1494446779894489097
1494378495341912065
1494349522654355456
1494318965090357250
1494050702150225920
1494049949255798784
1494046069478596611
1494042762815193090
1493999199209365508
1493994801041227779
1493984685239775238
1493981417084227585
1493980087905050631
1493977787031564297
1493965892123828234
1493964640669347841
1493964639134265348
1493964636697235458
1493955894144647174
1493733086361579520
1493727959722692610
1493727450848763906
1493672613494853636
1493645846612688897
1493625383371132934
1493335927179067402
1493325988134019077
1493272323532607489
1493267793722032130
1493256503809261572
1493249707413487622
1493226219256619010
1492554934570688514
1492182201387171841
1492178209374359560
1492140254085722113
1491879304736784384
1491868070540820493
1491860693473243141
1491854177504579588
1491815427206524928
1491810596496490499
1491799061745135618
1491799058662391809
1491790436838481923
1491778150770094081
1491766401358565376
