1534662855408197640
1534601068881055747
1534591918495125504
1534579032133713920
1534263339202781184
1534170891508137984
1533875184343588864
1533871035937955847
1533523135328231424
1532780606320431105
1532738048366198789
1532366292526764032
1532102460998930438
1532077082984972296
1531651643053326337
1531344108475895809
1531290594114514944
1529864949136334848
1529837866418900994
1529837863906443270
1529837861436018688
1529837856151195648
1529485672096096260
1529474110644006912
1529455348377075712
1529235993311817728
1528802213132369921
1528735196912164865
1528522253389942784
1527725939496570881
1527275061794820097
1527105894298927104
1526970111227305988
1526922971717287936
1526651252574236672
1526624210449203201
1526590197374324738
1526560421397790725
1526279702545158144
1526257709342924801
1526224406284013568
1525622708351942662
1525194683047198720
1525181433693843456
1525111385683812353
1524832905301741578
1524485512756711426
1524435323471765507
1524210991973736448
1524052952033509376
1523735367043915776
1523663265913470976
1523661783743229952
1523365572175618053
1522643869023809537
1522602129747288066
1522291858302541826
1522270505469976578
1521973523270586368
1521927993194692611
1521852620058599425
1521844781416071168
1521532278396051458
1521302210294206464
1521182091416854529
1521158903324725248
1520892712404332553
1520117715658321922
1519786792018403330
1519743400626503681
1519381445738967040
1519380079956090880
1519345053780557824
1519304293651816448
1519300806729773058
1519010613221109763
1518999236477702144
1518970456660979713
1518609406669303808
1518280141444689924
1518244371098914816
1517897837442260992
1517497368077381634
1517232106656653315
1517186508607926272
1516864301780324362
1516500102176808960
1516419573263777805
1516140735556427784
1516061469334507520
1515731093609140233
1515047079831347201
1515026098169520132
1514698459386982407
1514674089637683201
1514617378696425476
1514310368566431757
1514256624826920963
1514244850719338498
1513893010328674314
1513871976951160832
1513635555002793990
1513613587981471752
1513539801034723333
1513272697517711364
1513219634245349377
1512859638911447053
1512527805506019329
1512436139591970826
1512166390756745228
1512134026173239305
1512114862482153477
1511852156365778945
1511747808101122056
1511450222991450118
1511409824508125187
1511381634523746311
1511074923732684816
1511034271179419652
1510720171517882381
1510670559335653392
1510059092047507458
1509981548136833027
1509949320946233344
1509926064218382339
1509884673115267078
1509879506378670083
1509659876099858433
1509639019713507335
1509630311839186945
1509568941508734986
1509553422726541321
1509553421279502346
1509553419937320968
1509524706445115392
1509227742230982666
1508945900076425217
1508931925431435271
1508849624840298501
1508552692855197700
1508501544429309960
1508464454362615815
1508458975465033739
1508439262282272773
1508184097620992000
1508087556671483906
1507727496590020610
1507451519863562246
1507408111753220104
1507349045861306374
1507101617686040585
1507100430609887238
1507058478254366728
1506992681326718981
1506725740011835392
1506714802395222025
1506653089436250117
1506303442280669190
1506286211807203348
1505943658100625413
1505901934900875265
1504806299070263296
1504571967793508355
1504556177560117250
1504526860813836294
1504467661551546369
1504233549754515461
1504156566467055622
1504095434205286404
1503817559258378247
1503816425298960390
1503790907073736710
1503737296620859399
1503449224813363209
1503430800410398728
1503061877424807939
1502294436528730112
1501962620835966978
1501595111687340039
1501285458894069764
1501261367579496452
1501216647142686726
1500952930131877893
1500919027417419777
1500849900472438789
1500189325325127684
1499831563894370305
1499460871172632583
1499422718252531717
1499405618955890688
1499394733021540354
1499047077950668806
1498862630907305988
1498838640029487104
1498759926025535488
1498739404399157256
1498723088405520388
1498684799816544265
1498675796298321922
1498647775436853258
1498397186610057224
1498330095798439942
1498304407208972301
1497960472741494788
1497613009807568896
1497297443355955202
1497262751344836608
1496905580329406465
1496580488366280704
1496580485941641216
1496505747190218755
1496161671110406149
1496145698705784834
1494698135460925455
1494346136232120327
1493981923282141193
1493616990786928641
1493322711958966278
1493268023934869505
1493245809424490499
1492510238309855240
1492258842486452230
1492197817187803137
1492173619010617352
1491857079425982466
1491849905077370881
1491848393626423306
1491781323123564547
1491539846346817551
