1534673662472818689
1534625500726972417
1534611696454881280
1534157077572091904
1533832157839478784
1533448639326076928
1533085420866633728
1532860951334113280
1532836396444024832
1532802929521991682
1532791860279885835
1532763372139208709
1532486677272449034
1532447245341282304
1532435846535729156
1532435839917117448
1532352980405694466
1532352978006560770
1532145241855336450
1532117992187645953
1532016978298281991
1531751763220512768
1531713408009224193
1531303367334576128
1530257303043297281
1530175894437912576
1529974661941022725
1529887828406112256
1529561709874139138
1529534352043950082
1529220518263812097
1528831420336160769
1527704623880052738
1527656784655175680
1527656783128449025
1527422512203714560
1527378034109857792
1527354565221302272
1527313761325154304
1527276416257396738
1527067335588208640
1527067334585815040
1527035583318700033
1527007955476000780
1526962841013604352
1526945594547249153
1526709029409546241
1526666550622793728
1526624039317516288
1526624038143070209
1526624036998062084
1526624035802595331
1526624034649161728
1526624033512558596
1526601734595956737
1526215451755352064
1525911147613937664
1525626559683608576
1525536679112675329
1525478788829700096
1525184050746597376
1524845846486994980
1524757650348646402
1524717240876249089
1524502707079421953
1524469686615875585
1524469685093347335
1524443987460898817
1524135927051964422
1524111793098010626
1524080493695746052
1524080488482226181
1523763770904170496
1523763768559570945
1523326992564772866
1522712960644395009
1522712953849532416
1522693303711457280
1522672923915530242
1522662289282850816
1522320186606505989
1522301761041612801
1522282323210821636
1522244188909318146
1522238939700109313
1522226787824148482
1522226785945100288
1521968354692640769
1521925752316473353
1521925745379057664
1521925736671678466
1521925726743711744
1521908613153017857
1521868997163106305
1521850391733972993
1521838787155922947
1521588562092830725
1521588560461193217
1521540432655695872
1521531708838973443
1521531700957827072
1521479626056519681
1521177176128864258
1520052565186072576
1519835266764218369
1519820754287747072
1519793800687796226
1519774532374048768
1519716440487739392
1519684526808645632
1519471313408212992
1519358011252383745
1519358009645973505
1519079347306512385
1519052539836174341
1519010464092639232
1517585570200961027
1517181159498727431
1516881720901050370
1516847492490539017
1516803588760162305
1516803519638130691
1516498678197985281
1516498677036167171
1516498675895255053
1516498674397978632
1516498673194213380
1515688201658241031
1515118832146341891
1515073359935119373
1514713852281303042
1514677667404165128
1514644661964619785
1514609595716562952
1514385729413165060
1514327373751148546
1513981088036798474
1513960939242020872
1513929129015525386
1513929127434371076
1512865838520492034
1512846831901986823
1512533394294513667
1512524802485071878
1512503757434761229
1512197876071505923
1512197864243576832
1512197860493774848
1512173051022131202
1512163488147324944
1511786136053682190
1511786134094811139
1511786130240413703
1511738913773305865
1511486004682764288
1511467377665392642
1511467376600039427
1511467375480217602
1511467374540693509
1511467373391458307
1511416919039131655
1511336730644955143
1511115181346144263
1511085156706275328
1511060850056040458
1511060849103933442
1510047394334973952
1510029118401826818
1510023669816475654
1509948755239489538
1509948752785817608
1509684584635633667
1509644557599789062
1509587736436555788
1509307644087091205
1509233364829622274
1509233363403800577
1509202288707088386
1508825497995816960
1508796271200509957
1507896758742962180
1507845738553880578
1507498734325751811
1507433326793134089
1507177225388441606
1507156802156253185
1507138715768049671
1507085358596599808
1507063405110300691
1507063402883162112
1506737936338989057
1506735006101692417
1506735004738588677
1506735003073404929
1506734328763592709
1506696355447771143
1506410821726912514
1506396993429680132
1506373755987234826
1506317481140490246
1506317479777292288
1506317478107959303
1506077981860667396
1506063146896789509
1506017696978128899
1506017694897872896
1505686715381555200
1505655866338516999
1505546723275509767
1505546511706431498
1505284757608931328
1505190455708901380
1505190453909590016
1505190452177342468
1504951406859632642
1504925479668752385
1504872719371980803
1504872716997955627
1504854960755904528
1504580851010576384
1504547879914029058
1504494029840523268
1504229894259150851
1504224007524171777
1504203068174479376
1504168693072338946
1504168692137046022
1504168691210113026
1504168690312491016
1504150577617514503
1503895150182944768
1503886214914523139
1503868389881696256
1503474541405909007
1503474538696171521
1503474532757262337
1503432402584145922
1502443163033686025
1502397491211345929
1502052945852080130
1502012611323437059
1501962103342747649
1501962101283303428
1501944309125320708
1501708575252660224
1501667275644018688
1501299694890217476
1501299693388800010
1501299691891404804
1501288001590153221
1501261986364989440
1501239763403161605
1500172353216692224
1499870389962424322
1499870387886342159
1499831244636491781
1499803134167769090
1499550011239149575
1499549985448284163
1499530836156243971
1499526751311044609
1499500631278632963
1499415370960187398
1499387575705948162
1499175072472444940
1499141727420100612
1499085614112772101
1499053548742529027
1498857283404673024
1498854347135934467
1498852051652067330
1498849509228662792
1498848465278971912
1498846896894398466
1498846474783842311
1498846085007167490
1498843761568370705
1498785195620810767
1498757999502012420
1498706726991847429
1498666218970128392
1498443405608824833
1498413209535004675
1498413208239063041
1498400947466342402
1498348726305366020
1498334927351422981
1498319788782850050
1497321314859864078
1497294725937709057
1497278742355394561
1497271977647685632
1497264531399139332
1497252193103196166
1497252191752515585
1497222156828164103
1497009226342092802
1496983481456414723
1496943186790567940
1496933062885715985
1496813551641669639
1496648057894621185
1496648056997036032
1496601113520398345
1496564556138749956
1496564554914058246
1495033275924029447
1494827172774748160
1494763073743241216
1494714001674149893
1494713999078072320
1494454820081737731
1494449356916858881
1494404608759844877
1494376698137255943
1494376652935241742
1494376534274097157
1494361515775901700
1494333681170739205
1494333678347972617
1493711700092231680
1493711697500155906
1493631449269944328
1493311873957212168
1492521582857703425
1492246603981369347
1492219941810057216
1492160394940633088
1492160393539723269
1492160392143028229
1492160390922444801
1492127708167512066
1491959969343811584
1491921615684354059
1491899057031294976
1491872132812394496
1491571809573031940
1491571807035531265
1491571805030600704
1491571803210272773
