1534653274460233729
1534589177551110144
1534587269432082435
1534519863213010946
1534284454293913600
1534280198790733828
1534278976503439360
1534273004208889857
1534242519705321473
1534199142175719425
1534183555672248326
1533905834643804160
1533877683137957888
1533875856510271495
1533832674174980096
1533826528404021248
1533826481398358017
1533816128484548612
1533809097044369411
1533504721079652356
1533285788431032322
1533249306106466311
1533132995678330881
1532869279510675459
1532797429032132611
1532739640934944769
1532731528010248192
1532722281964765187
1532533402418692103
1532533221556203520
1532406239795236864
1532402970603638786
1532397327129927683
1532362926094426113
1532142049453031425
1532133663042949120
1532131616461553664
1532045056709894144
1532039439404478468
1532015406185074689
1531982865402974208
1531676596368711683
1531637467425775619
1531283136084058112
1530271245111025666
1530247456906149888
1530243259007746048
1530242732848992256
1529841059093676032
1529817627324973057
1529551752399298560
1529551658585362439
1529527531812147200
1529498635427360770
1529498520054640640
1529497529007722497
1529432457489039360
1529134337169448963
1529130435091042312
1529130101484527621
1528821354358784000
1528798410542829576
1528772033177337859
1528766722907455492
1528764852000501760
1528759865564438528
1528122727948857344
1527806734496038916
1527740570906595330
1527739387924074496
1527731337016270854
1527725619085197321
1527649792381399041
1527639719760240641
1527366323034066945
1527313943626076160
1527297254972719104
1527288506829049856
1527280784830177281
1527106936658853890
1527025976097574914
1527023642000883715
1527023330154487818
1527015702305054720
1527010094617067520
1527005922966573057
1527004296633585668
1527004178182295552
1526944107024760832
1526942125514018816
1526940529841389571
1526917048416206848
1526669544240164871
1526628491529228289
1526628108736020480
1526612115779645441
1526603384761077760
1526586198613020672
1526570839352692739
1526555518529052676
1526555373779427328
1526238974657847300
1526235882407219200
1526195090267545600
1525202284078145536
1525195484624732161
1525193382217359366
1525187959741374466
1525129197970235393
1525121277593276416
1524858832664641556
1524856233798385685
1524820012845998086
1524752345917231105
1524743700479463424
1524488320960634886
1524481379886682114
1524470812379684864
1524468155099267073
1524464216928833538
1524454278227808256
1524450164785782784
1524378879552630786
1524376175748997120
1524130308009910272
1524121569831886848
1524121110799065088
1524108958142803968
1524095749247623168
1524094904120623109
1524081949865873408
1524038485144969218
1524033479800930306
1524031215715721217
1524026487405531136
1523760271013019649
1523751332812771329
1523738042523336704
1523737957567369216
1523706663231909890
1523673163116163073
1523669932264673280
1523660560474451969
1523622740108115971
1523622459408224256
1523622450596315136
1522666037937950724
1522662422875680768
1522655316550336512
1522638354445131777
1522613454774968320
1522608470314393601
1522334374733230084
1522326748754595841
1522313676816109570
1522280088045342722
1522239791877738510
1521942695840829441
1521928351933423621
1521927292808740865
1521925401433489410
1521923468165582854
1521888224502820866
1521819623494148098
1521646612996571139
1521586599297007619
1521546698337796098
1521515667815645184
1521505019912196099
1521228781389848577
1521228554482167809
1521209218388348939
1521207727233638401
1521204804286046211
1521203912182743040
1521150577434107904
1521142694193545216
1521142459140644866
1520107891444834304
1520105709916073985
1520096730267766791
1520043383078670336
1520029650755411968
1520027363874119680
1519833853719945217
1519752549959712768
1519749289689366529
1519743690687844357
1519740822660562944
1519705642730143748
1519689945287438341
1519682183744610305
1519677325507497987
1519665796301082630
1519427618201812992
1519398411396698118
1519386802347458562
1519335327718154240
1519321421566074883
1519309431531520001
1519309177348411393
1519308417038524417
1519067796839321605
1519029902833602561
1518997226307137537
1518985770048135168
1518982908161183744
1518982660839911424
1518691474581372934
1518689982638088193
1518641166954160131
1518629824549601280
1518612981038436352
1518606697455132672
1518600745993580546
1517909080802828289
1517207424423366662
1516776658283507716
1516447226880577536
1516428437493366789
1516418532443140102
1516400207038144512
1516134812632948736
1516111439110545411
1516066580903432207
1515717757911851015
1514989764876902407
1514958969005035523
1514683616277708809
1514624744385126400
1514621120380604427
1514619708816826378
1514609401394475016
1514339039201181697
1514272673127440387
1514270566018080775
1514233050535809030
1513977125900111889
1513897303714709504
1513894370503802885
1513893503683727369
1513874735251263496
1513872617215774722
1513867578237665292
1513861404012470273
1513577885231067137
1513152881137967113
1512498804553142275
1512489984376332290
1512435789438898177
1512167439471190017
1512161639214239744
1512081872024576014
1511857450084970501
1511829137698209796
1511829116152131586
1511820739372101632
1511816570829512708
1511813723836620802
1511808670752989184
1511804053784870924
1511800986570002441
1511791539869081609
1511750382053208070
1511750284237750272
1511710986704719873
1511458323324932096
1511430177062010881
1511416287607631872
1511363326118346755
1511327807686823943
1511089888430637061
1511089835737554945
1511024891943870474
1511022498283986948
1511008104237871107
1510995501356916737
1510965414456528901
1509977067517100046
1509948516067692556
1509926119973310476
1509915791717814275
1509897679626776620
1509896205077262375
1509895425326788616
1509645569932808204
1509641300878016519
1509624098313408513
1509623594497810434
1509620773438337035
1509619932912394243
1509614102204887046
1509601709303160837
1509546388379557893
1509537017864069121
1509273089561042946
1509268645352030216
1509221778761076739
1509218590792482816
1509218039690104846
1509159656295383048
1508925794868940800
1508917033592836103
1508913444359221249
1508897903758225420
1508879995741130763
1508833630516350980
1508817422379364367
1508517227762438146
1508500504082583564
1508439620492664834
1507443520470233091
1507417031519268867
1507386830915837977
1507341531484770331
1507054638930878499
1507024443561889797
1506979144885809162
1506736299591544837
1506692260095692800
1506662061316657168
1506645063140524036
1506643740022161419
1506616756189765647
1506329864688836608
1506299670691139584
1506254373139070980
1505967476911136773
1505946399069851655
1505937288005570567
1505891989144805377
1505007775033790470
1504809388791504901
1504547413629059083
1504526842253955085
1504518103329353733
1504504304052408321
1504486806602981382
1504482693358137352
1504477026517889031
1504452255088582660
1504166300385480712
1504144625552011267
1504143923337641984
1504127449621278728
1504105642168135681
1504096567057424392
1503835199670562823
1503816712184991745
1503803848980320261
1503801522383167489
1503801426061017099
1503797514222379017
1503797470408683521
1503788104016093190
1503742626381672459
1503468045209161733
1503467689557336066
1503462170088161290
1503454236025233421
1503452161681858566
1503446680649310210
1503394981205135364
1503383678659006467
1502691552308736001
1501976468091457536
1501968181711323144
1501927699576729600
1501702491926376451
1501661622061916163
1501645346484764683
1501599437352751107
1501582467219828742
1501569077109833728
1501542635193782273
1501486619349684224
1501382049902510080
1501273070991982596
1501234208563412994
1501220612899061762
1501216660811878403
1501215100396613632
1500961797439901698
1500958298828427266
1500935547107299328
1500906870097203209
1500844129504350208
1500839488955760643
1500222966612770818
1499824118774091776
1499797367704457216
1499791935082569728
1499777911657840642
1499749785166827524
1499517431596916750
1499515876428632068
1499515640742305792
1499504183350906889
1499459709178417164
1499103290277179394
1499082204479172614
1499032933163753474
1498846348904439815
1498845775958269963
1498845335057313792
1498773932018647043
1498766838657957890
1498757277871972355
1498728472356831240
1498722361629052929
1498671155397513221
1498671005996355590
1498410437905465352
1498366306785050625
1498353917045923840
1498347760889831431
1498347517586640897
1498296939376304133
1497309781744238592
1497309671433990146
1497292906247475203
1497287151893065740
1496932567123173381
1496894964416102406
1496862134080258051
1496855908961320966
1496588906409697288
1496588786427387907
1496218019336495109
1496213480898281482
1496150659170775058
1496147318248255496
1496136641827819521
1495760226368241670
1495126040716320769
1495080739544743948
1494710801923334147
1494706024661622790
1494691152343314439
1494061431700037641
1494017760774561796
1493983679709908992
1493686239614095362
1493392177870876674
1493391976477216771
1493391667348578304
1493357453999804423
1493356959411679233
1493356733791617026
1493356100384706563
1493355606396358664
1493355088362065926
1493325175399534597
1493269853209341956
1493263302998347777
1493263028036456450
1493244982416838659
1493004561530986499
1492902180042555392
1492563610320650240
1492242734542958597
1492232251479937024
1492213033900326914
1492202108862488585
1492166433555554309
1491969124217638929
1491892072340668426
1491872378762276865
1491853846498455556
1491849473848492036
1491834882384961546
1491815676255903744
1491758389801754624
