1534671369283174401
1534671165494550528
1534648114832891905
1534605566814965760
1534591249650434049
1534581355614556168
1534579958466609152
1534578166626504705
1534569267986833418
1534549598533976067
1534548128912875524
1534252136665686016
1534250827598249984
1534250810850349056
1534250800557568000
1534250767372238856
1534250753740636161
1534211198547369984
1534190476424888321
1534181832446599169
1534150729438486530
1533947071425912834
1533945821565177863
1533870943747158021
1533852336589766658
1533831569986707456
1533432007291809793
1532472228448722972
1531739627765305352
1531729172573392896
1531711991257219072
1531669149675560960
1531664665373188096
1531664593608663044
1531664525258260486
1530263710685704192
1530197356955807744
1529204824423731202
1529203300117233664
1529173378158014464
1529092772925427713
1528890157050437634
1528882219930066947
1528801893119668230
1528792178771779584
1528787247214039040
1528787125721829381
1528780174304608257
1528759591332241408
1528682655595827201
1528528146722603009
1528018948939255808
1527778225845313536
1527722908348518403
1527720281611149313
1527717987708456960
1527672364066119681
1527373215223296003
1527370573437095936
1527365162629582848
1527316703319052288
1527235687174512642
1527042094275100673
1527038071174316033
1527036889102004224
1527023124729978883
1527003251937247234
1527001273911894016
1526993126782558210
1526990782762307586
1526990465408565248
1526962495214297090
1526961516590911488
1526945842984263682
1526928678562799616
1526683835462819841
1526664781167460353
1526660004685684737
1526644375144611846
1526643854073548801
1526643322038669315
1526593508714369024
1526559098912874498
1526299686461644800
1526274000623702029
1526261113981227010
1526257147901890562
1526257129765621767
1526222692528975873
1526216857862250496
1526210735008890880
1526208074226204672
1525184968070160384
1525184114504130561
1525183864980766727
1525165352568639490
1525143278089281536
1525138959638089737
1525098089450807298
1525078076073381889
1524865380031905804
1524838611610390548
1524822968857247748
1524819981652922369
1524806603563749378
1524806430951358464
1524805362393677825
1524770215246151681
1524766611978309634
1524766093944004610
1524765638643789825
1524759211451863040
1524749648547782656
1524746362969067521
1524735303466065921
1524722357595742208
1524718803027955712
1524557505208197120
1524507060695621634
1524499252814172160
1524489102149648384
1524488130375655424
1524488085588877318
1524483617501679618
1524483597335465988
1524483579299909646
1524480277296394240
1524466465323245568
1524459861488156674
1524459836808867843
1524454513272315904
1524454511997296641
1524454510516711428
1524453375785553920
1524417044103454720
1524407585423728643
1524404493210767361
1524402773390942216
1524393213280366593
1524391347901325314
1524388302157139976
1524213650189430785
1524165573655117824
1524163463332909056
1524090026153418753
1524057485513998336
1524057408963694593
1524048241859477505
1524047546980700162
1524042437718597632
1523694966303690752
1523415347109384194
1522653504464171020
1522637669716705280
1522614156771434497
1522614107974909955
1522614005180813313
1522576570132713472
1522394042612555776
1522293130640474112
1522292255075315718
1522292202986168321
1522254396003950592
1522249806109941760
1522249787751518209
1521939397414952960
1521932669856235521
1521913224781873152
1521875302259044352
1521872394444492801
1521515648517562369
1521297276802641921
1521162403345543169
1521133667065774081
1520540148932521984
1520105539300175872
1520080766541172736
1520077705374543872
1520073804856369152
1520069733705469955
1519744466629844999
1519729732916547584
1519728209646039040
1519725557642145798
1519721525749989377
1519699248153088001
1519685180440682497
1519672233769283591
1519489381853282305
1519393531697192961
1519385402867695616
1519357213567066112
1519337893378068480
1519337530872807426
1519317292236091392
1519071785123299328
1518985114969124864
1518945024628690944
1518942302131130369
1518744349345038337
1518744252406280193
1518743327964807168
1518722920352260097
1518702770479583237
1518667107319398400
1518638393458102272
1518630108965314560
1518602550353829888
1518596716278296584
1518577607780061186
1517566190490689544
1517525844671049729
1517525830137753601
1517293655366770688
1517249666982764546
1517221092510863363
1517192370491637762
1517188131224788993
1517161508475744256
1517151547787923456
1517148468661260293
1516858154222559237
1516831592156700679
1516809896473382921
1516517557896892417
1516474905877000195
1516458398107291664
1516202251072815110
1514750267312459777
1514737255465865217
1514679394136121350
1514672594213126144
1514669308852506637
1514654045385941000
1514646185407098885
1514640570714632194
1514410795903459334
1514270803872960520
1514269323921088517
1513998430116450304
1513994605729140738
1513933718141952004
1513892807999696905
1513889610891415570
1513863100218413059
1513861031935852553
1513860716234694659
1513678701162123271
1513614089796337671
1513567166842511361
1513545228803874819
1513530348747071498
1512470832521564160
1512156521689354241
1512151674537840645
1512138802172727297
1512081745578905600
1512080113264852992
1511809183083073536
1511800858928893959
1511793868215312391
1511783891148939264
1511765477101641735
1511755142273581060
1511734296746332164
1511413865279590406
1511368943256154113
1511364163959984137
1511358639998652422
1511349210150543374
1511074169135542279
1511040159755689985
1510993526829498378
1510984681478569986
1510784356637417472
1510302558799249409
1509984042921386001
1509918765156294661
1509917938123481108
1509623623673384963
1509622763719471118
1509621268039049220
1509614835302027264
1509581891829223429
1509581800036835339
1509555359173783558
1509554867043504137
1509552254570881034
1509549588688130058
1509323876790059009
1509280464414158856
1509213314873765889
1509213232078245896
1509177625234874369
1509176714424901633
1509171999607775235
1509170435820302342
1508893100500045840
1508884404411719685
1508845565265723399
1508801209947365378
1508795776843108358
1508607072027529221
1508600859390791681
1508568832205590530
1508469151899299853
1508464868764049426
1508464336255303692
1508464084903206926
1508449300237455370
1508086428227485697
1507117780000256002
1507093840297140233
1507055178146631686
1506709428376121344
1506700619515629569
1506670284018966529
1506653289223495690
1506376332443279372
1506305209093525509
1506297493654548497
1506007486557569029
1505984416652447747
1505978505351286788
1505971952909004804
1505709594781306882
1505618954336800769
1504997110923599886
1504993279741419522
1504855559840874502
1504841447404707841
1504840803436437506
1504835692060454920
1504833546137092097
1504823123681726467
1504509479882219526
1504495232993435653
1504451205736677378
1504277806888411144
1504262218732478464
1504153786406817795
1504147531709952000
1504147360536010756
1504136729862803462
1504135146471047175
1504131321907630086
1504118257401401349
1504077231064338437
1504059804607778819
1503846250470387716
1503828283531665409
1503825192715493381
1503808194283454470
1503804140597747719
1503797420265717765
1503795988963774464
1503795543990018051
1503769391040798720
1503761416095940608
1503452114248470535
1503451767379537937
1503449984804470797
1503418015660052483
1503417996068495361
1502668574443421701
1502668530747125761
1502668513101688836
1502385087219912708
1502361288198000657
1502359886193205255
1502312176148750337
1501944115004514306
1501920533583212544
1501675454360657928
1501666515426459648
1501633908345032714
1501609253299183622
1501606928216117254
1501605281234624512
1501604230628622347
1501601768282730496
1501601370348085254
1501600871238574082
1501597854296686599
1501596560962072582
1501596059855900683
1501588547438010373
1501324443230130187
1501316589664149507
1501293671693664273
1501287666951860225
1501276923611295749
1501247323405434884
1501244425690918916
1501213348351954947
1500976774100013057
1500938547137847300
1500894758578831368
1500892385689186309
1500880753198084099
1500873092041744396
1500858786038353920
1500504909652836356
1499859263547707397
1499854013852008454
1499795061822959623
1499794217580830722
1499741322567110656
1499407621094264841
1499403579005804546
1499185173786726402
1499112246156439561
1499089558570479618
1499089502203256843
1499076600360587267
1499076264212238341
1499006601230962694
1498863388667138049
1498858784772476931
1498858513371643905
1498858478126915585
1498856666397388801
1498855568177512449
1498853405472837632
1498852289771098112
1498849734286585858
1498848841164075023
1498848424048959495
1498847721096110083
1498847084526678016
1498846982886105090
1498844929845563393
1498844113424240648
1498842577969233927
1498761953073897477
1498758269137039360
1498730900468686848
1498725034277416973
1498696962706743298
1498670295007350794
1498667247149232136
1498666166281199616
1498665283074072577
1498380151352184833
1498379128105582593
1498342720930299908
1498341255834701831
1498338798844981258
1498334766663405573
1497324474860982277
1497287982134476809
1497282867604373513
1497262559212228617
1497257487313035266
1496880815619416072
1496842807083876352
1496834184429686788
1496517672674201606
1496517364061507585
1496516053953925129
1496476184837869573
1496215422953271304
1496153414585180170
1496152904104923154
1495788890980073472
1494731657504567296
1494688383511244802
1494458726509694977
1494451870164828171
1494440573377339396
1494440529886593031
1494418109259780096
1494416145457287170
1494415790623399937
1494042610075410433
1494031349895905283
1494027611139366913
1494022516288937986
1494010841888342020
1493998498601218048
1493695634498596864
1493652088316100610
1493634635368173574
1493633178044706825
1493626168200859652
1493623863258894341
1493423062498390017
1493328140789297158
1493328055498166274
1493327594275627019
1493272718652936193
1493265121744990213
1492923752119783428
1492596124317896704
1492546877862121478
1492376900102242306
1492271766294704136
1492270831891886090
1492223306568712192
1492203043198316544
1492203014035279881
1492173112749797392
1492135399099142146
1491887604672913411
1491887526503763968
1491818106045480960
1491808124063342592
1491808044610641926
