1534628365189136385
1534612619927093248
1534557826856767497
1534529398472380416
1534294068947214338
1533829685280489472
1533533748918202368
1532773358437269507
1532755712509616128
1532470631664607252
1532401297915363328
1531293102719180800
1530934489542578176
1529532036771454978
1529457929509908488
1528488372037201923
1528413377084723201
1528036393775161344
1528011227661848576
1527680685087023104
1527315385254436873
1527288190343647233
1527005704070082563
1526941489581916162
1526578136510504960
1526273229626679297
1526219215664992256
1525170257920286720
1525137830598549504
1525118919186362369
1524860127832162307
1524842261057523713
1524784895066775554
1524766566864277504
1524733190312800256
1524473497984057353
1524446556866461697
1524431382465945600
1524408793949421571
1524082097010446336
1523688212514107392
1523671128954138624
1523383986772271104
1522987121887399936
1522654751896260608
1522614700776767488
1522606038192689152
1522567460381237251
1522315666283540482
1522299446071115783
1522285360021217281
1522272435390881796
1522251388012711939
1522214983295062017
1521955674393096192
1521941894640865280
1521926145935130624
1521910911744753664
1521900742612762624
1521571444878159872
1521495678127677450
1521226416125263873
1521133792890695680
1521123594935410688
1520881748879368192
1520821099491217411
1520761204620156928
1520447897820712960
1520397810100695041
1520127529201270784
1520095188219224064
1520062420407963648
1519749305665470467
1519705328295813121
1519692120436756480
1519673314192633856
1519428089587159041
1519380225884315654
1519294121357332481
1519076120217460743
1519072192067166209
1519040764017364996
1518647571748691969
1518258473095634944
1517570588935655426
1517563248006078464
1517215862557749250
1517204688977940480
1516819043935739913
1516773047390384135
1516514013437435904
1516504364642361345
1516491775480840192
1516477928061935622
1516430732331298816
1516065787043328007
1515356844096561156
1515054099171094534
1514972058530295821
1514708953086758913
1514708582880714767
1514708373207404551
1514707881911894016
1514707842120491014
1514707772910284806
1514707518953562125
1514273322552463360
1513959752069521410
1513918323762814982
1513918052819214342
1513907737205354502
1513564788240134146
1512824659112128512
1512438498594332687
1512130052842041345
1511813160554143759
1511769773486526468
1511724462131003394
1511464474758287370
1511454360668188679
1511454327134642182
1511451514476376071
1511451470390042628
1511443338913796097
1511432944795242505
1511334024110874636
1510647563237662722
1510345824953257987
1510269824236195840
1509909298876493831
1509894632414588965
1509526646088343567
1509519631039434756
1509510934276055042
1509268007335469061
1509224532908949508
1509166245383442437
1509151597451960322
1508943334173196297
1508930835218632714
1508910924303843330
1508856614601859078
1508460576233689089
1507405011885727746
1507374440224595981
1507362920220438543
1507074771938267139
1506998770583707649
1506696950430773251
1506625805698404361
1506393689203130368
1506314763483197442
1506298905906102291
1505932005338451968
1504457487730331652
1504208645999009794
1504156146239737862
1503835823862693891
1503798736190951426
1503788416127094785
1503779216835452935
1503769078871339009
1503713033583050755
1503502075698814982
1503404007460679684
1503394581777465345
1503373726821371906
1503094041218494464
1503034398353985537
1502989854967279620
1502746501222608896
1502685599957860355
1502638036819001345
1502436622784155650
1502367023069814784
1502335594994843653
1501941987594825731
1501923827328114695
1501713192845647872
1501701796494037002
1501691084723924997
1501685479007211522
1501679259861102594
1501324609785761795
1501324345355943943
1501313520574648325
1500958360501432321
1500932137083674634
1499884667465523211
1499748457673895939
1499501421024194560
1499427140139466753
1499410560915542020
1499388879572459523
1499158226381721612
1499085782807724037
1499077604544032772
1499043330986020866
1498736354158645255
1498710258809815047
1498673973344755727
1498656367535697922
1498435445117657090
1498418862169149441
1498410474232295428
1498061631565307908
1497993431989178369
1497934795992539141
1497624249716162566
1497577944369168388
1497325979735314438
1497245010391179291
1497235763934597126
1496505276207357967
1496250952592015365
1496237266385125376
1496193966936580105
1496162139526029320
1495875537918697474
1495804739161927684
1495790078169427981
1495440862544896001
1495119746718584835
1495050792755253254
1494722126607110146
1494678589773467654
1494358357888671749
1493998504863145984
1493977982049787906
1493625148280295430
1493265025376546817
1492941644588470273
1492502500942905347
1492245306209030146
1492201014384107522
1491890163093577732
1491875521017352192
1491794078115119110
