1534239663111778307
1528816869473492992
1527307806688223235
1527059709106212864
1524818579073519619
1524479455183392768
1524103294611820545
1523695702446153730
1522629035402088449
1522306800938323976
1516152342864961539
1514681294206259206
1514318962091339776
1513988119036637189
1513921649019703296
1511804560674893830
1511455726866157572
1511398795191402499
1511107583649759244
1511087555038568450
1509956004670316560
1509647186006577153
1509246992844738563
1508914881180975105
1508869572476256263
1508838993181523974
1507048764493774854
1507021961012068359
1505961732736524292
1505051899120300032
1504815142885855232
1504537500068495362
1504505528164261891
1502327676736004100
1502319187863220232
1501967260281614336
1501696156245626885
1501630798981652481
1501229921275977735
1499436120882528256
1499142350127386632
1499097750356561922
1498873669191454721
1498826386265546754
1498749571899531265
1498705876693180416
1496899250214809601
1496899248847134744
1494392276017192964
