1533833347901841409
1533491171074445314
1533194940104200194
1532836495370887169
1532736337736093697
1532466867931078664
1531732614905724930
1531689266509660161
1531261521996677120
1530198697547644929
1529229957070696448
1528766299203149829
1527759917288935424
1526968408155226112
1526934582225948672
1526657121797955585
1526588651890778112
1526572025623588864
1526237602365456386
1526221425501151232
1525221956215259139
1525188772421373953
1524860877379452944
1524846622747901952
1524734031723589633
1524520572012666880
1524503629222268929
1524419942602452992
1524376021130268674
1524109517595811840
1524093229217587207
1523717016393187328
1523302403629621249
1522993364378996743
1522313701839282177
1522269529107222528
1521883228168146946
1521302179809832960
1521216654746820609
1520093894054195201
1519815654043529220
1519678066267770880
1519370639932596225
1519320235509170176
1519317650672955392
1519297301369470976
1519039721057435649
1519024925524348928
1519010798483431424
1518990444415307777
1518967732108156930
1518690756768239617
1518672152639250432
1518660546509385729
1518646350740705280
1518623038241189889
1518608727728967682
1517953408581484544
1517636246125920258
1517557116357206016
1517490965212192768
1517256281031073793
1517226933058256901
1517188166423396352
1516815940004024328
1516780954278404100
1516516106608984075
1516443446797606912
1516141106039300106
1516102069920407558
1516069726182682630
1516052878758133763
1515679363513081856
1515078101755170816
1515009152107618321
1514966907522203651
1514330022512791552
1513877981734875144
1513109443008872453
1512441127802183684
1512177159581937672
1512089875390074882
1511495983099744260
1511439663751479307
1511430229738283013
1511118545001848837
1511066601793150978
1509910544584781830
1509261088474472449
1509228943076995082
1509182812049620992
1509162140900470788
1508915167328980997
1508507734399983616
1508458003783114760
1507416254965227520
1507380809350717443
1506714900848156673
1506706162229686283
1506669362358501390
1506364531555160066
1506337412712128525
1506318985087930368
1506304762001690624
1504138971110162434
1503802862949879815
1499426474784436224
1499154996914442243
1498857625605259267
1498849877278834688
1498805440032956419
1498765360841072642
1497298344640749577
1497247299147341831
1496925105515073536
1496845420504530947
1496527833937719300
1495807644417900554
1494793601699692550
1494777293381808136
1494410239390760964
1494054191228194816
1494030727712759812
1493754501697789952
1493684319747031045
1493652698830446592
1493340997018865672
1493302454774992897
1493015316363890688
1492280014791974921
1492221227838156810
1492151140955348993
1491875603917778953
