1534607481523122178
1534540103376314368
1532577859331452929
1532154710047617024
1532054067270193153
1531313419944488960
1530322422922153986
1529553564569305088
1529503149266022401
1529263456821555200
1528076135766323201
1527718286691115014
1527323413844754434
1526965156072275969
1526957171052797958
1526924256571006976
1526620981678288896
1526567507297021953
1525499006960402432
1525270148583723008
1525165082627424256
1524818314849136642
1524465991517970432
1524390389024759808
1524060245659635713
1524035613258833926
1523735590679711746
1523055635369185282
1522614363600920578
1522318826125373442
1521571132897476608
1521271344280883202
1521241079965700097
1521178783700684802
1519707141225000962
1519681526379778050
1519373024545361920
1519320399422672896
1518713528932306945
1517876704877981698
1516835827954896898
1516449609677037569
1516128094368763909
1516078611618533377
1515690400241139725
1515121092549136386
1515049998957875209
1513955586035138568
1513606666062868481
1512494640406188037
1512133376320413696
1511824684848922630
1511810274004721681
1511434928701022214
1511418761215152130
1511347045629628417
1511056633241214978
1510242350878056450
1510047754113982467
1509923528673533969
1509876950243938308
1509701675451355136
1509620798524313601
1509603415055384585
1509263031125037056
1509245043114131465
1509196390769045511
1508967021953826820
1508901546968424464
1508822301537677321
1508809459656704002
1508591074104725511
1507423180402606124
1507071958130860045
1506978504977625094
1506734541007998985
1506308274005717000
1505983544232976398
1505947715540246543
1505918310822600708
1504942746230001674
1504833942041640962
1504540026050428930
1504172792593453058
1504171650690043917
1504099777449013248
1503819094671474692
1503756008207826954
1502335870468341761
1502298746327080972
1502290724972290049
1502284527879835648
1501929728566906889
1501769017710854146
1501601995714613249
1501373730093735940
1501313328244662282
1501293797384273930
1501215257984909313
1500989652697849860
1500946755197800448
1500170139513274368
1499802206643568646
1499500381965066249
1499484594789306377
1499396289787830273
1499203705828225028
1499147346722148356
1498858060466565125
1498852728860254214
1498852453646839809
1498849708609048577
1498817595729924097
1498728430996762624
1498411947498291205
1497241845964972045
1497232515479871493
1496943333947715590
1496943238133198849
1496583016205979654
1495789659548495873
1494340619615051777
1493433748825821187
1493352232741486593
1491890212968046610
1491846941491306496
