1534567532245417984
1534328621678088193
1534270800957669378
1533837979155943424
1532831830587629568
1532798082731102213
1532767132630626310
1532767130470457352
1532483588947693585
1532169864521072641
1532145111974518784
1532145108723826688
1532027628340879360
1531744188240384001
1531261375179366401
1530736479865012224
1530736477419851777
1530715306276098049
1530329094512168962
1529635302905720836
1529562343704862721
1529552950854565891
1529474292617994240
1529291719560380417
1529291717924507649
1529136410476916736
1528583275270352896
1527693787170054145
1527096971042902016
1526781088894533632
1526714154744221702
1526714153494360066
1526691278985039872
1526635412910919680
1526618329980588034
1526369563927056385
1526200627885268993
1525675580858957830
1525623640980656129
1525498620635660288
1525228084613599234
1525109549006569474
1524778245828268034
1524577659639975937
1524577657966497795
1524532261894381569
1524509671146536967
1524482019463475202
1524392240344350720
1524233213840871424
1524163411378155521
1524139552578932736
1523420411895058432
1522646358615863302
1522582960633008132
1522412230582706176
1522347045998182408
1522346674894614530
1522346673435029506
1522280558851764224
1521884956129116163
1521578323779932163
1521326778794524672
1521326537026555906
1521244000983961608
1520110665754677250
1519895215888338944
1519803675606196225
1519803573168742401
1519803398224293890
1519803396794036225
1519803241042792454
1519803098457329664
1519748997010837504
1519496704810274816
1519482207672451073
1519435029029568513
1519408120010842114
1519067623027187713
1518680903626760192
1518662630617268224
1518458863162429441
1518386353964150784
1518352751243272192
1518113333001531392
1518113331722260480
1518089984309440513
1517632208059568128
1517632204834103296
1517631948335685635
1516963131456643074
1516244320038244353
1516179385866506250
1515716438274850822
1515095416156606465
1514718817741590528
1513533453727326211
1512188337880244224
1512165032481771534
1511886526665437193
1511875307241881601
1511843617559691269
1511838451947212810
1511774736686235655
1511757235785019407
1511757234447003654
1511545797111861253
1511127276309647362
1511127274896207883
1510974231529631749
1510054911534411782
1510037631350018048
1510037629127073799
1509351683372900354
1509275925539606536
1509208998553268237
1509165285953126418
1508958255720157185
1508958224992645120
1508544832788176909
1507524122036912134
1507001753413337092
1507001752121397249
1506812008317997058
1506764537454018563
1506764535818031108
1506618151999614983
1505923020107489287
1505923018165571590
1505608743790202880
1505593265592094724
1505258889926828034
1504857581449318409
1504822242789793796
1504564524569055238
1504541225424199686
1504269476107333638
1504216012413145099
1504216011125497856
1504139385851326466
1504083907511209985
1503914269657767944
1503898995315421184
1503856642751926276
1503841420385394697
1503499273434021897
1503410677775572997
1503076874192314373
1502689435388940293
1502454738977234949
1502454737421090822
1502454735894454272
1502003732694847502
1501948137589461001
1501741285778116608
1501704176799264768
1501564780942970887
1501423263527936009
1501330940806762496
1501330939154214913
1501257271208144901
1501230342560116740
1501230340488138752
1500255551363719175
1500255549715369991
1500145111509970947
1500145110142574595
1500145108892663809
1500145106904567810
1500135870506188800
1499877505553117188
1499866274200961028
1499541829615771651
1499506773811728391
1499483835347656708
1499444396630106115
1499097916807561221
1498886198093299713
1498886196839206913
1498829729801117699
1498796734885072901
1498793743994003462
1498758781433524225
1498708635513495552
1498708633563156481
1498701311189012481
1498495331851456512
1498495081107628033
1498092553375260676
1498075530519797760
1498075529395810307
1498075528171069442
1498075527147573253
1498075525641818113
1497761914876616704
1497617346709569541
1497487620494004229
1497449543067131907
1497449541104070657
1497342772403134469
1497325120582471684
1497281224456429571
1497062826439061504
1497060347030687763
1497059913570340879
1497037193189240839
1496964664344911880
1496909815456669702
1496719212118691840
1496561196257927171
1496561195050020866
1496561193309380619
1495177419350851598
1494805142910251010
1494739896770125832
1494691338654257152
1494691337173708806
1494510808742645789
1493664801142321160
1493255716106391557
1493255714999046147
1493255713757573125
1493058710729596930
1493051350954958848
