1533825621285126148
1531835975957204993
1531023881250783233
1530219292482015234
1530218392652861451
1529798347762151426
1529798168031944706
1529796936714309632
1529796754887135238
1529555972393508868
1529453001605320704
1528780894382788608
1527650763849224192
1527290304226660357
1527288766812942341
1526598905424752641
1525140185343791106
1525126254894227458
1525125410564018176
1525124986440396800
1525124360612331520
1524786925525155844
1524786413564305409
1524785333967233025
1524467879860740097
1524021666514362370
1523711404020183040
1523354032739258368
1522931544809222145
1522930948874121217
1522591772341415942
1522268103803125760
1521873428436987907
1521560638727901185
1521559842007265280
1519430914736013313
1517860983540232192
1517526109033795585
1517524359979708417
1517523926603247617
1517523455784148992
1516511067710672902
1516510609482948612
1516510315160215556
1516509986679148551
1515066930310299655
1512807547224350729
1512475550962569218
1512474797451755525
1512473520349003778
1509604345372889088
1507385390017175555
1507384802349047818
1506695406914265089
1504222473780355076
1504221932224397314
1499174539963547655
1497250366769057794
