1534684139881889792
1534679966625013761
1534621285908627456
1534607455979724801
1534584811008020480
1534555033949417473
1534551218823041024
1534540980388614145
1534527216654114818
1534523921818583046
1534328111155888128
1534304202335428611
1534257410637979648
1534245114335444993
1534245112812867584
1534232767386509316
1534194408857513985
1534150227137110016
1534003473007656964
1533988373911818241
1533922938285658115
1533916732645048321
1533916731219103744
1533878941118758914
1533860827555672066
1533846707112497159
1533629868558237697
1533586973729996803
1533531626822680578
1533223332207902724
1533206808831082503
1533184331203678208
1533142798198767623
1533105058031624196
1533043870711291907
1533043869503438849
1532878561656332288
1532863646094835712
1532800269590925314
1532800268504555521
1532767060941479937
1532751137106968577
1532553916625428488
1532532525498777614
1532500818406014976
1532500816061509632
1532470873747251210
1532452900550721540
1532444476567957505
1532429535639130120
1532189849582809090
1532189848261611520
1532139948341592066
1532104874342731776
1532079548354940928
1532051918733844480
1531999787217833985
1531910266874646528
1531829746031595522
1531781705387978753
1531774006029955073
1531763956037066752
1531697505649446925
1531655510830751746
1531380533799821312
1531365094294228995
1531020038404186113
1531006228222156801
1530912173270220809
1530670374198751232
1530611126433718274
1530577696413175808
1530349383606312963
1530308100128907264
1530266348626010118
1530220048303915008
1530009653458903048
1529969387196801047
1529931639723376657
1529907687005245442
1529633825134891010
1529613573013528577
1529607016263651335
1529607014204297216
1529581831368105987
1529553790877290497
1529534027165835264
1529505791316738048
1529493964964913155
1529469394333622273
1529287095344308224
1529267528790331392
1529257542144217091
1529234542858477574
1529213615198375937
1529182989615345664
1529152795483455490
1529120186736975873
1528919977394585600
1528910054279323650
1528891038630391809
1528867130350919680
1528832677209640962
1528529910733619211
1528496043561721856
1528405622093398016
1528393597829120000
1528200236484763648
1528183872202100738
1528133645613027333
1528073364027461632
1528035284239192065
1528035280753725442
1528035270616129536
1528035265754939392
1528035259153010688
1527839108562882560
1527807645696008192
1527783206078099456
1527764139157905411
1527764126952476675
1527741524032774151
1527727114052591616
1527699333784780805
1527440222476197899
1527424001974452229
1527404999621414915
1527401297460215808
1527386160888066049
1527353139371790340
1527331960947118081
1527331954160328721
1527331952851705864
1527118108028194816
1527109112626089987
1527109110499516416
1527101689873981441
1527052674885099524
1527019959951495170
1526986446812454913
1526964555443843073
1526748159560515585
1526728504687185921
1526728503500197889
1526701605374025731
1526671412953497603
1526616529810464769
1526571226587602946
1526571224964513792
1526370673005891585
1526321862917111810
1526261656325656576
1526232532433481728
1526021558971555840
1526021556933214208
1525999299372494849
1525999298038870016
1525999297011105792
1525999295723356161
1525903852612030464
1525891959839154177
1525891958513684480
1525891956550811648
1525857294038220809
1525584666534858758
1525260867134230529
1525208020074041344
1525181626984046592
1525147866901143556
1524902513228533760
1524898763214671885
1524820471035875328
1524787227724861441
1524578518805450752
1524561252869152769
1524501702761713665
1524501701956358145
1524501700605882377
1524476948675706880
1524425371453698051
1524401061779410944
1524210365667627008
1524196345808044032
1524193167083462656
1524137206314635264
1524094474791661577
1524029284293165065
1523811308331802627
1523762264179888134
1523697996009025537
1523430050439516160
1523349569173884928
1523349567579729922
1523287012924542977
1523068919585853442
1523022374089916416
1522969887701831683
1522773296202330112
1522750574546104321
1522716602126508034
1522686406363168768
1522644914814820355
1522622995117846529
1522324705914630145
1522278717485158400
1522235546025832448
1522037120562573316
1521993078571212801
1521976722199130112
1521976721091833857
1521976720110362625
1521976718134755336
1521976711008641025
1521976702955577347
1521976698077597707
1521976692381782018
1521976684941135872
1521893687046852611
1521870717737967626
1521852313920495618
1521648165023322178
1521648163534381056
1521633219589853186
1521607203257569281
1521547331040165890
1521492090047406082
1521452225301819394
1521302559675367424
1521255728543055875
1521229299449270274
1521209165611520000
1521188951486255110
1521175616661463041
1520941155491405826
1520882007101870085
1520805251015708673
1520548564346314754
1520485662511845382
1520412881740783617
1520222665008730113
1520168571682398209
1520119489018351616
1520081245161590786
1519845181197017090
1519819289808752642
1519794804078563329
1519794800106643456
1519742396027789313
1519742395067383808
1519723491670597633
1519497892863651840
1519482245152747520
1519434971928313856
1519413858808606731
1519413612548341762
1519398526140260352
1519363252794363911
1519341215187091459
1519107824332288002
1519066302849105921
1519029816619642880
1518982821674639363
1518764308104159233
1518731588728668161
1518700134309191680
1518681687688986632
1518637767097569280
1518637764765495297
1518631607661473792
1518622134964269056
1518614572160200705
1518607036132569096
1518590449287528448
1518304902149255170
1518024435667771397
1517984162875162624
1517896870017781761
1517896868667305986
1517885933865123840
1517718798102679553
1517718796626284544
1517689724214943745
1517667709202358272
1517295879308328961
1517269470154211328
1517211204128755712
1516960053475041281
1516922187940343808
1516873098678652929
1516806613524434947
1516592150443700226
1516540904873639948
1516469236671164420
1516212502064996352
1516177196599160837
1516133224929497094
1516099598766460938
1516059596804272131
1515852618102362118
1515676873849819140
1515529237893103619
1515483665115107328
1515483663810674699
1515410650088058885
1515141975921545218
1515091352467423236
1515038505826721797
1515010820056485893
1514993483869732865
1514800769848946705
1514766718865793024
1514732753593548803
1514683679020359683
1514649694428930056
1514635653052616709
1514608183897075716
1514573981671727109
1514424196486643713
1514418169271758854
1514395507732402182
1514360383007567872
1514325102787244037
1514265044590252039
1514265043701055495
1514240986557423623
1514083472175996928
1514053268325941255
1514026841031553028
1513993652586094596
1513993651361398794
1513957262414516226
1513902337114394631
1513638265538162693
1513619116015378439
1513587129338810379
1513586788048285705
1513578518386552847
1513578516176068614
1513541401069461510
1513245572286885891
1513161132294430720
1512977425742934018
1512939675278888964
1512898256241672207
1512844352476831754
1512584838259384325
1512471479371317256
1512207496395505665
1512167084050034697
1512144341124460555
1512132513094905860
1512117997615341575
1512102908447412239
1512074482382299151
1511882707546083338
1511844964480827399
1511811219505700864
1511766949415505931
1511748662053027843
1511700310703628293
1511527869008199687
1511467475057225736
1511446362298138636
1511407081525583881
1511392799714955273
1511392798838333441
1511157938014015489
1511151349991362562
1511128856249442304
1511128854127161347
1511101522196811778
1511048501215612930
1511003223141855237
1510791777988534276
1510756539174371331
1510721921972948994
1510697399685206022
1510648576443047939
1510445742812508166
1510415801228091400
1510402957766017024
1510312361109954563
1510271241151815687
1510063220345741313
1510024214509723657
1509987065689214980
1509987064682618880
1509987063566897154
1509970108269178891
1509955360186056704
1509955358974001164
1509886642995269651
1509690775046664192
1509667069251497984
1509651208016994308
1509619559208210436
1509591969441406977
1509591968367751171
1509553267507875848
1509340962904064007
1509313280032002050
1509294100050321408
1509274514672267264
1509248235524833295
1509206374219137028
1509190421754298369
1509188720544653322
1509166738394472449
1508959697109454853
1508948372505436168
1508927323940298754
1508898534052954113
1508867844506894339
1508858929312374790
1508829235082899469
1508829232163692552
1508829229475106823
1508829227004710929
1508829224513282049
1508829221371711501
1508829218553139203
1508829215906488329
1508607375430795264
1508575923347595268
1508481601872740352
1508238699657670657
1508183333208997889
1508116645977460736
1507858694498881537
1507749515373260800
1507749507408216064
1507522857454219265
1507502804759465986
1507470618186645504
1507447517939699725
1507425557016989700
1507103726053560320
1507063878202662918
1507044584295215119
1507020683183853570
1506979215148822534
1506783697047109632
1506783695960776705
1506771531220893696
1506731016219762707
1506731014839836678
1506718687482593294
1506676237099536394
1506432229832073221
1506432228657614849
1506390475309207555
1506317749525614602
1506073321779122176
1506036146748506113
1506036145746022403
1506036144651259905
1505976386858668039
1505976385801801735
1505976045425545219
1505936883431391232
1505710898878590977
1505642850612043789
1505619649513365504
1505597675995029508
1505575185004609536
1505358471041937411
1505281225182920709
1505281223958179846
1505019961290407942
1505013697927856133
1504992312606216195
1504959593587384320
1504931915480059907
1504911779801055232
1504882840604917765
1504858927070121985
1504838897343287296
1504645019323535360
1504615304122486788
1504601258946146311
1504601257843081222
1504564336290902024
1504564334877368325
1504564333690429440
1504522371457236993
1504500834993905666
1504488302677741569
1504252434654367746
1504244252414562307
1504232857258110978
1504232856033415172
1504209020919455750
1504205342191898626
1504205341239783425
1504205340203798534
1504178245691924481
1504130853596766215
1504086199866212360
1504086196456153091
1503850955338616841
1503850954109730828
1503850952947871755
1503850951781801993
1503850950670397440
1503850949500182529
1503850948292222985
1503850947189039105
1503850945985265668
1503850944811118592
1503850942604759046
1503850941241561096
1503834686937837572
1503785659009585156
1503751398516740096
1503536621723000842
1503510042867388426
1503481610200653831
1503446404743708678
1503446403384807437
1503174188185624578
1503041957827915776
1502766559206559751
1502676220466638858
1502505287902765059
1502475117187813377
1502436717130878976
1502400233543667712
1502374119672852481
1502374118263595008
1502352038130290699
1502320371336466440
1502102415117631488
1502091946621292567
1502045391520468993
1502011891626954756
1501977749954744320
1501954778036903937
1501776356669067268
1501776354815229952
1501776352663506948
1501763365311504384
1501763363466063873
1501763361104613378
1501735850467631106
1501701896633044998
1501694180325740546
1501679496478474240
1501641517156425738
1501611949842382855
1501611946038149121
1501611945274884098
1501611943831953411
1501600279606792200
1501391913806704643
1501391912707805200
1501384793866579973
1501338228321890306
1501312703419207684
1501227056130052099
1501205068196032512
1501015052219994113
1500969705397493762
1500943131264618497
1500901643684089868
1500889129265123330
1500598353456992266
1500501787563941895
1500229812337750018
1500172251181760516
1499863516194430984
1499792235977654279
1499767577798656015
1499550378194608128
1499500171201323009
1499500167271231493
1499500165966798850
1499425641757876228
1499402368160460806
1499383361231634433
1499206687915487234
1499200648365195265
1499153771674357770
1499126159958810627
1499093447181053960
1499057628449853446
1499051419609010184
1499051418128470018
1498858900422078471
1498829198286376964
1498819116077129735
1498819115108208641
1498787699414777865
1498780900477308929
1498769911359098880
1498769910230626308
1498743433346826246
1498722511927795717
1498722510682140680
1498705041041113089
1498697142109720578
1498690307612987400
1498682032255385605
1498674850558365710
1498666942122672133
1498402829387636746
1498349842413805568
1498042488451387396
1497987420112965637
1497728191556988934
1497636336592953348
1497423745740419075
1497423744423415812
1497423743139946500
1497423741973843970
1497379646756827139
1497349448732708870
1497314215463464960
1497302888481267712
1497255459757121541
1497232150520909831
1497229078570704905
1497005952784076810
1496979508477505540
1496938424732983300
1496911579295715334
1496906596932374530
1496878442817548290
1496866977914265607
1496866976941101060
1496866976014209026
1496697388232286208
1496697387368292355
1496636334785585156
1496609575784562695
1496568088409653266
1496511436033507328
1496320399382040579
1496304704791490568
1496289233803296769
1496250983655092232
1496218741734092801
1496201895475658759
1496153177657421831
1496153176684302349
1495941601092378625
1495858406560784387
1495775770115022851
1495579185187889154
1495522407754477569
1495450711588540417
1495201627132907536
1495146178580828166
1495088328265379849
1495073222060085252
1494876912338055169
1494875882728665093
1494849223724093445
1494834385165639684
1494822797905993728
1494792111379652612
1494786335068073991
1494763673931460609
1494484335537311744
1494446732792537089
1494420146202587140
1494393766370856961
1494367311075160066
1494326218048491528
1494137509097480194
1494075379757330437
1494050218463088647
1494027567703150595
1493774645497061387
1493744441433202689
1493710467986071557
1493681530467663881
1493671542676406292
1493660621484830725
1493637679858212866
1493637678771941377
1493608608134795267
1493410426029326336
1493410424833941508
1493365639800664066
1493365637598617601
1493346701763092483
1493298121052463107
1493004598738669571
1492902645241196548
1492672381118205952
1492623302682202113
1492566698884575234
1492287703873900545
1492255904825229316
1492197407588818947
1492176508869390338
1491936446621659140
1491914888968830979
1491890979674243074
1491875253341065216
1491570130941353985
1491532678209982464
