1534649814268448768
1534630202084573185
1534596118130085892
1534587873374220288
1534565924237414400
1534543268439941122
1534280987370201089
1534256378285531137
1534236397925810179
1534217033893789699
1534186076989956096
1533886449816420352
1533866065033318401
1533826048688783364
1533803323115053057
1533792407837343744
1532799276744486912
1532753984552935425
1532740924618461186
1532386594560303106
1532355197695033345
1532133813928792066
1532104706104827904
1532045819788017665
1532014105418006529
1531349727924473857
1530340529250177029
1530262561525903362
1530202182871502853
1529937923457662991
1529854877890772992
1529459323981680640
1529175398013083650
1528752614938095616
1527673001625411590
1527386109780664320
1527340810659938304
1527326682197110785
1527303078130507776
1527279764834115585
1527046372217741319
1527001076314038273
1526985974538031106
1526687756797083648
1526676581078421504
1526634908109705216
1526591201792630784
1526321598151528448
1526276296052973568
1526234925854236673
1525189133005557760
1525129575478575104
1524852106871676930
1524841843950727168
1524748688718934016
1524517205974700035
1524502106555568129
1524487521362759687
1524479455732944899
1524446565481562112
1524407733100851201
1524388858829414401
1524086870333919238
1524060624543789060
1523815078851710978
1523807527837876226
1523769780091727872
1523756257370275841
1523732032815345665
1523701832924639234
1523316800162877441
1522690164912390145
1522671290586263552
1522625992841334784
1522589235647332352
1522289305057738753
1522241893895135236
1522229636800856064
1521972948541722624
1521942745333616640
1521897445000687621
1521852159158996992
1521575339432026114
1521573215692369921
1521525332750356483
1521221926492028930
1521217971128918021
1521187774195449858
1521132400587132929
1521121612338241536
1520055314183163904
1519813714484027392
1519802386696482820
1519738220686286853
1519692925067743234
1519669377725087744
1519458491525705752
1519380535491055616
1519375828181655553
1519338077541617666
1519051186799742977
1519013438076428288
1518955167114317825
1518949249546866689
1518937966344908800
1517625547534344193
1517533702347239424
1517209191189991425
1517147337369419782
1516884409562984448
1516793812479201284
1516780161869488130
1516780160124657664
1516767146172375041
1516522025367519243
1516475708066906112
1516461628061110272
1516076588911128578
1516039484693008386
1515706663096963072
1515079557442949127
1515027178743812097
1514994089665650688
1514989422974050304
1514966773812006915
1514957726820052995
1514664789867327488
1514619493305110536
1514332602198593545
1514272209539252226
1514237272127856642
1513970207697608710
1513898600048250883
1513880257501274127
1513607824084930565
1513532327623901188
1512528207441846275
1512445161405517828
1512188467303829505
1512143519061843983
1512130197339975692
1512078014351228943
1512060124113690636
1511813834918535173
1511756876417015812
1511743034018263043
1511720404754202626
1511414617729224707
1511386475635658759
1511101311630004228
1511087031400767489
1511082428739178498
1511051098844508165
1511021870086332428
1510325940345262084
1510044338406920198
1509983941465292801
1509959670508802052
1509908454084861966
1509895110842069026
1509636654390300673
1509596387079438337
1509591083503820803
1509576258631393285
1509561326200315910
1509546061546803214
1509228977478537218
1509193180696170496
1509168579853185024
1508926980883980294
1508913135268229124
1508889561832865794
1508885452690018306
1508843178505424905
1507470812625911810
1507371737893253122
1507077288927514660
1507051138138451970
1507016893688803336
1506998285340495888
1506990486883651595
1506733914269917186
1506698304670814209
1506692250704699396
1506299667474223104
1506016788508676097
1505971250321055755
1505922482322251776
1505631969450725377
1505300302601236481
1505001489185624065
1504910512152317952
1504884017786728454
1504849155419688960
1504812837989933056
1504563223596449808
1504529248199094283
1504517931161448454
1504481956272082947
1504472630384119808
1504436471318650880
1504200954488541186
1504189509608509445
1504160754118836236
1504129733847621636
1504113120230391811
1504091049618284544
1504088481580171269
1504084077338669061
1503824394606497795
1503824392337375240
1503824389875326983
1503824387593625601
1503824385471401990
1503824383378350081
1503824380492763144
1503793156042616833
1503747864966619139
1503718325981007872
1503476065523716104
1503430763915755520
1503408111322816513
1502737314472239107
1502373801794981895
1502358696977846273
1502330945789173763
1502294010609741828
1502032667264663556
1502026508419829770
1502011416089292808
1501960220276318211
1501920899586572290
1501920894188507138
1501694325851262978
1501644205315305479
1501624949739778048
1501624909272915971
1501352141579079684
1501339479881048067
1501311312906887170
1501295840408875008
1501280340601499653
1501262442520743946
1501241902422794240
1501218687419830277
1501201244681125890
1500961995159334913
1500924249602723845
1500901222898880521
1500884419422343175
1500834905168789510
1499869620886454288
1499867282872455170
1499840007955427328
1499804001201803269
1499763033442291714
1499747529256230922
1499498600157442068
1499458863438913537
1499429398612615198
1499394034304880642
1499146278495657985
1499112310429868043
1499085880518082563
1499078973279686657
1499044358364045315
1498839156591677440
1498825275760644098
1498794032989974533
1498785148980002818
1498746046440099841
1498735703928233989
1498693808560685063
1498433318945177606
1498418986626826244
1498411629414858757
1498397665553432576
1498376627201392659
1498334160200601607
1497292963713626117
1497292961566138374
1497253222792286210
1497246082652385281
1497212701914943489
1496931761321881605
1496614789900087297
1496597941829648387
1496586914559889409
1496537841060487174
1496451970776944644
1496243408788144134
1496187463395590157
1496144225620144130
1495414673621016578
1495126038157967361
1494725904756531201
1494710452898701318
1494439014111199252
1494358041654960128
1494333529039142922
1494072848226217987
1494055839094685701
1494038876750368769
1494026019573014534
1493978481432174595
1493684036388081665
1493632333647392768
1493616092794654721
1493363172199251971
1493321650980466691
1493280125143584768
1493224662519713797
1492225832806490113
1491856997410492436
1491814236233814023
