1534658186669608961
1534658181611266049
1534612866627735553
1534606821247311879
1534606761524703232
1534571236881203202
1534299641537302530
1534240894999793672
1534194914950619137
1534179510081540096
1533891358582349824
1533828571893997571
1533433456524349441
1532841006986665986
1532801696543477761
1532750543378071560
1532742285389086724
1532723120947306501
1532708690192650240
1532436472183279621
1532418742273069059
1532363385563750400
1532068445269131264
1532068442806681600
1531732891465555969
1531266680793419778
1530263494553108482
1530263324251889671
1530212250052702209
1530187504288243714
1529926288718409733
1529908539006885889
1529561030430535680
1529530708414418945
1529492696938819585
1529492694317379588
1529458691463864321
1529108065575919618
1528804025994444800
1527378647530622978
1526233737104699392
1525166132864368640
1525166129328664576
1525166125587349505
1524514900466409473
1524505599777677313
1524500940006608896
1524423775525253120
1524382597979283457
1524382591679451136
1523301695526039554
1522684806202462208
1522674608599707650
1521217399609036801
1521217396358397953
1521217392713637892
1521217389093957640
1521217385247686662
1521217382143954947
1521217378390097925
1521217374501879810
1521211271789662210
1520506824226660353
1520506816333025281
1519060091860828161
1519022592719568902
1517516718024843265
1517503502095953923
1517253585431638016
1516889570671214592
1516506850073747462
1516450299145248781
1516110478904336385
1516105631379374080
1515691554857385985
1515072472382676999
1515041476480274441
1515009802996432906
1514994596161462276
1514725924687728643
1514725153300746240
1512454093259907072
1512454078093316097
1512419115528564740
1512142679047614477
1512105399587069958
1509594546035900420
1509378466986274818
1509282113815724039
1509197002428530692
1508915180549414918
1508908230767951878
1508906610709733378
1508906588748320771
1508906541323280394
1508906464190078981
1508902321375305730
1508901455981338633
1508901194009387019
1508901183682924556
1508901163923607556
1508901152477360131
1508901130444677125
1508901056406863878
1508899775109902352
1508899758395514886
1508898873670090767
1508897249920786441
1508897147357388801
1508894441918144524
1508893111413583874
1508893092375638031
1508893074684055556
1508886027452264450
1508818289031532548
1508472662506487816
1504844456570327041
1504517520778313734
1504516155037392904
1504212200579383304
1504161327480250370
1504152242911207426
1504147594787840006
1504104725872095240
1503792876408483840
1503792875330576386
1503792873174704142
1503736490190417923
1502419527912599556
1502370877953953803
1502345250211352578
1502314279898394630
1502288836470128651
1502061384917561379
1501980709459841028
1501768301008982019
1501767191640875009
1501688331796635649
1501674424868683776
1501638997025636355
1501582380343205891
1501556930761961474
1501341867962683393
1501330826390384642
1501317686978125828
1501296379489968128
1501272158672244737
1501238760176033797
1501203732935188481
1500992443126276100
1500991909036183556
1500988310356955139
1500986581146025984
1500986541723824136
1500986508156841989
1500947346259070977
1500926425154695177
1500849774731403271
1499800705791631369
1499522784308965379
1499512650992132102
1499435695982718986
1499435694430769158
1499405528220549123
1499166113011228677
1499164207933181963
1499131447185182722
1499064026193612805
1498853975944278021
1498852463557890048
1498851306496303106
1498848131970174978
1498846536515604486
1498795263065997324
1498787813134905348
1498779310093737986
1498754443348787203
1498720606052925440
1498487902162018305
1498483417205428238
1498462674975440897
1498456354440237061
1498454222051979267
1498453479219765248
1498453454091689985
1498453059835514881
1498453053900525569
1498452518933774337
1498452513128955906
1498450677294583810
1498450077676969985
1498446943806181379
1498446933785866240
1498446927511363584
1498446909907910662
1498445811004633089
1498445790867558401
1498445764644806666
1498445752376381440
1498444547382296577
1498444240401145859
1498440023930245121
1498439869034635271
1498437597999288320
1498437551618674688
1498435552726683649
1498435509860945928
1498431164398379015
1498430616974635010
1498429118421118983
1498429075597189124
1498429069200920576
1498428952808988672
1498427284922982408
1498421237344870403
1498417400177479691
1498411209409896448
1498411167756308481
1498411145744502791
1498411115704995845
1498411057358024712
1498408345031647236
1498408305114456068
1498408048079036429
1498399234319695877
1498397595210764293
1498392990125068300
1498391728688148484
1498389429739741196
1498387506655637509
1498386902084464642
1498382343928782854
1498381260263206924
1498379037022081038
1498378599862358020
1498376240998330377
1498374272225587206
1498373201151381512
1498274285516775424
1498114983472898048
1498093733165871105
1497980574040051714
1497754356904386567
1497697230265876482
1497675205166125059
1497670852866936840
1497332251079622668
1497285977081098251
1497249199699763210
1497231897461760011
1496974495084646404
1496901540925292553
1496901538740150280
1496901536907149324
1496901534709436416
1496630585258909700
1496559822690476038
1496535605538398219
1496169691756249092
1496150615319326720
1495938857799503876
1495861687886528512
1495820546159923203
1495762392273276928
1495469860079521793
1495166961768087564
1495166954725945351
1495082053410381828
1494728150940536834
1494723461306064901
1494460763494359044
1494460762202464257
1494397459379933195
1494352349703331842
1494352346830319617
1494011412254973953
1493998091527245835
1493977653241593856
1493725850780540929
1493640827544952837
1493621587261673484
1493608180479373313
1493423785604784130
1493309849202999297
1493266467399340037
1492655027579768833
1492197117808549889
1491929611193700356
1491901741469773825
1491900732177534981
1491751372278140929
