1533984106123501570
1533978170004754432
1533978167483977728
1533978164703244289
1533897204095664131
1533857409659183104
1532801151531458570
1532775005301493764
1532437643564306435
1532076141569540096
1531783836010520576
1531739090571378688
1531725770938372096
1531722955947917312
1531354802088730625
1531354798901141504
1530942453632622592
1530273923824230409
1530194972745547776
1529838675974045696
1529832272521838599
1529503229813432329
1529503206459547648
1529482408772489216
1529460622341316609
1529234859557892097
1529234858404356096
1529197767092015104
1529160845254705154
1529099194971176960
1528918369264705536
1528918367901519872
1528829475181539333
1528829473038155776
1528570513269960709
1527360566326865922
1527349328120991762
1527348744429215745
1527343267175550978
1527326485195165697
1526979140238331906
1526940318276497409
1526921182985043968
1526916684073820161
1526914087241887748
1526653960106516481
1526642648731230213
1526618311986929668
1526563079399555076
1526555259296006145
1526550537998589953
1526301943441809408
1526281378798657536
1526281209696985090
1526281208031739904
1526281203023851522
1526033405158334464
1526033122155974656
1526032943424094208
1525159785926213632
1525105054943952898
1524837199480594432
1524832194287509504
1524754778592624640
1524751211789963264
1524487533802967041
1524466644655001606
1524461007808180224
1524391692983578625
1524390842298994691
1524390840923262976
1524114557878349824
1524113881303601152
1523733555356246016
1523681320148566017
1523487936179695616
1523287267044962306
1522631322140823553
1522616758963691523
1522211000602267648
1521955765166223365
1521596063643230209
1521591391092187136
1521568047827496968
1521568046028046336
1521568044111306754
1521235647729741831
1521235644223303680
1521222180469895168
1521221342703632385
1521204872309313538
1521193497314869250
1521136387541635073
1520136247976603650
1520130689483563010
1520130685398396930
1520078650539978753
1520047657896525824
1520027596456607744
1519713624431939587
1519681876067336193
1519678687326703625
1519678588739637248
1519663388816814087
1519490192096256000
1519319065759789057
1519313622903701504
1519138204846284803
1519045439881887753
1519043501740249091
1519001431633764352
1517563514994540544
1517545229737504772
1517507235676626947
1515029216026316801
1514973638507773965
1514609963590553607
1514609115611361289
1514324903130026000
1513523344519409670
1513143849698447362
1512141382919634944
1512119199665115137
1512109929611644935
1511782928350687233
1511782927012700168
1511782925142003722
1511723128350810118
1511714489380610053
1511712466648064018
1511705770999562242
1511449136259903489
1511352185744936962
1511346213077016579
1511086272391131147
1511078468624293892
1511032983184187398
1510718924836458505
1510041278855237632
1509972208336187393
1509956775629492230
1509956646394646528
1509952789711147015
1509601836004696068
1509591338605551622
1509235546933141510
1509234309953204232
1509231407440273410
1508912179571007490
1508899171159445507
1508885845281058817
1508870998027866117
1508609555655270404
1507371364679831552
1506742657111973889
1506704475137925123
1506679344764178436
1506458457515470848
1506370849758191623
1506370848562847758
1506370847107424264
1506370842296565763
1505986181191843840
1505964333288890379
1505961446554882050
1505960039026208779
1505951599428096004
1505950023237910533
1505949826319540227
1505933585316036611
1505522855928283137
1504872095938928646
1504516240584417291
1504255172029173762
1504255170930225153
1504255169608962050
1504164229296893964
1504154009543888899
1504154008423915526
1504154007211753472
1504154004439326728
1504150341910249476
1504115153092194307
1503815413335044110
1503806707390193667
1503803653366374412
1503758661717573635
1503720737911320581
1503415138627555330
1503415134529761281
1502042969444175877
1502004322816638976
1501986720459468811
1501986633968726020
1501983369483141121
1501983362810101761
1501983355566497793
1501983349312790530
1501983342354472969
1501983335739969542
1501983328559325196
1501983321995329540
1501949604274655239
1501949602752172035
1501691269894090752
1501605354504957955
1501401777824059394
1501275581312339975
1501250251331674112
1501247028201992200
1501200728299347973
1501010883434188804
1500982847448006658
1500943488187355136
1500943486761189376
1500943485435793415
1500943480348160005
1499482729506906118
1499398057019936786
1499115774862139392
1499046934580977667
1498861630926598146
1498851744507432963
1498770006666100751
1498767501940903948
1498767500032593926
1498767497130037257
1498711901102034954
1498383751046483978
1498382328091009032
1498382321048764418
1498314794662830083
1498139070584786948
1497308149493207040
1497240844545531922
1497240840682438659
1496971664013287426
1496911709805899776
1496904050163568650
1496690077359038465
1496248918736359424
1496223404399239168
1495785035357732867
1494695043394949124
1494349413241823235
1494073847901036547
1493678047836487689
1493672487791566856
1493670707473100800
1493669819413147650
1493631183632142337
1493630316434673668
1493604589974827008
1493361234737078273
1493361233474502662
1493361230710509570
1493312527601655815
1493268099277242371
1493010905529040897
1492206370480926720
1492148400124534784
1492148163565834241
1491902275819814918
1491896883299733506
1491885504400433155
1491839422991638538
1491798993042436099
