1534273540144484353
1531993331521167361
1531463521309011968
1531364337310392326
1531293172122456064
1529240855835557888
1527018885500784640
1525872994236645377
1525872992517074944
1522226358742568962
1521574188968034309
1521532045721223168
1521532041359245315
1520958877319274496
1520958874328911872
1516070047227297799
1516070044274417665
1514698162732208128
1514698161855643659
1514698158600773641
1509952304086147081
1509952302760828932
1508534865645420547
1508534863623774212
1508534861438533637
1508480360212045832
1508480346366619650
1508480323583193091
1506264714468331520
1503723263335321604
1503723260399267840
1502418045389746182
1502418043934330885
1499444722825314308
1499444721663590425
1499444720384286728
1499444719138529281
1499444717846614019
1499444716252844040
1496856123462373386
1495903933008654339
1495903931981082630
1493613008530067459
1493613007330586637
1493613004931440641
1493408270408638466
1493408268848443394
1492886867376852997
