1534605211263807488
1534583772481564672
1534583771307167744
1534583769730007041
1534253531745726469
1534253530567024641
1534226199534239745
1533941839039827968
1533932412534759424
1533856997715615744
1533468540036079616
1533275837637660672
1532817882668744713
1532753983592247296
1532063406966001664
1532063403770265601
1532043497569665024
1531657034730455040
1531633644762189825
1531300903881527296
1530609852338393091
1530288675480813569
1530280262147444738
1530280260046045185
1530280258452209665
1530280256317407232
1530280254748729347
1530236138421571584
1530215316013334528
1529655401053945856
1529591932569235456
1529588055908163584
1529583171741929473
1529554793693323270
1529210221561794561
1529186405372465153
1528913735284232193
1528798673332740096
1528798671084654593
1528798668656197634
1528751652353806336
1528405324750680067
1528027840909873155
1527676918950252546
1527676727492763648
1527407429964685316
1527407195624771584
1527349652005490689
1527349650638143493
1527332996671762435
1527040964920999936
1527040963683696641
1527040962626740226
1527040961087512578
1527031154922110976
1526991544569544705
1526955495029891072
1526682283406675968
1526658923360559105
1526658922022637569
1526648934621401093
1526588031997825026
1526566183700512769
1526351795399761921
1526298533229477889
1526298531568427008
1526234624330018816
1525198892769460225
1525188599032991746
1525158945173774337
1525139172549439489
1524887954023407644
1524868920729034774
1524835417983488005
1524786465682644993
1524539859918102529
1524510555477876736
1524503218075615241
1524490305805950977
1524472818943021056
1524465462679060482
1524192685506105345
1524068494769377288
1524034104093720578
1523803752955715585
1523739582570934277
1523362093801611265
1522667156126810115
1522625830534496256
1522625548450676736
1522574232055652352
1522330327317897217
1522322106897375238
1522303862950043650
1522303859011502081
1522270923193266176
1522269594601275392
1522229635726991361
1522210110285643776
1521924937874919490
1521889413940367361
1521889411511820289
1521888883457277957
1521888880550633472
1521883935483039746
1521644320444534786
1521598117774344192
1521587968577880072
1521574846643290113
1521505349706162176
1521505348221288449
1521200033189793793
1521181661278490625
1520432799265673216
1520093053133869056
1519781546315636739
1519768012030722049
1519728215908044806
1519691809567432708
1519458873886875655
1519425236126556161
1519399678713937920
1519330529342111744
1519079637321715712
1518948406047166466
1518696350732455937
1518661081627086849
1517911181452886016
1517548793931214850
1517545438160764929
1517535496745979905
1517528890377490433
1517528886120230913
1517307461690085376
1517288090712354821
1517288085867876353
1517223457469124608
1517212089022042113
1517173231018512385
1517173227499499520
1516918288940515340
1516918283869605889
1516909373876060162
1516852482063966209
1516491872813912069
1516115722514145281
1516056524245897232
1515706650514149378
1515080020921925637
1515025930246316032
1514974351719911428
1514710875449569282
1514638106435231756
1514309899744063489
1514265713539792897
1514265711664844800
1513918648775290883
1513550810948542465
1513195069981011970
1512520764918054921
1512520660123234304
1512499283899129862
1512483911175229451
1512446988297678858
1512169189322235914
1512132634763223046
1512112337393700877
1511824708668428299
1511758433023889408
1511755669073977347
1511739455064969232
1511735442500112397
1511486341514625027
1511417270056148994
1511400124303429634
1511400121895997443
1511062426791337997
1511041390679056389
1510270832106344449
1510094382883647490
1509993212013912070
1509993211003027465
1509993209841307651
1509993208536879104
1509932205929373697
1509924475634167808
1509550077043523585
1509550073105072129
1509532649534152708
1509350357721358339
1509239274822160389
1509193499488440320
1509009239750025216
1508993353299410946
1508993348891201536
1508993340934660106
1508993333594660874
1508912252795199488
1508842923357519872
1508640650463481861
1508557184052912130
1508107828640161801
1507859621490348037
1507859619338768385
1507070653974917120
1507017940343812096
1506742095683407876
1506720922622906372
1506415426548367364
1506414923420618761
1506368393452175366
1506360346424053761
1505568093514477568
1504902960567910400
1504898877094346756
1504799410961752064
1504590651542978561
1504477336846028806
1504234808171503618
1504212094849323008
1504168822844137472
1504131920833224710
1504131279054422027
1504096450984255490
1503896946125246473
1503861979441737736
1503824605852717063
1503795943963086854
1503767878562164739
1503734567693430791
1503514058846359554
1503513807200477187
1502705985936248836
1502345244960075782
1502345243643060229
1502345242372186117
1502345241277390853
1502345239989792773
1502318751412363266
1502301508104298504
1502301506204311553
1501784629216436225
1501777323733012482
1501761299977547782
1501761298996023300
1501761298111082497
1501761297263833090
1501761295762219008
1501713511705202691
1501635490260336644
1501589978236792833
1501236283317882887
1501223550077714433
1500992193405796355
1500957845197627398
1500864315078893569
1500161720945311745
1499844632733044738
1499831965910024192
1499773789046980615
1499435839146930187
1499409254297522179
1499180253675204609
1499070272615419907
1499062111850299397
1499033788600532996
1499033629955137536
1498858908332421122
1498858512302149637
1498849864746254344
1498849354664316938
1498789922815320066
1498777256293982209
1498765018287857669
1498761241283608578
1498714129200291841
1498713886136184848
1498430608766345218
1498393470960087042
1498298279943098373
1497249409658245129
1496971951369248768
1496967918290100224
1496956289322299394
1496956199010398217
1496955178381197321
1496955176825065477
1496863189958467586
1496590280568590337
1496549173151338515
1496288699755241475
1496244565380116484
1496227294347677701
1496227276161179649
1495797966443057156
1495520460129329153
1494778582605914119
1494702943597178880
1494474381271212032
1494379221879300104
1494104745983844352
1494063775200206854
1494006609122631684
1493718357803253763
1493378927678603267
1493368168471048193
1493344722592620544
1493334180725510146
1493272355698790403
1493272352167186436
1493272348568526849
1493272344323842053
1493272340985176069
1493272337231364097
1493242678833827841
1493016734948810755
1492605372598730752
1492605369234997249
1492217919031451648
1492217480424701956
1491847143191191554
1491818424904867845
1491818361000542213
1491790572490657801
1491585578395222028
1491585259951034373
