1534610974266761220
1534557095395205121
1534537674383556608
1534505524741296128
1534240175437520896
1534201472220635137
1534177495985098752
1534158249112395777
1533931744449007617
1533856242652807170
1533837368075206657
1533831755056173057
1533826420803354629
1533788296240934912
1533478760284143617
1533449871121956864
1533121686601613312
1533098695000039425
1532829485065637888
1532788367989129216
1532769089080291329
1532752608250707970
1532702590881906694
1532518781636976661
1532394477825966082
1532383087056887813
1532364574481166337
1532364572723757059
1532364570806960129
1532364569150095360
1532364567640166400
1532364565786370054
1532364564024676355
1532364562455986176
1532364560719568897
1532364558936965120
1532364557385097216
1532364555787161600
1532364554117730305
1532364552150695940
1532364550032474113
1532038889954848777
1532035176716451848
1532027118581911556
1532012410202116097
1531976355218325504
1531742318105075714
1531664884941062144
1531644166756651011
1531613967830765569
1531410124866170880
1531296804817539074
1531267181496782858
1530948581909094400
1530594755280633857
1530574477330898945
1530222044545273858
1530219948953542656
1530209755683233792
1530164415634583557
1529940676812718107
1529910030195118099
1529867578331516928
1529830464449654785
1529805802302631937
1529573902762098690
1529516179416567809
1529494185077882884
1529468898877243394
1529204490431303682
1529118775340982273
1529081026735009792
1528844218663411717
1528782812949757953
1528767642101850115
1528390235649986564
1528356250387365888
1528080684601974784
1528046711976902657
1527786252661051392
1527734743441235969
1527726493727612931
1527701903571922944
1527635258664898560
1527338917560668162
1527326784408018944
1527303070605905930
1527281326973394944
1527280411524616193
1527250215589257216
1527058690611859457
1527031274325495808
1526962632472809473
1526939341674762241
1526939168185647104
1526929732444504070
1526902925796298760
1526699086073630721
1526608495914520578
1526601784478863360
1526593393731678208
1526583307428839426
1526561033418072065
1526544311457927168
1526310268803993602
1526242143404163072
1526200356711059456
1525974309910421504
1525611918106300416
1525594927383683078
1525533180958232576
1525219332380250112
1525166845145366528
1525143841891921927
1525102309696581632
1524847882934820864
1524772385500639234
1524766858431315969
1524739582989852673
1524728600330530816
1524494555256557570
1524463617051172867
1524393328334323714
1524366211689156611
1524207395987238913
1524186431144566784
1524136915360006145
1524132175624429571
1524072020824178689
1524039988081569795
1524003821004812288
1523759547613315072
1523733734708506624
1523678250853351424
1523656533162311681
1523641435123183616
1523325034357530627
1523322330671456256
1522946676020989953
1522622225718853634
1522607142905126912
1522590987926839296
1522565594247168001
1522313694029533185
1522305134063144960
1522244743077371909
1522203206377426944
1521972941482692609
1521897451354943488
1521875025153900554
1521874959945117696
1521851736226508802
1521829494759346181
1521543653679939592
1521519961897943045
1521497250182176768
1521480531862560771
1521319316028801025
1521236194067193856
1521195385972305921
1521142472080080896
1521118108307632128
1520795183322861568
1520500738845257728
1520145906150039553
1520139127332556800
1520105856746020864
1520100561701453826
1520093014693138433
1520045047567339520
1520025116385562626
1519783519337295873
1519757160485371905
1519718929807065090
1519692735883612160
1519668129282015233
1519658941956837376
1519421129143644161
1519353442170511360
1519326030120595459
1519319872689295361
1519301587881152516
1519073836569808897
1519062511458217984
1519026624074768384
1519011570017255425
1518987345139318784
1518950118887772161
1518706129915764736
1518700805003649032
1518659076829368324
1518620861640724482
1518583599821426691
1518364167685693440
1518220715664699393
1517911183973437440
1517886398371713024
1517612960641921024
1517548723768807426
1517518937625354240
1517512164990685184
1517241263292301312
1517210456682897409
1517179978219245568
1517178850005831684
1517168591740841985
1517133551082393602
1516884415095492609
1516808924825010180
1516771163271217158
1516525796474732550
1516514125018505219
1516499066959581188
1516446529371840515
1516415110696378376
1516159635362779141
1516090642090311687
1516084138494865408
1516046387561086977
1515856037395537922
1515684001079431168
1515321613776039941
1515072474366455809
1515027181897801729
1514993197751181316
1514959223834259461
1514710082570784772
1514634589741932551
1514596837776248844
1514385444359782411
1514351757924704264
1514337270551220235
1514309946120151043
1514273455952171010
1514234448195338241
1513985309595213826
1513971603117330443
1513914221972574208
1513898357969850371
1513871808990113794
1513607825057931265
1513552364887810053
1513517223486398470
1513502183639109635
1513195135315714061
1512838405993943047
1512799996889874433
1512520657011052545
1512495948559269891
1512467809019711490
1512418332019994626
1512170182390820866
1512130854612615179
1512102903229595650
1512097628498149386
1512060124663230471
1511846010443780098
1511844743017373696
1511795882408116228
1511781224653721608
1511743032516829192
1511697733224071172
1511469390331527173
1511441042578427908
1511425328660586499
1511415695694868480
1511392065350942721
1511367802665545735
1511342898532401152
1511108349567422464
1511066611821826049
1511041576994226180
1511010717423579138
1510997118407880705
1510993621377552387
1510976293520687106
1510733976486486022
1510633539733184517
1510285932490014727
1510020244764610566
1510000801992695809
1509976390686294022
1509945660870647821
1509926273958748160
1509889879219580954
1509885015123017737
1509640427342811137
1509621559895355393
1509592360841367568
1509568705092485124
1509546062784057344
1509530956532572176
1509519137927745539
1509276989907218446
1509249905143042058
1509245142171070464
1509206319789617153
1509181655281451027
1509168567979229193
1508929941601140739
1508925825453862926
1508914633024880650
1508904328404238344
1508891225000185857
1508874130682044421
1508840617597677578
1508806183137824768
1508804512303177733
1508549493477855240
1508503817679249414
1508481540824592384
1508443797985927176
1508164451689664516
1508119154750107651
1507802064511975425
1507726568277299206
1507463926492979205
1507447232655548420
1507394379413032961
1507356632367443983
1507084837835849729
1507039542057918493
1507033873737297924
1507028767553822722
1507017080465289221
1506994253926436875
1506734801516220422
1506734800085950473
1506734798479441938
1506714902572015626
1506684702794653701
1506662053863321601
1506631858829897739
1506391630336643077
1506360067792195584
1506314768394596353
1506269477742161927
1506017917506551808
1505967480581365765
1505956150893690880
1505942714264829953
1505940260223598597
1505928203159977985
1505907084331610113
1505650390179598339
1505612638054584321
1505559801677422598
1505272899548110849
1505227600809111561
1505182309720289282
1504934418284269573
1504896257701126152
1504893490525843459
1504857908777000968
1504853064674689027
1504850118016524292
1504829576777711617
1504820668851888128
1504522142871920654
1504502826709434368
1504478585884618759
1504227258575335428
1504208500691456000
1504176475209150471
1504159821624455175
1504143959597236230
1504125347276550149
1504092810206666752
1503812022189834246
1503793148283088896
1503732756240646148
1503487383303598091
1503468509975789571
1503456156706029568
1503437491566792711
1503384368911458308
1503370367951421442
1503097401149726725
1503053279713976325
1503039021374754828
1502758834107944961
1502724859201171456
1502699378355625988
1502380086804234247
1502364563601305610
1502056712613908481
1502046896516440069
1501998541274759169
1501966114267418630
1501716967882899462
1501664823465156617
1501634423862792202
1501599146800787458
1501344261454897152
1501323971416969224
1501280182849650690
1501223588678057987
1500922040236261384
1500909396271923203
1500905872964214787
1500890585753919497
1500884985166897152
1500874002566418437
1500203214225948674
1500203212388851712
1499827182834749441
1499768367573520389
1499493205737451523
1499481440106565640
1499481436793057284
1499481433307500556
1499481430098915341
1499481426005217287
1499481422180016128
1499481418874900486
1499481414735208453
1499476594049658881
1499451998655164419
1499438849994506241
1499380556928364548
1499127656415170581
1499119303915937794
1499107774743158785
1499102343144607745
1499087893783998465
1499075814352171014
1499074140854235142
1499065776728387589
1499053494405316613
1498861470091784195
1498857640604094466
1498853800609603585
1498852165997236228
1498847484948459522
1498846653721325569
1498846392076455936
1498844662706155526
1498844485974908930
1498830629277949966
1498780871511445507
1498769797865111560
1498754850330447879
1498751156989923331
1498742178855673861
1498670645516898306
1498414204587589632
1498411720410341376
1498402636537622535
1498394827054014469
1498383309457563654
1498379993323298816
1498358547029147648
1498104526678773762
1498076519419236356
1497320246306344961
1497305901946003459
1497287530726629378
1497277729506570248
1496860249323880456
1496631282637357059
1496599749033668610
1496575471278039045
1496542612764909573
1496525355372457998
1496252710353571840
1496227922595790852
1496171569898569728
1495914371448508423
1494746896497365003
1494746537511067649
1494726656598192136
1494701478279147523
1494422149922123800
1494408057023078401
1494398745911300111
1494382878821605381
1494067563461971976
1494039126353473538
1494024237379723266
1493702659152490499
1493687056329064449
1493663225778360320
1493663223085768710
1493317370542055425
1493300137686454273
1493288681360216068
1493276352253943809
1493246233275682817
1492589426031136770
1492523664553627650
1492523303382171654
1492522788657246208
1492274454306635778
1492215494816018436
1491892229845229574
1491886693217042455
1491885554232819720
1491874110560878610
1491859313052340232
1491826843212726278
1491818887259861005
1491814663427923981
1491812403889295360
1491809479284961288
1491776431034150918
