1534611050439626754
1534534147141685250
1534177987758903296
1534177618819522561
1533404184590004224
1531950425624264704
1531643439653310464
1530711847644581889
1530564093400211456
1530177605235875840
1529964835349356557
1529879937360056321
1529581638291800066
1528928049596612608
1528873433140187136
1528860998501007361
1528519700388495363
1528091877941051392
1528040573961117701
1527753756007440385
1527686764193775617
1527686623982403585
1527686340409712641
1527660420164685825
1527407549364027392
1526572226342014976
1526572224404148226
1526570159749664769
1526256929030426626
1525687156479500289
1525321029891067904
1525147219548045313
1524830667036573697
1524497864088596480
1524435766172135424
1523854776819228674
1523727003035516929
1523444233394262017
1523441540260982785
1523312742727397378
1523117293344985088
1523012395626807296
1522761131198230528
1522402713363005442
1522402478150541313
1521948727136694272
1521582742063833088
1521504206909173761
1521504205709582336
1521504204044472320
1521504202949685248
1521260840208375808
1521208648873111552
1520495914745479172
1520136214199914500
1519693627315953666
1519434560995475456
1519376979832848385
1519376978574458880
1519376975923748864
1518964037006016514
1518766665407811587
1518357241660940288
1518357231401635845
1518357210522390531
1518294593057562624
1518043142112559104
1517253036099670017
1517247485735051264
1517239843226537987
1516937331047079939
1516609188742500360
1516205466052870144
1516204640479625216
1516201746242146316
1516073694027784195
1516063489420402689
1515726272810397696
1515394891458752514
1514958404330082306
1514620836556255234
1514423598873813001
1514354447522095114
1514220707986694149
1514005864147046403
1513998280593756160
1513998257889984521
1513974912855289862
1512994947745656832
1512826302650531842
1512825348345499656
1512282797641142277
1512217275792859138
1512198348438126601
1512198003267878921
1512197210661957636
1512195883898744832
1511910567589691392
1511877089200386052
1511810984607948803
1511777440632299522
1511430163250167810
1511429713302069249
1511166972242927624
1511161098149539842
1511159289645260802
1510622247177932804
1510622186951909384
1510323224923578374
1510298290990034944
1510280838537166859
1510275345672462336
1509926280384372736
1509637150249304069
1509163354606252039
1508879388531736585
1508865148810936322
1508862303504154626
1508861931347660816
1508861652141289483
1508802227535818760
1508802218044145673
1508254228753661954
1507880114696200192
1507789497089638401
1507775317527744521
1507750244133572619
1507510926974586880
1507508118397333505
1507329096585523208
1507325234860462080
1507144193407336459
1506159176917028865
1506158800549543941
1506036660718477315
1506033687980294156
1505945258244329475
1505717523907592195
1505704867930816519
1505633658186702851
1504291199594766341
1504110009134764035
1504057376709779462
1503475695556734981
1503121336549453825
1503073166465409036
1503014402408255490
1502701053883695106
1502698862053675012
1502408367771471882
1502047503939686403
1501737874428817410
1501737088433143812
1501733473421246466
1501586278655143942
1501054234099339267
1500910049136418816
1500835253207846915
1500547701016084485
1500509596074524672
1500507957129359376
1500288201482805249
1500279282723344384
1500258211059974144
1500227517831077895
1500225954064576514
1500177950938968069
1500163026753835009
1500161510471090176
1500131970189250574
1499518912827908098
1499467908182949896
1499449924089487363
1499407703332032522
1499123551202422787
1498851807468167172
1498776623944028166
1498704174674059273
1498670158805708800
1498668611233271810
1498464502542704641
1498445418551816192
1498406834939564036
1498319802204659715
1498132831175905282
1498112182592184323
1497934633207541764
1497772583302967297
1497771493194932224
1497703206809440259
1497640296414330887
1497619477281873920
1497618891694120961
1497617467111358467
1497335040291876877
1497221496682557442
1497220273988378628
1496949158603010052
1496947340921520146
1496895070439673862
1496847614393860100
1496719193240186881
1496718898456113153
1496291497565642752
1496140363916009479
1496121981887987715
1496121839273357312
1496101108141412353
1495802798113705984
1495801852851781632
1495800110654967809
1495796918466883584
1495402373627404289
1495363562201571328
1495051536749121542
1495046008631279617
1494733760507662337
1494711657473396742
1494665387404890119
1494664260957396993
1494138303662149632
1494136318024196096
1494135532133171200
1494133188750413825
1494125055906881540
1493742634174595075
1493626467732832260
1493349510952673284
1493298589354926080
1493023123486265347
1493021106382458884
1493018107367104514
1492977832963850240
1492933737851633669
1492349290202685440
1492348097489481732
1492298481305858050
1492220753521094657
1491907864444735492
1491576783598239744
1491575010078732293
1491562634432372739
1491537549134815234
