1534633516197195776
1534610741197778944
1534574281081880582
1534351966637375494
1534267372210642946
1534247016527810560
1534202033342926850
1533950478559678464
1533914282051633153
1533892352120610816
1533892225255579648
1533852544937734150
1533820347723698178
1533632942622359552
1533628033227177984
1533600556601704448
1533554617061150721
1533270665553403905
1533220793076789248
1533205622564474884
1532894229541933061
1532809022386188299
1532784889531072512
1532778313869144064
1532755820806537217
1532755585648803840
1532716530311602176
1532508235000840198
1532447372164448263
1532378394511523840
1532180700522233857
1532161894584307719
1532135195129806848
1532097358984581120
1531742835262758915
1531715840005087232
1531682034288140291
1531423997145104384
1531377598273662977
1531352715959447552
1531280208770236416
1531026579761012736
1531002980899725313
1530973897973170178
1530696579354599425
1530664016644870146
1530621335742947330
1530589200000634880
1530334023951728640
1530303379284668417
1530279413367164929
1530272906462240768
1529979165868544022
1529950326542983178
1529950322063511552
1529935505634344968
1529878849462448131
1529644633361469441
1529642531360755712
1529624910779359232
1529591295165054977
1529550095435300869
1529532634413531136
1529263461355642882
1529215647825133569
1529203698953494532
1529183236575834112
1528886324136132609
1528842992466927619
1528812240161411075
1528811677675814912
1528532021861048321
1528504280923131907
1528477731087859712
1528452270324604929
1528177660823732226
1528149570752073733
1528104813107486720
1528066201133498368
1527784743789543426
1527750579535085568
1527731632517545989
1527718682629181441
1527700730769031169
1527700603949965312
1527670481360502786
1527407445252919299
1527366142079053826
1527319382216429577
1527114470660653056
1526989874687004674
1526957001099599873
1526915785909755907
1526726459049619457
1526695338064633862
1526654313115922432
1526633035021656066
1526617488712138753
1526599781241479170
1526369388949127168
1526340633992040449
1526305037022281730
1526266504815300608
1525982241410715652
1525963864910749698
1525921594664787969
1525888099171057669
1525862111066431491
1525649364433117184
1525625525779185666
1525580047335272451
1525537741454327810
1525284670048542720
1525212738120728583
1525212561360265217
1525192502512340995
1525172136587173889
1524915661708853256
1524907494337925132
1524883192448180246
1524827731866832902
1524827301464133638
1524815408938860545
1524782931046195200
1524530063194140677
1524529742942195712
1524529574285127681
1524504177828900864
1524479418512678912
1524460609986863106
1524448292553252865
1524210670715215872
1524167145596280836
1524085827378294797
1524023337424502789
1524022698753544193
1523820121231347714
1523793042796294145
1523769231023964160
1523756491370823680
1523736143761530881
1523451854859816960
1523412912391421952
1523380111944396801
1523346124693680129
1523308739788374016
1523059343616184321
1523039059328831488
1522986637403303937
1522961913637920768
1522961758972952577
1522937574448320516
1522664071425896448
1522663961929396224
1522640254183817216
1522622462298574853
1522615961630740483
1522582642822107138
1522558615722381312
1522355238623223809
1522336198039068673
1522314005477535744
1522304777417281547
1522290614737453056
1522273175286997001
1522273038720716800
1522272447512383488
1522239147003584514
1522028840104730626
1522014688590110726
1521988716910325761
1521935940540932100
1521919542062108672
1521894745529798656
1521642922596352003
1521595181203660801
1521579854759608322
1521559567276158978
1521537421116121097
1521506016424341504
1521505785125257220
1521505551506722817
1521505333029523462
1521230825102233603
1521216806903586822
1521189285046755329
1521151819635998720
1521123895348187138
1520920090694328320
1520897409265639436
1520781086036422656
1520746105071230976
1520489160385216512
1520449607502807040
1520411244783673344
1520165665520373760
1520146838271234058
1520130298222100481
1520032057321267202
1519816330077212672
1519789543720898560
1519780402734551040
1519755837392232449
1519733292043587584
1519707237203472386
1519707056198008832
1519676644771966976
1519494651673198593
1519471130767245313
1519461113225744387
1519431895737585669
1519382063236931584
1519359090530607106
1519295482392162306
1519107355673309186
1519093234823278593
1519070110341808128
1518727795320532992
1518690497841278980
1518661507155910656
1518408874910441472
1518392310937096195
1518368410635321351
1518368263301959680
1518368121484189697
1518020003760640002
1517985854727274496
1517954976047419394
1517645962692501505
1517610381031743489
1517533218475491331
1517533084371111939
1517532715947642880
1517234861303648257
1517215732941180928
1517194607939006465
1517171535018090498
1516917342894178305
1516878886654652418
1516854914038775814
1516787837881958405
1516787682747236356
1516536045818499076
1516523197310685184
1516468165122867200
1516147805844381708
1516118455862312964
1516101518327431169
1515859346869080071
1515819579368431622
1515785415806136327
1515731837422915584
1515412628344090644
1515377412925759488
1515348582097997831
1515102672466063362
1515070746854313985
1515044044644225036
1515020916236947468
1515003739442143232
1514989128202571779
1514768644542119943
1514753549611278341
1514741646419795971
1514721995249917956
1514703840691605504
1514673292837335050
1514655159305003010
1514622654992560145
1514380105052737542
1514344871674458125
1514314043883929603
1514292884287143949
1513990585681653767
1513974815933222914
1513937786486898697
1513919230579781636
1513694281013383174
1513685647646728192
1513657957745139714
1513637694286573581
1513595597978325000
1513563620390707204
1513310256713109512
1513263029051346958
1513243655842193418
1512899150110609411
1512875997313609736
1512854103335964674
1512832280280064001
1512586711972392961
1512550499517714455
1512519772554027017
1512500658481606660
1512483061874802695
1512466594605191173
1512454251963981824
1512242498315460614
1512212769797558273
1512190468536385544
1512168914964430853
1512155013803659274
1512103370429014018
1511863869823762433
1511824300596150278
1511813251478216704
1511794841776177154
1511783286770741259
1511767630310432776
1511755842898599943
1511742950413373447
1511693535195631623
1511502015100243971
1511450727960481798
1511440697022373898
1511415447815692297
1511402159807549446
1511378371560849414
1511158594921762821
1511138423972802563
1511082431927009286
1511058912409182208
1511040638019686400
1510780069337260033
1510760654625513475
1510760499960549381
1510734016059625472
1510400183275728897
1510379798836613121
1510344315184242690
1510326195933663236
1510313265741635595
1510024419141472263
1510005690420539397
1509994777604993026
1509984587883163656
1509970538084675599
1509954318958534670
1509698083671711744
1509669218693885956
1509651037711486978
1509650914172358657
1509650762363777026
1509633316512800784
1509612802734014467
1509599570556243971
1509576422523813890
1509534715396644864
1509328647626309637
1509306263678640136
1509279762581184512
1509263163447037953
1509188180137889799
1509169753516036096
1508982290923327495
1508973715995906049
1508902165213024264
1508860053033521164
1508859931172159501
1508845221144154120
1508832832533282818
1508617577249054721
1508601035253821445
1508550143506800641
1508533301325275140
1508505811030577157
1508425635777163275
1508202383918178309
1508163015098646538
1508103882295197700
1507875147050590209
1507835826880798729
1507813090322169857
1507769045801652224
1507753192624427008
1507532166028308482
1507505428825001992
1507465606915887116
1507459448188686340
1507434573197627397
1507385075909943299
1507142536560877573
1507111724914286600
1507082553739694093
1507051844878712832
1506759191918223371
1506731035719094281
1506708453682782209
1506669377806077953
1506620438931288069
1506421131091267587
1506397634424156162
1506374633498587142
1506362882224754709
1506077540640829443
1506045928976928772
1506003890013184001
1505947110625185793
1505685719058194440
1505642210468970503
1505616278576373769
1505292967812210688
1505265843466350592
1505238866768408580
1505211555591475212
1505014253471813634
1504987317630640131
1504955080864321538
1504901931931680773
1504885235292549128
1504863678092484614
1504846754499465223
1504604268355100676
1504556650920824837
1504518586404163590
1504501945846878210
1504494436776091661
1504253191101325317
1504229268901007366
1504157544574595072
1504137069957951488
1504120214899904518
1504119671913652234
1504119409232826370
1503879382980567042
1503845924883382274
1503828295330287616
1503828155500539906
1503815543975038980
1503777316442419203
1503510618418126856
1503475605471387661
1503459435770957827
1503440299443593219
1503173244580413440
1503150404762230787
1503126420251422728
1503085157036793862
1503059989388316678
1502766824345280514
1502752959872086016
1502720988529799173
1502720987091156995
1502720985610567688
1502720983987367940
1502686458058092546
1502449499641458690
1502384018892984326
1502343342922870787
1502327778066247684
1502043569695170562
1502028165044219911
1502007814251765761
1502007540451786752
1502007295697424391
1501988265058086912
1501950154324291584
1501925759606210564
1501778092976652295
1501776437317152776
1501776435236806657
1501767174406520835
1501767173089472521
1501758725610164226
1501648413779189760
1501603250654658564
1501571449072541698
1501550213705703424
1501393369204936706
1501361251267588099
1501312337231245313
1501297667716141060
1501285337426968576
1501274080745558023
1501265685359566856
1501252847211474947
1501252402606919683
1501244070001356801
1501020928347627522
1500976757796655117
1500927494345707522
1500917928341946370
1500899818570502148
1500820047991869443
1500652289459204100
1500635918163746820
1500619994140393479
1500284537594695680
1500226950077501446
1500199217456943112
1500154837694128130
1499898058288635911
1499868167325298689
1499868017852833800
1499845096862322689
1499830520821207042
1499807350366130184
1499794957087002627
1499507646130528262
1499481780335824900
1499460228399652874
1499459843400343554
1499440829076840457
1499185657956155395
1499159250052038666
1499158703773298696
1499111992593895443
1499082964654870532
1499066309061054472
1498862289780453389
1498862288090157056
1498862286374682624
1498862284919250950
1498862283514126342
1498862281987436544
1498781039166164997
1498780952893526026
1498764834648768523
1498744698864812042
1498728574475554826
1498711406811697158
1498667099111276548
1498468138249248768
1498447268076298243
1498404736848261120
1498383036018307083
1498356177226317824
1498331765718589447
1498312071464861701
1498093233406156803
1498049410311278602
1498017195888197637
1497978158959759362
1497717883085930496
1497696879315984385
1497664843888795649
1497639934928334849
1497372698334437382
1497354857237389313
1497331097797017611
1497313543863128071
1497292999172235273
1497272173882482691
1497246544499777541
1497246313787936773
1496944044404006918
1496886314037358597
1496886181430243331
1496886063167533063
1496866293395382279
1496686723220312068
1496604550454722561
1496578462496272388
1496549928008622083
1496491941772595204
1496303804937125891
1496268364800528396
1496228639830163457
1496193919956262920
1496171609849270272
1495896562878361605
1495860274448023557
1495812139872886786
1495568648936857601
1495531207735463943
1495514094996111365
1495491292268216325
1495136800033148932
1495109969599156225
1495057080973152266
1494814019747782656
1494797278598598658
1494772114313957377
1494715973454241798
1494699096422158344
1494681228963987457
1494445620802818050
1494422256109469700
1494406500705517577
1494387049100718085
1494371647180181509
1494083758449995779
1494052593143848964
1494052251027091460
1494007980018348033
1493990316688478209
1493706769603956737
1493688799779504143
1493688237537349633
1493671648859414533
1493617780444258309
1493355794850529283
1493322769613918208
1493302293667721218
1493285521476534273
1493285518427234310
1493267805696843787
1493250741976322049
1492985396434718720
1492967053917143042
1492957054725763082
1492683275617382400
1492665843800588291
1492612212023779332
1492587352224632834
1492310343833505792
1492250077741600775
1492225592581836803
1492225120223518728
1492208527070298115
1492178331906842625
1491964876750737410
1491953225397854225
1491817526778548228
1491789479618641924
1491582449884803078
1491560590288072707
