1534677533173612551
1534656230748217345
1534612474414018562
1534609942304305152
1534602010179342336
1534589496422973440
1534547872288583684
1534531906037063680
1534526910524338177
1534519156888018945
1534322440209420288
1534286851519008768
1534269333039460352
1534251648574529537
1534236713601667072
1534228230755983367
1534216864062230529
1534215594345652224
1534211079504547842
1534204886740619267
1534192419482247169
1534173333566136323
1534163209153912833
1533922883029946368
1533897578605162499
1533859394873659397
1533826267623174145
1533579044721147904
1532785339781324801
1532766900442234883
1532738277748396196
1532722449724461056
1532525063378968588
1532505179517485073
1532436275919212571
1532424400716369923
1532394018067386368
1532375367100538881
1532365130431877121
1532356389724688385
1532346467557548034
1532075345431900160
1532058415039516673
1532044065935695874
1532015604072325120
1531990496876306432
1531727800356548611
1531722428602273793
1531661418545782784
1531652522678566915
1531357266519248899
1531282069694857216
1530641837840646145
1530614643319885829
1530570394108837888
1530286435181514755
1530240703896354817
1530231366641758209
1530221735848583170
1530218982074208257
1530194657484865536
1530182554292207619
1529934064630874112
1529901101947965470
1529891485327425536
1529878868760449024
1529865923666055168
1529843161513840640
1529820406584057857
1529818986053091328
1529568404121731075
1529555773226995712
1529487563534352391
1529459686831013888
1529224544481083392
1529176139037548544
1529154624665550850
1529126741079465984
1529120293914025986
1529107152090058752
1529100207920758786
1528845259840663557
1528839143341555712
1528836621809901569
1528775929329242116
1528759623708180483
1528749340759580675
1528745325183238144
1528717399377182721
1528080432784457728
1527634976040181763
1527621190193451008
1527421652551843866
1527339737249247232
1527329962922893316
1527311356751319042
1527091387019059200
1527071786722070528
1527065703261536256
1527041951924617219
1527010745371742209
1527005906298355719
1526975344099659779
1526730742616805377
1526676508726775809
1526611908505358336
1526609915002904577
1526599541692280833
1526597189409046528
1526591438095540224
1526588580679794690
1526567262383132672
1526565438213210112
1526552547175055360
1526381006713921540
1526289751912873986
1526167958631944192
1526023788877565952
1525970387808530432
1525954509146554369
1525923313498849283
1525915523795632136
1525909326182875142
1525888798818717697
1525875413846728705
1525860229493161986
1525827085541036038
1525821847690006528
1525684412884697090
1525680076230168576
1525640723885875200
1525627194919292930
1525568534310445059
1525186773084667912
1525138795087253506
1525131704205295622
1525119712325140480
1525111470262034432
1524875265616273413
1524850027251777536
1524845741339987969
1524825741980012544
1524816344985772038
1524805661779017728
1524741301488525320
1524542369902833665
1524506683342524416
1524487134526201858
1524414622861869059
1524403336639881218
1524368236103581697
1524093921084809218
1524068591955496960
1524058822951723010
1524030156838518787
1523784881007906819
1523773553996296193
1523769409512296448
1523766004244963330
1523764600579129344
1523730422043222017
1523697523797364736
1523354383777341440
1523328284964044800
1522672130428747785
1522612422774820871
1522598541562191872
1522573509288939520
1522563135877656576
1522327778334412801
1522320235281502209
1522315439719829504
1522313382896062464
1522249141409177600
1522222038340882433
1521959104629067776
1521940135109144577
1521925858826592257
1521913621755924480
1521894711631527936
1521879343324094465
1521821951425138688
1521671526575132672
1521574877953769475
1521554776198111232
1521540396567904257
1521487115011436554
1521236839197134848
1521229289395470340
1521224627003002880
1521190252710346752
1521163029089558528
1520077331154493441
1520043063938322433
1520031160235180032
1519847455789039617
1519711603435970561
1519706643847692288
1519691580705288192
1519680334966710272
1519402208684560386
1519394993408024577
1519376926070251521
1519333919493181440
1519328942611738624
1519322627936038914
1519028802021646345
1518997918874845185
1518965406815473669
1518954780407828480
1518697267636715524
1518616759502266375
1518604282987175937
1518597967535607809
1518585576332611584
1518578604992610308
1517606920366043138
1517603344080162816
1517479832615067649
1517476214264455169
1517256085832351758
1517244029011828736
1517224148564541440
1517166002450141184
1517148183696068610
1516859410907344900
1516847667531247616
1516841190473183233
1516824983187640331
1516796158215180297
1516774884982116354
1516472602537115650
1516444583273578501
1516428741320359947
1516419718349041667
1516152645404221460
1516110527591817228
1516107540626608141
1516099991017701377
1516092441165586432
1516084361216643080
1515709957177499650
1515124311719301121
1515100748819877894
1514694983340625920
1514686831081705484
1514627466886893569
1514612961410617355
1514603323839504389
1514593558971531270
1514313721102753792
1514296322521772036
1514264285173719044
1513942004077580292
1513903519010545666
1513892635873796099
1513621058276016136
1513602009252962305
1513585417093844993
1513551764951289860
1512880641884532747
1512612104540409857
1512494778407079944
1512477836392677379
1512407192384770048
1512141417346437134
1512122117487267842
1512094095149207552
1512090490195304450
1512063070410973187
1511825149653393408
1511803429517242373
1511794185657016334
1511777713866088458
1511772877556748295
1511732753426956288
1511714571307958277
1511712584407298052
1511689558324305921
1511685346773372928
1511424193052696577
1511416666495897601
1511393437689462784
1511382623083446277
1511342193755230212
1511077385612967941
1511042573544173578
1511015334228246540
1510044159712931857
1509999047075143680
1509991492168785923
1509986592928288774
1509922284563173378
1509917220213858310
1509689143982542848
1509626309651087369
1509609190469570566
1509557380140384261
1509549291651670018
1509293139126718468
1509285949020291077
1509262059585912845
1509241548893995018
1509236094663024650
1509182286369017859
1509168672186765313
1509147251926605825
1508923181284970506
1508914562032099332
1508900182682968073
1508895967407484936
1508844842125869059
1508826046493306895
1508806734055460866
1508570596501823497
1508557038258896901
1508549496510287873
1508540296124063745
1508496641736642562
1508481029333413890
1508477236327948296
1508421525111717897
1507893338300727296
1507876811203649544
1507875104503607299
1507448210863886338
1507425207702761473
1507403974625972224
1507379660367314954
1507357222145302530
1507344405371437062
1507099938429157384
1507084839484379136
1507077288084578307
1507071770599342089
1506780964780920836
1506760967421579266
1506650381740298244
1506638155495231492
1506356655537242115
1506325991353954313
1506289043381886984
1506272346822295554
1506006949326102528
1505953609883783176
1505942675048091648
1505937536950095876
1505887660514099200
1505698212992143364
1504825577613799428
1504802208373743629
1504555508979613698
1504522634800902151
1504488835001974791
1504480818697170947
1504470413182574601
1504239375831506952
1504215941080625168
1504209176796577799
1504103036511305730
1504093465789046786
1504074396180303882
1503787757533077515
1503779849567096834
1503767917002989569
1503742913825624074
1503536028061159428
1503474268239237121
1503459129515462660
1503438750206021643
1503370491771371526
1502426391937273863
1502393424699265025
1502064255679574062
1502040690133504009
1502039735015022597
1501936483086704656
1501751906041012226
1501734606164353027
1501626373420421125
1501605079375388682
1501286637916942336
1501278908238512131
1501241342508163072
1501234225428799504
1500884618182078465
1500871819347349506
1500863853516709892
1500852388260950019
1500159865523687435
1499895947710668801
1499779369513926661
1499765357749288964
1499759927996436483
1499489801921343496
1499468401193803777
1499464417259446273
1499120757548498945
1499101660144193537
1499058852091805704
1499032712862216193
1499013124330037249
1498866583409676293
1498864421434585094
1498861175836192768
1498855884226707456
1498852889619574785
1498851374053957636
1498848732250574848
1498845140416405506
1498840113064951810
1498836655242948615
1498765588709187594
1498708281304530964
1498698531372257290
1498679453211262976
1498670645105684480
1498658617469329408
1498430800601260043
1498410934087434255
1498403408709042179
1498383473089908754
1498372431874035714
1498359217350184967
1498304074760040455
1498291993260269574
1497689698688552969
1497292081215246343
1497278655738830854
1497270625601081344
1497257028951150600
1497247908982317068
1497229241124982786
1497218680169668610
1496904827586105346
1496870670441009159
1496589062588837893
1496570989156700167
1496566167049318401
1496553033634828292
1496534273175740426
1496250836787339265
1496200801840246784
1496190553850986496
1496162902822301700
1496150942391152660
1495871893139767301
1494808957067612166
1494801400567504899
1494792571360587776
1494778750554316803
1494769155224088577
1494451461203320839
1494431420311379979
1494394826254606352
1494361319788609537
1494339858524827648
1494068080145846280
1494056299792904196
1494010195294539787
1493993306732306437
1493696566867152898
1493613233193865228
1493602385817706498
1493335124880076809
1493306176305573889
1493269306859266050
1493252865779019781
1493232473202962432
1492608361187139586
1492533464108830720
1492256512420552704
1492230344032067589
1492184241689579524
1492156037390082048
1492144458183454729
1491876932010586118
1491870818225303552
1491822716789436416
1491545196756189184
