1534624185590419457
1534588644031340544
1534573044659675136
1534221853786624003
1534201195375501315
1534191286009331717
1534187597173596160
1534187505909653504
1534164532557389824
1534157438911496192
1534157317385633793
1534157231045980162
1534157099726430211
1533875786167595010
1533867773130153984
1533865634378960896
1533798084286742528
1532421225032601600
1532396590488485888
1532360595592335360
1532107461791989762
1532076162960494592
1532064300764123136
1531230106420649984
1530280869763682310
1530252427387097094
1530251714229583872
1530240641409728513
1529958130402091021
1529905035651473413
1529886567661285380
1529885923785199616
1529175491667705860
1529144990806552576
1529130671590998016
1528843752588120066
1528837272438808604
1528821224272547840
1528814534043000840
1528799559253741569
1528793991545765890
1528777715406581762
1528071196780150784
1527744882248409090
1527734836756193280
1527712371912974338
1527660588976984064
1527646792795439107
1527021222923489287
1527017029303160840
1527011694773473281
1527011177028526081
1527008865132363777
1527005391111987200
1526999230442774530
1526999062418948096
1526967869203939328
1526967772219047936
1526939995465998349
1526667463185899520
1526661427829825538
1526657669502738432
1526657288370638851
1526630904189296642
1526623478052540422
1526623475217342464
1526609630633287680
1526313126953623553
1526275422123704322
1526255404774211586
1526247348883562500
1526231228738949120
1526227188911054854
1526189620626595840
1525216344014200833
1525214009154228225
1525178834697523200
1525177450724208641
1525170837493583872
1524864672658341908
1524855613196582917
1524842577740058659
1524832249748783104
1524832227347021824
1524826708708315148
1524821235175137282
1524812550898167809
1524498803931463686
1524467753473740803
1524459901166264320
1524450817746558985
1524448406097350659
1524438737882648579
1524434254331002880
1524429403433885698
1524422884478889984
1524419252702400516
1524413809368121344
1524108149027913728
1524020592332189696
1523758927066075136
1523749685428506624
1523721615019716609
1523716235938074624
1523700134508326913
1523695506987581440
1523301475388375041
1522646385891364864
1522642160532787201
1522637984285220868
1522276022451949569
1522275591210389506
1522263367871873028
1522260625564577796
1522244713088270336
1522229156339232769
1521968042544177152
1521910549218484233
1521899743697379328
1521896400656683010
1521895965774516231
1521890022127022083
1521886018114363393
1521884593162440704
1521882171631357956
1521560763407687682
1521546703349981186
1521546668272979971
1521544046929489920
1521532540816961536
1521526533814472704
1521522294803283969
1521519272513753089
1521229328851390464
1521201197121773569
1521199594801143810
1521196630267072516
1521192487834030082
1521189104125415424
1521182206374334464
1521178254010429440
1521178085596536832
1521177539464646658
1521140630277165056
1520100317811068932
1520097599809851392
1520091488641642496
1520087372662251522
1520085384130142211
1520082112820527104
1520078815623532544
1520069001937920004
1520067080279760897
1519745705065291776
1519739573089226752
1519735905694752772
1519729702478528517
1519718685455392770
1519421147892301827
1519407207107940353
1519398305133903872
1519387893550231552
1519380768233074692
1519371025925955584
1519354588750651392
1519354458232209408
1519329512965689344
1519321571596419085
1519321045987119105
1519304729817497608
1519065506812153856
1519030425364094977
1519008965669097475
1518995779813269504
1518958884551073793
1518953340503265280
1518687327048114176
1518658227449303042
1518649708029399041
1518643576380571648
1518642991652642816
1518639232721510401
1518629792240836608
1518625767889977344
1518621945650102273
1517985358100811776
1517573428638851073
1517572148658900996
1517570250707021827
1517542099490594819
1517536733788655617
1517536659725815811
1517276709036470277
1517210114847121411
1517208397371871233
1517207640719478785
1517207413098790912
1517192352292560898
1517186398121570304
1517174590128238592
1517173478532993029
1517171150765400068
1517162676660621312
1517154667972620289
1516854124901511172
1516852696266981378
1516849890852327437
1516832079383773190
1516820715672154115
1516819989579321346
1516819742962630664
1516511628589678592
1516505070623408132
1516504185197498377
1516498055163518977
1516493879691952128
1516487631881879566
1516486254694735872
1516481653207674883
1516450132769873924
1516443433988149252
1516216729910882306
1516158932741468160
1516155912477626368
1516153159680409603
1516148922393280513
1516144739527151627
1516132011492388864
1516121237742886915
1516113858448044036
1515688674595332102
1514962826753884161
1514962701327474692
1514944985443053568
1514944254833053699
1514755682892922881
1514755605260603392
1514708708760162313
1514704594701541379
1514700631872880640
1514691059707793408
1514688021412646916
1514676878422036482
1514672443511742469
1514672085905326083
1514671251649933417
1514328346443792384
1514323096731271171
1514308453417861133
1514307780508852239
1514293832837390347
1514284604768894976
1514278913568088074
1514264486827503620
1514257864268947463
1513967680155533314
1513957676161683464
1513942326154043397
1513930615988625414
1513917707313467403
1513905636026683394
1513898282392727555
1513891855762612240
1513879990252843015
1513601862058057734
1513601656214245381
1513599761579974672
1513569225788608522
1513569202950582276
1513560195917561867
1513545811254292483
1513537982048915460
1513529479787859973
1513210763275608074
1512477506544283652
1512477431994720266
1512469857824034817
1512450450200670212
1512442160716652544
1512421485171953669
1512421282515611648
1512402091184173056
1512401777647312903
1512171930023038984
1512154065706397707
1512153144368709641
1512139718804320260
1512102595615248387
1512097409337282572
1512093068647882753
1511809183166967810
1511803703631691784
1511794187846533127
1511775911435292677
1511757383688769540
1511735608191954947
1511730873900617728
1511727746757636099
1511703133684121600
1511396623477313541
1511387948297736196
1511383787573321738
1511379207565287434
1511358828650061830
1511351909034205194
1511348643172868128
1511348612692914185
1511348582821072904
1511348577511030794
1511348562218659852
1511061910724165634
1511054152264204305
1511041813548781568
1511026020580737028
1511025762719178756
1511016358984757251
1511015957010989062
1510997541478879235
1510988211513925636
1510982236782440452
1510974315516284931
1510967703934324745
1510575979021930500
1510328327483146241
1510327960049537031
1509939229396279299
1509557077420777477
1509546167708827660
1509544897254154243
1509524455399243777
1509271254720778240
1509235645142732803
1509235582530035712
1509235546706616324
1509203158341406726
1509203117669339140
1509201399221043204
1509183775976169479
1508879715867807745
1508852757930946562
1508852704810049549
1508822559290273800
1508822222311464960
1508514116125798406
1508504962887819274
1508490679701356553
1508466377002262530
1508455091942141960
1507410874574643207
1507390057623265300
1507384549872963587
1507348476069351425
1506688696241856517
1506687961018023940
1506681193395331078
1506601583865479171
1506601552768872452
1506593565400514563
1506326244912250888
1506323100983570435
1506019348120432640
1505981750849282054
1505974906982391808
1505973435083722756
1505968279881453576
1505189843101437954
1505177355064680453
1504869506996449282
1504518285311807490
1504148150793109507
1504134748272271364
1504133700497416202
1503885927449509889
1503885677087404034
1503793454211649536
1503780832544276484
1503764908416065544
1503762463182966785
1503494262134083584
1503476139452424195
1503430228374441990
1503403658171621377
1502354330149703681
1502008927663407104
1501984343895465990
1501964452270325766
1501964218924507146
1501590809174552581
1501288789226008578
1501231554961444867
1500880555730259980
1500212625963163659
1500205394051932165
1499827030174617603
1499826545665454084
1499773555441029122
1499773539104219139
1499771419957338118
1499473478105370625
1499472938680078336
1499417765836374016
1499416977525604353
1499416721911918601
1499416641737826304
1499141590224355331
1499139654372798470
1499118741153628167
1499118432180228097
1499059079108608002
1498738526363566082
1498738057578754048
1498720634356080643
1498712243055247365
1498696635819429893
1498694025951559695
1498693721684160520
1497299620757753864
1497298301598773257
1497298183659167749
1497298069884485636
1496969365551566851
1496889044554457097
1496889019535351808
1496875430686896130
1496705609193959432
1496594164653428738
1496583588225105922
1496280856872243200
1496242962979823620
1496242817219321860
1496222705439358983
1496209799968612356
1496208578059063300
1496207522096685059
1496205428954443777
1496199844444217347
1496198831779758086
1496158242845736968
1495909083567861761
1494795549983363083
1494788782616371205
1494786299567521805
1494786170986844161
1494779642175238150
1494779611993018376
1494763563868635147
1494760456791244802
1494676134579089411
1494676037199933443
1494450072146350081
1494429221573300230
1494419295123738626
1494418956261728259
1494351663578202112
1494351264251011073
1494345500048384002
1494344065231511555
1494329852316450822
1494066242373791749
1494016743051776003
1494015501193859075
1494014301673340935
1494014245784231946
1493707533562920961
1493693601859186692
1493644923756859392
1493267423352479751
1492265234966458373
1492265091907178501
1492265072198144003
1492265048097665027
1492183484793856003
1492167053003956224
1492133378900082690
1491781477750689795
1491775134721523712
1491563350987264006
