1534549622349234177
1534299018708361217
1534299017110335489
1534274138499588099
1534258194549284865
1534237742930046976
1534233269310566400
1534150521296125953
1533914159238324224
1533914151587876869
1533449059175845888
1532798387304771584
1532754009953476608
1532738805131841538
1532097653751762945
1532065886429118464
1532065884826914817
1532059529038422021
1531773266540363776
1531765464782741509
1531750227396505600
1531750226071019521
1531749396811075590
1531293325097062403
1531293179969953794
1529511837330509825
1529511314976030721
1529257526969225221
1528177122371567621
1527385498234327040
1527324765265874945
1527315620748206081
1527288465376911360
1527107863683948544
1527027495639257090
1526998864468889601
1526998862182993923
1526996020739072001
1526657557560950785
1526648749547614208
1526636688105160704
1526616756789338113
1526616755304546305
1526597969654468609
1526333880621584386
1526333879161962496
1526281303842234370
1526280306340384768
1526277049631051776
1526277048305598464
1526267273958268929
1526265296776007681
1524834294299955201
1524822729244954634
1524820031753838592
1524428368703238149
1524403970961289219
1524395150289604614
1524143492254998528
1524124618226692098
1524115837753475073
1524114337962545152
1524113774977986561
1523652758146068485
1522715834300444672
1522691674979282946
1522678694233493505
1522678692853465089
1521558931688022020
1521558926583554049
1520139510297866242
1520117405699170304
1519803037967171584
1519803036667113472
1519323240140881920
1519319203790139392
1519005890539630593
1518997391067734018
1518673700446347264
1518654827214999552
1518651051921920000
1518644834864672768
1517559700660932608
1517559688895897601
1517532913159614464
1517239313217605638
1517217525825785858
1517217433542705152
1516873316522512388
1516837601008791556
1516828184347561989
1516540610093723653
1516540306245701638
1516525214879920130
1515002016262729737
1514980198042767371
1514634257699950593
1514306171208880133
1514279550804504583
1514275303434207237
1512542182342803461
1512536995456823297
1512178423757787139
1512178155267706885
1512159381869187082
1512159379960832003
1512154915308593152
1512106941623025667
1511793433513537546
1511743821197025296
1511706645805547529
1511431074219442176
1511406204039356426
1511348301433610253
1511342619820969999
1511092252000542721
1511092202671378441
1511092181276282891
1511089978612203522
1511076598090539012
1511010071131701256
1511008868557594627
1511003433314095105
1510406733524574222
1509913222480117762
1509643859147595781
1509603759940325388
1509552025935228928
1509538498889535499
1509291143523184647
1509275130802888704
1509275129578205187
1509151391012507654
1508869094921019392
1508814988319809552
1508796227952992271
1508553263750262787
1508543418980573187
1507423769333227530
1507399149616091139
1507399034465624076
1506716661608587277
1506698542269833218
1506680351539838976
1506665866448023565
1506665864468344842
1506344346320314373
1506024098505261059
1505997054761484289
1505995317552025602
1504928487207051266
1504875449821933572
1504856994813030404
1504853405080113158
1504594667815550982
1504584788660862976
1504218102460043268
1504193435133165571
1503816114182230017
1503815979536687108
1503764204897116161
1503764203613663239
1503472490491830272
1502304372046323726
1502304369789779978
1501991553027514375
1501606748058099712
1501558674648563715
1501346935164313612
1501337153212723204
1501326833702346756
1501324826807611395
1501295440003690503
1501288579376504834
1501284763663011840
1501183990279159810
1500919210850979847
1500907264571494404
1500904606339059713
1500890327560986624
1499391646798016516
1499100980880699394
1499085846858936322
1499081733781831680
1498856600274182151
1498853954125455367
1498851352595816451
1498849800736976896
1498787836434202631
1498781984167968772
1498704941552222208
1498704940071636994
1498679601656176644
1498410297333325832
1498368489752567808
1498343388059480064
1497391884746080257
1497289544240148492
1497253602292809738
1496966918137331725
1496949869570887680
1496552940336664581
1496527063192322051
1496223407452692483
1496214909218136081
1494782524861689866
1494773838688788487
1494773646946099204
1494397487536349185
1494385847789047822
1494385567374712833
1494358889005043716
1493243268292771840
1493240111248543744
1492234487702433803
1492230710173876239
1492201321507741706
1492201253249728514
1492198396089749504
1491782050155839489
