1534658306127630342
1534227378599346177
1534221582524112896
1532459761232494615
1531753038536396800
1529628978310414342
1529628975928119296
1529218099873972233
1529210081333719041
1527686648561123329
1527686637756588032
1527686627698647040
1525898607911632896
1525898606380826624
1525898605067902976
1525898603654434816
1525160459149647876
1523386658296451080
1521559992394043392
1520168564128456705
1520168562509463554
1520168560793989120
1520168559153979393
1520168557350326272
1520168554716405762
1520168552971612160
1520168551314771969
1520168549641297920
1520168547988684801
1520168546285854720
1520168544641728512
1520168542955581441
1520168541231714304
1520168539549745154
1520168537842753537
1520168535737217025
1515855128124874752
1512169069985898498
1510682851318157316
1510385307149115399
1510385256913944582
1510385194108399624
1510385179860389893
1510385170725187586
1510383918964518912
1510383883703013395
1510383770616147968
1510383761539616772
1510383745160908806
1510383737875349507
1510383720594915331
1510383711010885633
1510383698335703040
1510383517603086336
1510383453933555716
1510383387177070599
1508151117804355584
1508150953622519818
1508150798387191808
1506014235465338882
1503890250325794822
1501335275204608003
1499911638497263621
1499911235764109315
1499910751552782336
1499910067520421888
1496340583304081408
1496340055396397057
1496339779935477762
1494486039884402689
1494137803592060931
1494135115936579584
1493091523579236353
1493091165083774976
