1534639748450594816
1534580265569374208
1534564559960297475
1534564450765787142
1534558086232522759
1534536966322135043
1534313480668454912
1534268126770216962
1534262061189963778
1533969134748319744
1533841298855280644
1533512617494454275
1532804131483750400
1532744706114846721
1532538349965164545
1532434857372045318
1532434855270699011
1532066445051367425
1532057248930770944
1532001279949537282
1531756328565219328
1531451228026195968
1531451226642161664
1531379206604693509
1531299554594893824
1530242443358117889
1530174780376227840
1529916603739033631
1529828264558178308
1529529542313902082
1529495771430756354
1529253084513320963
1529207765968748546
1528038085585424392
1527666481445720064
1527030781658513409
1526954693225766912
1526943766866759682
1526943752257945600
1526727776153194496
1526714939511132167
1526683947782000642
1526655914647900166
1526616732281995265
1525890119252725765
1524863656479055872
1524852226161876997
1524810211650936833
1524807601405534210
1524758570750914560
1524437909314674689
1524418732038266880
1524379292813115392
1524163533092577281
1524028974137020419
1523771317270421504
1523334359545131012
1522635523751297024
1522325409022545921
1522296216259895296
1522190850721206272
1521923461169430530
1521584124124971018
1521521691855405057
1520933652460408837
1519772643582427136
1519766788900327430
1519764653022363658
1519714500651503618
1519691057478488064
1519686305168384001
1519685537275301890
1519526669039640576
1519047829632819208
1519046819967344642
1518658346030665728
1517166347549089794
1516202403959353350
1516074708336320514
1515733028449964039
1515071783162073093
1515056259006881796
1514990157530865666
1514682501050126354
1514682493542277128
1514640599479197707
1514258540596281344
1514254735460679690
1513976017018363906
1513975574192181259
1513949633482997763
1513894933765177350
1513868435431772176
1512866530371018753
1512561710544076800
1512520124800147466
1512145272469659651
1512126351943344138
1511831415326969857
1511743159348383752
1511401078394396681
1511395172038451208
1511364609688711172
1510752841991954434
1510324036143919113
1510323586858426387
1509559004959289352
1509555233365671936
1509541556474236936
1509535483650625539
1509366878174646272
1509286014401060868
1509275241662623744
1509263011994873858
1509213209114390536
1509211111886835714
1509174192880594948
1509163937127964685
1508961112955490310
1508927133070024708
1508920995700166656
1508906361958055938
1508845142668713997
1508545287672975363
1507374485753765888
1506780619002585090
1506374816831483906
1506369732185837573
1506369492498194439
1506283911608999943
1505936301576568834
1505898262015922182
1505013401612861442
1504899434949320707
1504520028892413953
1504490308054179841
1504466019334696965
1504155486748303367
1504102254000881675
1503888096793964549
1502707561300213767
1502305979920179204
1502120350695538692
1502024661122621442
1501954149130321922
1501672236868112396
1501663953121861642
1501661555829747718
1501310437375238152
1501228212705136643
1501212581524119556
1500917103242752002
1500891625312198663
1500876138142474241
1500541716176117760
1499772675564052481
1499421840636366852
1499095507788050436
1498870054091472899
1498867740387463171
1498851538831384578
1498851377233244162
1498848804803686404
1498848433163145231
1498848378263846912
1498790877111762946
1498774211585789952
1498773388105596940
1498771571095355400
1498763455045812226
1498733501943894017
1498668379498061825
1498666447765180427
1498464246635634689
1496729655939940352
1496129217507041289
1495784835700465667
1494778899473092615
1494714213549367296
1494476449151176706
1494368492224659463
1494320995175391232
1494017677563674631
1493747190526885890
1493635503844962317
1493417413047685126
1493264565332807685
1493256102926077957
1492527401087209477
1491879256212840453
1491783799620972544
