1534600897484972036
1534598006464471046
1534598005424275456
1534598004270936064
1534598003226554368
1534598002203140097
1534596457206095877
1534596365875089410
1534596364805480451
1534596363786375168
1534596362733604864
1534596361387130883
1534591878103982083
1534539988674793473
1534519901028859904
1534172610212372480
1533962736564113410
1533962428584710144
1533814833409314817
1532851808485384192
1532455420291432475
1532455418013835265
1532453354630266888
1532453352973516809
1532112395597922305
1532006508938108931
1531285534185758730
1530921455684407296
1530237161890533376
1530237159017529345
1530236412871720967
1530236411043057664
1530184655655272448
1529577929121882113
1529564537573228545
1529524682289995777
1529500958622986240
1529500957461061633
1529500956299345921
1529500954978095105
1529500953765879811
1529446682877911040
1529219952539865088
1529219657613602816
1529071338433892353
1529071336395612162
1528786203767709698
1527784956549902339
1527638541148250112
1527638261035896832
1527336992169549839
1527313407560388614
1527304385143144450
1527086115651727360
1526997994830274561
1526919316561698818
1526727963559047169
1526645977754517505
1526645125107138563
1526608435227332609
1526580558897238018
1526525596452409345
1526360981902970880
1526360147056009225
1526357458905595905
1526357120492380167
1525199260773453825
1525133413337993217
1525115792907456513
1524431128446509056
1524096023685222401
1524078901428957185
1524048997459050496
1522625599726104578
1522625598111297538
1522620775630573568
1522620773730557954
1522254965162627073
1521971129648353282
1521966051973545984
1521874828076240896
1521495693990449158
1520106163345494016
1520104667379912704
1520104663785390080
1520082918403887105
1520070987420778499
1519734397494349828
1519734393006432258
1519733073541279745
1519668918381645830
1519374012949749761
1519358064410992641
1519066640964632578
1518952558492008449
1518942760124153856
1518610526867443713
1517493859055456256
1517193935134863360
1517193187768557570
1517192103805267969
1517191906274521091
1516942714901778437
1516775917904871436
1516508566898810884
1516421898778947591
1516088251810988044
1515492672655532039
1514729746990608388
1514729745556119555
1514589309621477376
1514267973871091718
1513994631121354754
1513869560306446338
1513860408817471490
1513528157189689349
1513514298701750286
1512459452074577929
1512137748219576321
1512069235144495121
1512068767257284618
1511793742197530631
1511764483299065866
1511764480291704853
1511446193917808649
1511391448595369993
1509958679944220679
1509954855976136705
1509626014246313986
1509607627768143877
1509607518204477450
1509577077057597446
1509572422936236040
1509571800941879303
1509544456529264644
1509175205352120320
1509163077975089159
1508812676109066256
1507357185889685504
1507357163882229795
1507078492919316486
1507045335834767365
1506684289831903235
1506674548799942663
1506670741558894593
1506654514677432331
1506639816494141451
1505903414051581955
1505199972949663748
1504879915061153795
1504878236832079872
1504876549723541510
1504835813837783041
1504834718726082562
1504830416565555205
1504830160163557377
1504516252538126341
1504161344865685504
1503823348790349833
1503823346248699906
1503822477629300738
1503822475708313600
1503814720159162369
1503428204081594373
1502409478658002945
1502355796369227784
1502023764866969606
1502014342073569283
1501961128154484736
1501693565822541828
1501687654550757383
1501662115165261828
1501630316246667268
1500947765265850368
1500895779661176837
1500869978391728129
1500845387489452033
1500632078903357445
1500631406254477320
1500146651188678657
1500146649544466433
1500144523976101897
1500144522516484098
1499767001094533122
1499479997320421388
1499477269722587140
1499476807149670418
1499426381880569857
1499420163095080965
1499411841738489858
1499048681730936832
1499040561818386437
1499040560614621187
1499031695596605440
1498852101761507334
1498816575369003014
1498816405013254145
1498776241637404675
1498768575288553474
1498747408670502915
1498742523531075586
1497712461352341504
1497305732575752192
1497229504779067395
1496961917851688972
1496961007004049410
1496960430572507146
1496882280450695168
1496882207746818049
1496872903588995076
1496870800279805953
1496532611493150720
1496501364930789377
1496501363630563334
1496501161460912128
1496501160307576836
1495915158731993089
1495789137034715145
1494673967529054210
1494330950276173824
1494329985552683010
1493990013759066114
1493965883202539525
1493695364230230016
1493634173516529669
1493219571481952260
1491884168128733203
1491859147314417669
1491778325995479041
1491774732768796679
