1534644763751768064
1534641306202513409
1534624781521276928
1534618775546482692
1534586959389245441
1534570883318173699
1534566879024627712
1534237651963977729
1534218063557627911
1534162666129874947
1532746431471263744
1532740177860468738
1532733648067239942
1532558416979402763
1532550646758613004
1532550645827477505
1532550644338499584
1532095203288535047
1531674026367754243
1531309189691326464
1530210354457985025
1529613237490155527
1529504052207357952
1529504043789340673
1529487344503508994
1529485909275574273
1529458112163364865
1529231369380974592
1529178188093562882
1529178181307142148
1528804185193463809
1527352372443648000
1527308170342834176
1527006093850836993
1526992333862060033
1526960050618638339
1526705041335275521
1526264065274032128
1525897781973504000
1525630966814887938
1525156181248974849
1525156080703135745
1525156072968835073
1525156060834713605
1524857458941825024
1524748526407745538
1524492165501624322
1524434184890195968
1524170494383165441
1524170489316446208
1524170484857946113
1524170479833128961
1524170475726848000
1524168065038143488
1524167822745784320
1524128928662790144
1523373220573118466
1523020375801671684
1522979540649320450
1522657078409629696
1522626848039051265
1522241551459627008
1522241544656498695
1522221174238945280
1522220621374967812
1521946495431417858
1521610246053052416
1521595126765789184
1521595116850487299
1521573239553765376
1521566486749487108
1521531691742945282
1521498193439203332
1520050813984555009
1519760015170617344
1519757392673742856
1519740119326109699
1519717317550161920
1519701901960433664
1519699458786664449
1519691572287315969
1519688846388125696
1519404856192213000
1519379895800979457
1519375618814709761
1519371736596336641
1519347615430844416
1519333753138597888
1519120497480507394
1519022408870547456
1518977246257684480
1518365779468693504
1517556487559823361
1517538496856133633
1517258444180500480
1517237823534993414
1517219173746851842
1516895128111259649
1516881375575564288
1516854440455811077
1516847974239936513
1516823934930464774
1516823923656167432
1516802715619315714
1516563881098944516
1516563800031469577
1516557111957803012
1516557100889124867
1516528313598197760
1516507404367712267
1516495209315676166
1516495196531445763
1516486921307971589
1516484121270362118
1516432246151987209
1516120011877896199
1515779316063383552
1515674927705333764
1515508248618717192
1515385881087070213
1515364399183192075
1515044658879115276
1515027175686123523
1514994399867985924
1514766192342286338
1514609862595919875
1514352010073620482
1514351753826910214
1513921937571033091
1512180232161312769
1512145570865033221
1512145024288444418
1512092898103332872
1511779283898974216
1511769176653938695
1511418638443626510
1511399588665733120
1511382615324082183
1511363506343489539
1511346945654202374
1511015467984560129
1511008873460682753
1510295243656159234
1510041595911061511
1510041584955535364
1509958872076857350
1509659664685932548
1509619971462156302
1509311780421521411
1509305320585281548
1509305318370590721
1509267565394251781
1509256054709891078
1509256053472600068
1509220573196558342
1509198939576225795
1508917283489525763
1508911691031064580
1508904454782951431
1508888254615113737
1508835337698750465
1507111469879603205
1507039351301197838
1507024449131876352
1507023680018259978
1507015050053050378
1506977751059808268
1506792537826148360
1506792535850684421
1506724772671070208
1506722706343051265
1506715826942095362
1506704104114073602
1506664262441312260
1506661317947580423
1506276534658781198
1506047443254890505
1506040797262761986
1505968703145488389
1505185901797855232
1504856004399349761
1504569000361181191
1504508132357292038
1504484000328429568
1504239106716491776
1504239103977664519
1504143204576333828
1503864197234499595
1503782417680773129
1503773351826923523
1503729341238235142
1503443072138555392
1503400745424633862
1503399587368902661
1502393378641698819
1502353945917804545
1501967890983051269
1501967888017768456
1501688784198549506
1501688782495662080
1501664350427361282
1501608494197354503
1501577053832949764
1501569847540559872
1501270618607697920
1501266143901847552
1501261605497155591
1501256505286434818
1500936547574632450
1500935913496621069
1500899519495647233
1500882884156088326
1500679590599172097
1500630002035052545
1500628478340780035
1500598092181213191
1500597903890558977
1500531486281375749
1500513746048987137
1500508915947040769
1500508905708920838
1500271403991552003
1500228814303023105
1500222315451277318
1500144150548819972
1500143098411769858
1499858250476539912
1499855303000612876
1499804246027427848
1499545296606572551
1499078567065489415
1498857688440225792
1498854963606429696
1498853440625291265
1498852575675826186
1498847882576900097
1498847646563373061
1498847304064946179
1498822020670406665
1498747746227994629
1498394507947266050
1498386040171737104
1498305656268464129
1498305654058110982
1498008907524059137
1498003332950073345
1498003330760511491
1497722339395608582
1497722337747251206
1497373386523258887
1497373385633976327
1497373384052822018
1497358980577955850
1497311714244587521
1497280161745707008
1497280159791128581
1496965837051338762
1496965834903744512
1496934112174608398
1496891560486703106
1496656355863760898
1496656347148046336
1496583698455613441
1496528955050020871
1496528952696918016
1496315502028800004
1496296446970241029
1496180369766375430
1496137419191734280
1496137416880664579
1495911261015777280
1495859935497920514
1495797393928896513
1495797392091848709
1495512719935651842
1495512717528031243
1495116410577633281
1495116408430206977
1495116401794854923
1495116393334849539
1495116386103930884
1494795779822821392
1494757152354930688
1494757149456621574
1494741641860685827
1494720545862082568
1494720544725516296
1494720542821212178
1494415659593355265
1494415648147005442
1494330282215804930
1494330279384653824
1494080059589767171
1494035362531971078
1494030500377341953
1494025614248054791
1494002644146601984
1493959643349098501
1493959641398661126
1493642245324611589
1493642243529396225
1493442559540187137
1493442550128164867
1493328699080515586
1492944920210030606
1492531221565476870
1492531218948268037
1492156035821449216
1492156033850032133
1492138500036214794
1492138293802246152
1491865118359138311
1491796975108308994
1491796972272959504
