1534657907299598345
1534657905894490112
1534608174409474050
1534253250660155392
1533938627255980034
1532943312264511489
1532943310196813829
1532943308732960768
1532943306812010496
1532757327950106628
1532735219106725888
1532537036728582154
1531322038463344641
1529303736572600321
1529159194435371011
1529136928905371651
1528450627021381632
1528178832519221249
1528088235213299713
1527670991085875200
1527670988024037376
1526988607084429318
1526978718463320065
1526663934677229569
1526246969760526347
1525913434717552641
1525631667909627906
1525551522217459712
1525279730617880576
1525263525047939074
1525201322173251593
1525162822501646336
1524879959084392451
1524879901056196631
1524823153465245696
1524823090940739584
1524510785409630209
1524218714358493184
1524218709828644865
1524171566191452160
1523876438159601666
1523706104047292416
1523377195564953600
1522683178808446976
1522025280709312512
1522025279388061698
1521558125618372610
1521558124351655946
1520478091948089344
1520077952972599296
1519854485992050691
1519505138708357120
1519505137038987270
1519420356414656513
1519072446191706112
1517948925554044928
1517734688504303616
1517577538889039872
1517220073307582464
1516896616145461251
1516599299097964556
1516243188402593793
1516243184837402633
1515829353640304646
1515767047203946497
1515505084280545285
1515433855838298116
1515134167629156358
1515134165238390788
1514825744345714694
1513699171668275205
1513234106674343936
1512871718913781764
1512617555021733891
1512467331309617156
1512273588019253251
1512273122078212096
1512177939206766592
1512105150873313280
1512105149543690241
1511778700408373271
1511150108137639941
1511150107017756673
1511149984896401408
1510644024671191050
1510644023391883274
1510331232793550853
1509938661772742661
1509931094459617284
1509697059607224320
1509620937863446529
1509572275108032512
1509539424203325448
1509370150784573442
1509245857220157449
1509245855949336583
1509228345212514307
1508924418633961479
1508849816582955009
1507900583319117827
1507358733906677761
1507358729951494153
1507358725471940629
1507358720216416259
1507358715728613376
1507358713606201345
1507133035862450184
1506755635563614213
1506755632958951428
1506454050111434754
1506318931576987660
1506318927600697352
1506019762949685248
1505620190255591424
1505257801852981251
1504986014212759555
1504901096027869190
1504631170075529218
1504578330749808641
1504526173291921418
1504526172121702408
1504526169751777287
1504262480704507907
1504220563220451330
1504220562159190021
1504220561077116933
1503866780149760006
1503866659098054662
1503829442480812038
1503796923060215812
1503425318786408450
1503083471417225216
1502736186577612800
1502332272212537345
1501974572501016581
1501974571406221316
1501974570034675712
1501739620324634625
1501682072552980486
1501651169726324736
1501651168388337665
1501392329864847364
1501362133304373252
1501336560830091267
1501292894354751489
1501233396726571012
1500975432237293569
1500925896546557954
1500924499478421510
1500920950308626438
1500920930511556612
1500899177924079616
1500899176829304849
1500899175235563528
1500572136171311116
1500203243414200325
1499801107568250891
1499495459638894595
1499137067556687874
1499080367457898506
1499080364651864070
1498878894837047299
1498878889166352385
1498878881671098369
1498878875736186883
1498852157067612166
1498517523167383554
1498481157666713600
1498402670121476105
1498402666799681541
1498025140986261504
1497755048205553666
1497755046867525632
1497755044661411841
1497662756127850500
1497441227456851972
1497441223459680256
1497337313352953861
1497316921896804353
1497258842819862532
1496994003450884104
1496537428512976898
1496537426159886336
1496247999701397511
1495934955851067395
1495934954223644677
1495505974718832646
1495190154205704194
1495190151663923208
1494734102578319365
1494734101064077313
1494734098664988674
1494725902130810890
1494391305295826948
1494363513812303874
1494169736023838723
1494021877504880645
1493683556387852297
1493648752757858304
1493285542313738240
1492959261516656645
1492596874653536256
1492184736625795081
1491987136324775947
1491864551201120257
1491830164250103808
1491600306031022083
