1534560110802083840
1534543264191324160
1533827240076754944
1532815538270920706
1532459776847888398
1531430552619843590
1531267404495478786
1530288272156524544
1530215240566284289
1529939034847559684
1529909615793688576
1529859574374735874
1529845575780290560
1529293819149156353
1528773816729624584
1528773815374864390
1528070648970477572
1528011257676288002
1527770790929874945
1527770789688270848
1527723313828712448
1527721112570036224
1527642799423860738
1527639605041942529
1527451308898279429
1527331618838306819
1527322652247216128
1526997345656836096
1526978455644028932
1526240745010733057
1526240743723089923
1525884007912701953
1525610611660431364
1525518446145982465
1525479559801491461
1525237111431090177
1525224265808809991
1524780075761160192
1524764441555963904
1524517216611352576
1524393162105626626
1524392944530337799
1524388153204908032
1523710136061415425
1523670074003161088
1523379043931852801
1523013956926812160
1522965646258339841
1522937393216634888
1522622318874345472
1522622219809140736
1522616467925184514
1522604633599918080
1522586863172739072
1522385856216064005
1522303671089844224
1522303668862820352
1522274991852634113
1522251729848479744
1522222673748803585
1522205829415550976
1521621224056668160
1521617593102184450
1521200912311758848
1521200911107903488
1520916188422934528
1520824374164606978
1520481446569422851
1520430226479661056
1520157981517795329
1520157978481119232
1520146837042249729
1520084264817205249
1520064794153345025
1520053620754034688
1520046968608854017
1519815536619700224
1519759194865516546
1519468865851469826
1519393656712609792
1519329898824929280
1519328975922896898
1518180077586071553
1517959062582923269
1517843355870371841
1517632166729076738
1517577488188289029
1516578748237332486
1516176847003914241
1515683274034753537
1514958088893304840
1514674905547218947
1514654386647146506
1513906320704950274
1513240142009585673
1512861808280940547
1512807841760956422
1512514038844035076
1512507751502688257
1512476217215262726
1512435540854980615
1512435222436007936
1512146617721397256
1512075588185460752
1511361534286516233
1510271266359590913
1509968439854743553
1509936733013561347
1509898763426541602
1509675916393426950
1509629302043815939
1509620959619305478
1509614217883799556
1509278856833908740
1508809168182030344
1508475581284900864
1508475580127358987
1507718382124253186
1507374600279236628
1507104847249780750
1507090598955786250
1507085129822478341
1507017715315208194
1506739784479383557
1506303389046657038
1506276300402667531
1505587945935450114
1505268270118617091
1505172338165301260
1504932849320878080
1504899380914143236
1504883060327821318
1504838065117872136
1504598182247997451
1504574350443352070
1504493866543722506
1504170443506393090
1504153898306748428
1503905603927879681
1503413483056111617
1503401034496057345
1502672228424757248
1502341772978098181
1502132744360497152
1502030506233323524
1502020346265882624
1501961733623234567
1501380600653094926
1501292516892712961
1501287813664460803
1501234097032769537
1500501648409563137
1500187734551506951
1500117326016000003
1499880724505280517
1499870431431507979
1499800500442644483
1499793584773468162
1499768780804796419
1499533852187975681
1499487671298707458
1499415482151153666
1499137597695741959
1498870144369668099
1498774547675455488
1498448373539647493
1497362173261238281
1497329071000367114
1497290491754389504
1497262927648370689
1496979695287558144
1496869152316964866
1496869150874079232
1496234618386849801
1496234616994287618
1496234614884605960
1496208417962213379
1495834652334075904
1495766673529397250
1495123583084998658
1494450037111283714
1494351354751557633
1494075818967973890
1494021330399809550
1493744052885344260
1493729424419688456
1493675821294358528
1493660906538086400
1493341132654358529
1492133588766236674
1491923739033968641
1491907168202903556
