1534643243522170884
1534634412666675204
1534626383493734400
1534193961694334977
1533920425381601280
1533868703288377344
1533843224485416963
1533142170399608833
1532745477539737600
1532471694958501888
1532471693863706637
1532471691720417295
1532042079567740929
1531686115681488898
1531245287674634246
1530711043609067521
1529849050891157507
1529838969298493440
1529823459898888193
1529554487886680065
1529229067056480256
1528531409081704448
1527690334108536832
1527320886952738817
1526634036399116291
1526574421108047872
1526277439122440194
1525657691577786368
1525657413629665285
1525657109068763138
1525287825259765761
1524447420700057604
1523319955546165255
1522597739120504832
1522346024634929157
1521899140422287366
1521671776668987395
1521584291465113604
1521481504249032704
1521184504064491522
1520087282631462914
1520066326437543937
1520061522189369347
1519405778280538112
1519339943084056576
1519329706780368896
1519324568325869573
1519310682474360832
1517552300876869636
1516582023015669767
1515012808890589188
1514682365859270669
1514651100758130690
1514651098816077825
1514431912441524230
1514401830415089667
1514372740983279622
1513689357256908808
1512467906772230153
1512133270892421124
1511767950100996099
1511761378759127041
1511382132685422592
1510063288914169857
1509960786424254469
1509960757743607813
1509617461204766722
1509579925791158273
1508944277514207234
1508800514175250441
1508768935012978688
1508647351069691904
1508462745624227852
1508462730751135745
1507856230739550214
1507511351127822343
1507078977189523468
1507032134908882955
1507032131691814918
1506406320563445769
1506405746153598976
1506405610694361091
1506011683504156674
1505210234272317443
1504867159880597507
1504505211250888712
1504113665217163264
1503847625996615684
1503837247480778752
1503820761282363399
1503820671377362944
1503820498022580224
1503820363511349250
1503820021667090433
1503819553901588480
1503819353984221184
1503818284906561541
1503818032996618243
1503817908417437698
1503817486864637952
1503817083418783751
1503437778440306689
1503093704092966928
1503039635953528838
1502690951625596934
1502375184447254531
1502356834505605122
1502318461392928778
1502318430581624840
1501764382715518976
1501374676114841608
1501289517948440578
1501217079873130496
1499784411038031885
1499777689510719494
1499533818289696769
1499445620649734147
1498860201109336067
1498058345327906818
1497317401389682690
1497273689573933057
1496866331450302472
1496567655385415685
1496539870910685186
1496500997534932993
1496499421755805700
1496187113636876288
1494455406344691715
1494410506731409413
1493982160625278996
1493313959902035972
1493313957951676418
1492594984612204547
1491811001175621633
