1534621986873393152
1532764714819891204
1531735971171008512
1531366078965768192
1529567796211896322
1529555123868934151
1529303946992435200
1529303946094858240
1529303944463269888
1529303943288954882
1529128879679578113
1528195639221403648
1528195491657404419
1527349465853530112
1527291878936150018
1527013123542196230
1527002150118760449
1526993999403405314
1526665159602757635
1526656376029814784
1525154225029885956
1524776568010248194
1524513859222097920
1523325208513417216
1521982667134316551
1519739393161973760
1517645677634990081
1511392450316840964
1509595297613324295
1507072401095417867
1505336599470608389
1504181429298774018
1504181428275265547
1504181427302244359
1504181426157203456
1504181425137979392
1504181424047501320
1503814375437656068
1503444242475241478
1503444241497874436
1503444240248057868
1501671917450895369
1501671885456687120
1501380891196768266
1501226261091270656
1499409540982394882
1498889855526440964
1498385475748384772
1498101536819490816
1498101534567108615
1497751467675033605
1497751121703624712
1496742606084132864
1496565363890438159
