1534657153520238592
1534391025359257600
1534287840871337984
1534242941895471104
1534222974164668416
1533994837422260227
1533925527496667138
1533541679785037825
1533204462931779587
1533073596012281857
1532926374490537986
1532858426413432832
1532755257830387714
1532514911552675840
1532426835874697217
1532166367365017602
1532147492506189825
1531766365534793728
1531408877400600578
1531383714076311554
1530730102018957312
1530299197697794054
1529914022870536216
1529637200991772674
1529585048390971393
1529245455770701826
1528818048966316032
1528490893212364800
1528134803446501379
1527817707378421761
1527362213693927428
1527120614309482498
1527095451664715778
1525932791573135361
1525596937675759616
1525560334014201859
1525252056679841794
1525216819463835649
1524839336407093273
1524785250244743168
1524512179361304576
1524450533737705472
1524419808888033287
1524226544478076929
1524173700521766912
1524140980429012992
1524091911241445382
1523816345535721472
1523797467128635397
1523760977002516482
1523695561202970626
1523441373856247810
1523389786563645440
1523358328042450945
1523076467361742848
1523053819906519040
1523027075632091137
1522744278786707458
1522725407006633984
1522671307384573953
1522619850383937536
1522404548895293441
1522379376003895297
1521613075765514241
1521344426488090626
1521344424839725056
1521344422889332737
1521224263424000000
1521173007456161795
1520910953747001345
1520849299336318979
1520556110398332931
1520499487139155970
1520220144785571840
1520186030107811840
1520155272865587206
1519788552258834433
1519460140004610048
1519369541956124673
1519086425496563712
1519072911654588418
1519019738076221441
1518721522659123214
1518666429104537601
1518307546095837191
1518261144569397248
1518260987811541000
1518001861181202432
1517943899624513538
1517667074637770755
1517619261920972800
1517568930390417411
1517554273994821634
1517299661920423936
1517270715883569155
1517245547568058373
1516948593562763264
1516899752352395269
1516879975730888705
1516220182506651648
1516148319202029571
1516101693758447633
1516099747140014080
1515837520613113857
1515773345907752969
1515498784196804613
1515437382719389711
1515376984037150723
1515151747718651905
1515130360354455554
1515098774791757824
1515062412382253068
1515027635427966978
1514759162613448715
1514721419090923523
1514701200758870023
1514688698515918852
1514655133308788745
1514372737539747850
1514365323042070528
1514328024006762497
1514320020142280707
1514046972411457537
1513980644908539911
1513980642752663559
1512986231537377280
1512939674674860035
1512560937194164230
1512510092410855424
1512187765370277893
1512082066124410902
1512082064480251905
1512082062898991107
1511404242682142729
1511328637475299328
1509668112332992512
1509631701852508165
1509631700166402058
1509622804962025475
1509622803112333324
1509580676055683080
1509258261790445588
1509258260775419913
1509258259491917830
1508900874256633858
1508830721909170184
1508490405960114186
1506319465302183938
1505928778551377923
1504920100931088385
1504210162709676043
1504179051493212161
1503382570372939777
1503382568338857986
1501947000698245122
1501760655380160513
1501726647380234240
1501620832480768004
1501327054272442369
1501302262542610440
1501269476976865280
1498859153296560131
1498847212457005057
1497422932699611142
1497290520787259392
1496939811151572994
1496939598492012552
1496939432535986188
1496938521944211456
1496714560509677568
1496714444935553026
1496714198792818689
1496713445856583680
1492204255708520450
1491578238551805952
