1534681275348529152
1534628217067294721
1534562353286717440
1534264945990324226
1533895372052963328
1532898494054137857
1532830137754034177
1532753350990741512
1532733861892857865
1532451248695394341
1532073963433623562
1532010540876255232
1531259874037927937
1530184669370671104
1529909250960543766
1529590319192453125
1529558046254546947
1529492023321018375
1529428292608172032
1529119927562653696
1528804709951234051
1528788730861035520
1527653975666962437
1527371590815494171
1527352678682021895
1527034812711809024
1526602102935543809
1526579049061048320
1526305994707435522
1525209937261084676
1524121106977808385
1523749839531831297
1523735002059485185
1522763443857760257
1521881038452051968
1521552974216052736
1521188007839211520
1520051652870475776
1519793019226050560
1519763337873170432
1519691283622731777
1519681751412527106
1519428517699723267
1519412533198733314
1518664231222194176
1517604211747344387
1517555789518589953
1517540620558086162
1517530996937211905
1517490651792916480
1517198828616790016
1516847659843260421
1516475928569860099
1516163613836427270
1515741759149645829
1515677323525345288
1514986614862540806
1513959998753226755
1513924597208563715
1512444415469629446
1511868395280642061
1511070149381611521
1510048470803099650
1509967180326178822
1509690535216304130
1509608162655195139
1509531356019273731
1509226483407110150
1508859431580282884
1507435343594676224
1507066830019571714
1506735854299062282
1506724549920014340
1506658714954174464
1506444327874142210
1506272567593779207
1504844271928623125
1504629128770859019
1504605906708930567
1504181028885303307
1503751719590768659
1503453699309543448
1502021556561661957
1501945955356053511
1501925743441461248
1501595622394273795
1501594117381537795
1500948584048562179
1500922490150862858
1499851776979316739
1499473149276086273
1499453815208218627
1499420321664884738
1499117484980506630
1499078705230008320
1499054870984282128
1498778156509057028
1498743072263442436
1498394810125795335
1498303077375430657
1497314913806688259
1497291488803401732
1496868519283200008
1496868517714534405
1496515801674887172
1496201892128595969
1496163263175876613
1494745991127445510
1494700203391213572
1494361791006134276
1494340424328122373
1493983384581902343
1493974554791882752
1493964400230817801
1493596240696778766
1493243600007802885
1492213744906162182
1492149766859464708
1491875866816790534
1491841294729162757
1491795334799900675
