1534185892780425217
1533897147762065408
1533897144540745730
1531265658541027328
1530258987966414849
1530258986259316736
1529909531869954050
1529157271120490497
1528039508868046851
1527710302510489602
1527354625724076049
1526579712071544835
1524852518735560709
1524499596042461184
1524434269975764993
1523713170736439298
1519767979512188929
1519087425427054593
1518946497303175169
1514307382888779779
1513555302418898950
1513555299843592201
1511806649207607299
1511806647164968960
1511761291999907840
1511761270663483409
1511028470830227459
1509934860475179010
1509222635347099664
1508517530196979714
1506662652227035142
1504550516784869378
1504550513924317194
1503817703651479552
1502029987381227520
1496951717635702784
1496249881375215619
1496225887649472517
1494424380134330371
1494405820016123906
1493592501072314370
1493592473209352195
