1534683233308356608
1534681716345954308
1534680382972518401
1534678949359386625
1534677836673474560
1534670036174094339
1534638614197547010
1534638612507238400
1534616778961199107
1534611731523190786
1534609367655399424
1534607770703495171
1534607767297740801
1534574714634502144
1534551939920408577
1534550646585757706
1534534664093827073
1534534661845704706
1534531190492958720
1534513530031972353
1533943614409170944
1533943612400144386
1533935177734529026
1533856435544760326
1533853654314262529
1533846459208065024
1532875151771049984
1532514177000013826
1532514079994150914
1532514078421356544
1532507386170249216
1532445312454901760
1532425540346556416
1532387659070455808
1532373906107125760
1532372914300936195
1532368338030149632
1532355524272046085
1532345120946900993
1532061831044337664
1532049813285613568
1532049811633065984
1531718200215339009
1531700414172876807
1531700412889370625
1531700410892836871
1531697762777059333
1531305485164494851
1529594941663547392
1529594940401012736
1529594938182316032
1529590945204805633
1529555970636058624
1529287374043242499
1529232790692188160
1528436819385253890
1528391504884076544
1527349909833523202
1527339999623991304
1527330651313414144
1527303360076042242
1527275273976131584
1527109250257928193
1527107494866214912
1527056913745301505
1527056911736135685
1527042926408351744
1527025863140814848
1527013427637633024
1527000693344714754
1527000662554320897
1526947524598288386
1526939872975536128
1526939871612370945
1526939870513569792
1526939869125267456
1526939867455885314
1526935426027626496
1526935376555827203
1526676659063111686
1526667176228315139
1526570665297551362
1526570664466980869
1526570663540051968
1526570662361538560
1526563128804265985
1526563114652774401
1526351123191300096
1526325327412269059
1525865300486504448
1525865299563761664
1525865297315606528
1525851954915704833
1525615519478558720
1525530474189312003
1525530473337962498
1525530471039393793
1525223316218331143
1524569600075218950
1524569586313609216
1524489619479400449
1524487609254354946
1524487608008589316
1524487606519709699
1524485518007967745
1524428146858205184
1524415932034080768
1524415929903370248
1524406857108017154
1524398368889389057
1524159115228069889
1524128049360424966
1524028409160028164
1523711559918227456
1523711518742745089
1523467825788059648
1522941310151401472
1522312942817005568
1522222480097792000
1521319525223964672
1521308614341935105
1521247665996054528
1521233344024952834
1521233343072845827
1521218504489320449
1519734539475722240
1519723343703941120
1519702096379056128
1519696001233305601
1519695746534105089
1519695523350990848
1519695289468260353
1519695287631192065
1519688531303706626
1519679320142266368
1519442542961565704
1519429947487662083
1519404076944998403
1519394076801617920
1519394075400716289
1519394074209488897
1519394072028499968
1519381004535881728
1519377110565072896
1519338670242807808
1519328325960876032
1519328324195172354
1519328322504859649
1519328320223125504
1519323264815874048
1519323260822904833
1519323256758620162
1519323199405756417
1519323180296507392
1519323172532805632
1519323164110729216
1519318542214221824
1519075731309015041
1519073227531857925
1518349288954339328
1517583977661575170
1517211088030416897
1516896248363634688
1516168488045400068
1516147943438487554
1516147942134095874
1514648136966410242
1514319473389543439
1513896199199379457
1512178798393016320
1512133629631254536
1512133628708462595
1512133627148177419
1511748196904710144
1511748189505867786
1511743848829132800
1511743847931564044
1511743846924836871
1511743845444329481
1511731750539612160
1511726357147000835
1511711314468646918
1511710857771814918
1511463538669273090
1511410568623710215
1511396594607964161
1511387003325227011
1511354393479819272
1511354392397635595
1511354391231664137
1511354389998489603
1511354388333400066
1511344323245322250
1510299455056236544
1510008816074690569
1509936016756551695
1509914343659511808
1509892900116697089
1509892899185565701
1509892898288017412
1509892897054863393
1509671542720012289
1509667404246396936
1509657025155936257
1509610456117219333
1509610453952958467
1509610451352662020
1509558894368014337
1509558893285982221
1509558892237406208
1509558891117436932
1509558889934643202
1509558888584069125
1508963724819849220
1508963723431624707
1508941996542541826
1508941804648943621
1508941502134771718
1508905343476281345
1508821200843255813
1508821199853428738
1508821198913822724
1508821197924048897
1508821196661563400
1508583264126128128
1507112964607860740
1507112962053578752
1506786235876052997
1506731144661938176
1506731143680434188
1506731142669651976
1506731141281337351
1506715196362006530
1506673580137930759
1505298728101597193
1504835101796048897
1504816400120090627
1504816398907940888
1504570918684741632
1504570549271416832
1504570547874803720
1504473451137957905
1504473449812570118
1504473448189362187
1504473445618184192
1504462989738582018
1504186462039945220
1504114162909208577
1504114161843847173
1504114160778596352
1504114159415345159
1503828451576401924
1503828449596690436
1503733221611212800
1503483635596505095
1503479602924171265
1503390557724418056
1503390556487098371
1503390554788401157
1502044565666246660
1501999303505678339
1501930984110891019
1501575819864555526
1501575818799161344
1501575817456930819
1501224526918873090
1501224524259414016
1501212646279946242
1501003968171945986
1500938501759590402
1499872688516608002
1499829989751111683
1499539349003771911
1499532829079883776
1499532827414650880
1499462439611547649
1499462438256885764
1499127951845167106
1499107751305297920
1499045876328710144
1499045866467905537
1498853267530522624
1498853266452631555
1498847127761469444
1498847126545125378
1498847125328834560
1498844624189808645
1498840485259091972
1498768003403501569
1498683881389805576
1498683708420861957
1498683706801852422
1498683705291948040
1498683703240843276
1498464664824520707
1498460130706341888
1498430678853201920
1498430677850763265
1498430676525330436
1498421433512435718
1498421432229023747
1498388816410951685
1498316805449797635
1497644857124397060
1497343176595623939
1497282792287318026
1497270885581000716
1497228417120538626
1496857005868617730
1496643221295972355
1496618410909839370
1496618409626378244
1496614004701212674
1496257207180177419
1495529312929333248
1494380146408796161
1494379593398210564
1494351800253751304
1494351117177823240
1494351116099858433
1494351115051225094
1494351113679740932
1494328002213122054
1494071805249822731
1493671267542654986
1493671266234028038
1493671264900243467
1493671263134486531
1493671261205061637
1493668582785437707
1493602106628096012
1492254379205959682
1492229972169457664
1492229971070357513
1492229969560449027
1492167689971851265
1492167688646545409
1491821358002716672
