1534627048802684928
1534626319069323272
1534612828522524679
1534518868164677632
1534215387042267137
1534211542027276289
1533923735048228865
1533923657160040451
1533897998366920704
1533862821401870336
1533852753834954752
1533843915547283456
1533843724056272897
1533653834622324736
1533032047194918913
1532641596868636673
1532474331955093515
1532303219061362690
1532302827263078400
1532106417620013056
1532061689918607360
1532043671864061952
1532034575257460737
1531742954666266631
1531709017294258180
1531688697128701952
1531680208566247426
1531670223451041793
1531637137514319873
1531264503081582593
1531264380738105344
1529949752984408064
1529947140075692032
1529596097752182784
1529585504072630272
1529585502910914563
1529585501539291137
1529553044307836929
1529516829928050693
1529516640412499969
1529515823424995329
1529251087017984005
1529251085810118657
1529203552723533824
1529165738614792193
1529129281506398211
1528932556854415362
1528932554962878464
1528932553121419265
1528932549858406401
1528924806028091393
1528924646808162305
1528863656892502016
1528857391818756097
1528857224680034306
1528849954864766977
1528849846123253763
1528849800111734784
1528764693484933123
1528553980061700098
1528418771953537025
1528416996613713920
1528416939323797505
1528416900685803520
1528390227496083458
1528143849201229826
1528027847096340481
1527829770443972609
1527757309912436736
1527744431557836806
1527733623717302272
1527733245252608002
1527706581567258624
1527706291065524226
1527483052267544581
1527482619310514187
1527386656356978689
1527342362053054464
1527308612150099968
1527299413592330241
1527113761840037889
1527102848491716609
1527026636637343744
1527008003827937283
1526990989247844352
1526986167832481795
1526971708208455680
1526970874854768649
1526956827392544768
1526937705170538496
1526921817495154688
1526650608660496385
1526650210570706947
1526646542668537856
1526637943976239107
1526631314220261376
1526623339510480897
1526616035582943235
1526608717248139265
1526603144792313858
1526597035977236480
1526314045086867456
1526289158670532608
1526267040167862272
1526266125641822208
1526254983888490497
1525613303019540480
1525607621046194176
1525551732067127304
1525544136048365568
1525224045532393475
1525161886798557185
1525133076233428992
1524842527463022592
1524837531199713281
1524833952351113216
1524530748035895302
1524530157641474049
1524519526322393088
1524498905580425218
1524433122108059649
1524423711901851649
1524423444825362433
1524422757576065025
1524407147521576961
1524407029435179009
1524230372460011520
1524230370308366336
1524171796957782016
1524102481491472384
1524102040682700806
1524088217926045696
1524025226048286726
1523768990040043520
1523716933022932992
1523700793056104448
1523313309457559553
1522832793679532032
1522660322200461314
1522658818529845249
1522641242135408641
1522623554793189376
1522616702328049665
1522616699505229824
1522608890743037956
1522033753375318021
1522033746014318592
1521937300917215232
1521915443254120448
1521683399869612032
1521649095626178561
1521644764717883393
1521586767664721920
1521552380667473921
1521518277423419392
1521333648372510720
1521324739628785670
1521324737913409539
1521263269100634126
1521241926766407681
1521241922811088897
1521239190528274433
1521170367703920640
1521132311307243520
1521129631830753280
1520774343331958784
1520497644803698697
1520453740385423360
1520165285256482822
1520136906130038786
1520098813104603136
1520094995537092608
1520093873858658305
1520092845796958209
1519833408939114498
1519798462161821701
1519714954299027458
1519714951857905664
1519700644281597953
1519688628779331584
1519678507302981634
1519525600331026432
1519524808073089029
1519517314575646720
1519513267395346434
1519485525152964611
1519437658208022529
1519418672036683777
1519412093446991872
1519411873598386176
1519389748254715905
1519381190733701120
1519376408946130945
1519343176330448897
1519331243552301058
1519330935665274881
1519297838437515266
1519117592706883586
1518993529678278656
1518986736940072962
1518979342541410304
1518942602078441473
1518939365392760836
1518717823668871170
1518709731422089216
1518678240356966402
1518661780456849414
1518650435250405378
1518643774708199426
1518404430361677824
1517971330209132545
1517663505670819840
1517662586711384071
1517662563189751810
1517662540376858624
1517662523654242304
1517662490682830849
1517639535399784449
1517616535136837633
1517612802776707073
1517586922218029056
1517572886772568064
1517539119349514241
1517523631621873665
1517311306650591233
1517292334458851328
1517235812219428864
1517235317216055296
1517208071159828481
1517175003103612930
1517144674259009542
1516898537564475392
1516877272699052037
1516869531779620865
1516869316154642433
1516856637948112899
1516842020500770816
1516779809518624769
1516533825052024840
1516512782270836750
1516511008658964488
1516501070821920773
1516499450830721038
1516499049200988162
1516498129440358411
1516487403074113539
1516449119451107334
1516448085123244043
1516445223991324672
1516426610269990931
1516187481678487558
1516181486726230021
1516167627982393360
1516166372421689344
1516148232694415362
1516147184948977664
1516140769194692635
1516126176619773952
1516125445766397956
1516116515002662919
1515703080024784904
1515459913006342154
1515057370543628305
1514722708197625857
1514722064569188359
1514712704967135233
1514698125272825860
1514683478465470470
1514642229981241344
1514606544788213763
1514346979559682059
1514328821348118528
1513922846304706560
1513627008600887307
1513561891653791747
1513549576606732296
1512907087948525572
1512532052054364160
1512506378551713795
1512486569587924992
1512432406128640005
1512432381176819712
1512201907783274503
1512180912959676419
1512179006694727685
1512170645580308486
1512165435529125888
1512133491550474244
1511828162354851841
1511813324190756868
1511783641550045189
1511761238392455180
1511462543394496520
1511459587651690499
1511428150101786625
1511412578471317516
1511407162635034629
1511407074474967063
1511407061418000394
1511406376186224647
1511406237035941898
1511384594146283523
1511350671869624320
1511167532845174784
1511167295661522958
1511160070096183296
1511159875958714373
1511159695960010752
1511158780800770054
1511110201021194243
1511106030998065153
1511027017453555713
1511018352004714497
1510974014797320195
1510279157162328068
1510254123815473154
1509998504550313995
1509972043508424715
1509948752861306886
1509945478040989708
1509932427199795207
1509931783634173959
1509931667749801989
1509899619463016476
1509899543785185283
1509899511765872652
1509899473094385668
1509899374830272516
1509639239989968899
1509636535813120002
1509619727571820544
1509611060927791105
1509584906392846353
1509583873335771142
1509560609829961742
1509557298594779137
1509315391570518016
1509283375609221125
1509276127801585671
1509276076190715918
1509273747617894401
1509273684665675779
1509253960284127233
1509234995612864523
1509234993943531523
1509226683760623619
1508940772082692102
1508902811706310657
1508893688310771739
1508859718550409223
1508859455592673282
1508859359966683140
1508849020273315841
1508849018612457475
1508836548590120961
1508834860995166212
1508834859606810627
1508834857463525379
1508797818533724171
1508558047324610566
1508549948631130128
1508497491234283521
1508497489342738432
1508473757341556736
1508460139178770435
1507726475906191363
1507725394568527874
1507725370971332614
1507554112665272325
1507468833409613824
1507465470991077383
1507442165387038721
1507428401749106690
1507428399496761344
1507379813711028240
1507378460372705282
1507149250420957187
1506828926034882565
1506828924302548992
1506828919303032835
1506769478041968641
1506761543161200641
1506758557160689669
1506726940295806981
1506398123308032009
1506367848779767822
1506350774896369664
1506350726490079241
1506349965861273605
1506302847519969291
1506302824094781453
1505996901962944523
1505943729403801600
1505264460272791554
1505046525554008067
1505046523419136005
1505046521699397640
1505046520239861762
1504979356543819777
1504883390029438982
1504873066190544902
1504867455767830535
1504821193127477256
1504533033214431234
1504530466585653254
1504502486568157184
1504489706452656128
1504486327282290688
1504469007235104770
1504158253814591494
1504158252107456514
1504155892173922312
1504154035233988613
1504137849943347203
1504137213436702726
1504120740441997312
1504083381205839878
1504080901474598920
1503854414922235907
1503747013711699979
1503725557019721734
1503725407698399232
1503411709326897159
1503401426025910281
1503040112187256835
1502450588197470208
1502450586565980162
1502412786747518983
1502409504000032768
1502352015523041281
1502351963475828745
1502339867686191109
1502327827869360131
1502324510263058436
1502280144211349509
1502129419950907424
1502129412984168466
1502127020460945408
1502049713696264195
1502039243979382797
1502025838971297794
1502025837163552778
1501955757411033090
1501931083495092224
1501783049196945413
1501783043333316609
1501783042041524225
1501705075781251073
1501701897622900740
1501600636495974401
1501572373924958209
1501508644038393859
1501344023583281160
1501341479385636867
1501336588709765122
1501335536975368200
1501315132709916673
1501280885894787078
1501278895320051714
1501237944522362894
1501222786265939968
1501216516812984322
1501216423594668047
1501205238489006088
1501201241329840139
1501009354333511680
1500953606715056129
1500931576645005312
1500928851651796994
1500928843657404417
1500884363755626501
1500874897429512198
1500873452655370240
1500870716786450434
1500648981143166979
1500648979360583680
1500648978056204290
1500645805878919168
1500571504538492935
1500571473559359494
1500571446514696193
1500306191687327746
1499897799902650370
1499897560395309060
1499894241396461573
1499856450641960963
1499851182851899392
1499836391999553546
1499788888109371397
1499772735307796481
1499764636371013637
1499524711864274947
1499520079519694853
1499505568612237312
1499504632153968661
1499421745488531460
1499216584564424708
1499122265593683977
1499099344552742922
1499098806499033097
1499095887787831300
1499094570419773446
1499092239124946951
1499088901595615243
1499083284466262020
1499065093266550795
1499065080155152388
1499064967919718401
1499058112724148229
1499051225760813059
1499042911736025093
1498854979381174272
1498853812735553538
1498852837035548674
1498852696476069893
1498851148362620928
1498851130381586432
1498851108474732544
1498850487034163204
1498850106631757825
1498849223416205315
1498848066320928773
1498847941381005323
1498847938793123841
1498847838473650179
1498847700665708544
1498847698824437764
1498846246693482496
1498844885130137606
1498844249256828929
1498843445875515392
1498834554680926218
1498828571581759492
1498801274153803783
1498789849603710981
1498789847200317442
1498730527645474818
1498730515507163139
1498696141625597954
1498682521080504325
1498400190528634884
1498387141193306115
1498346615580540932
1497803625036492802
1497803622079471619
1497783279151456257
1497738181378252803
1497723854604668934
1497723842973814793
1497680978927448066
1497680210677809152
1497679476133617671
1497639498284355584
1497633385400856578
1497633336834998274
1497633308187922432
1497633205154828290
1497633017870708744
1497357646470524930
1497343306228924420
1497318526088105987
1497260851732041731
1497239601739702293
1496960676379697157
1496908085721448457
1496719914161299458
1496696535622422535
1496695489869213702
1496695450002288642
1496695310847909893
1496627588466458629
1496616957830995975
1496570996844863502
1496527399038730248
1496513208189919235
1496499320853512193
1496499316449493004
1496243403692163080
1496243073650675719
1496232840949862412
1496217362290421760
1496212518863351812
1496132037924773889
1495885853515784199
1495885446655709186
1495885238857351169
1495799889107861511
1495131711394533378
1494710697699291140
1494709347288592390
1494697222944010250
1494427135804686343
1494419620819841024
1494407044388081675
1494348192137240581
1494348191109636100
1494348189499105288
1494150457496936448
1494109494686617603
1493788513342574592
1493665300339990531
1493647854845448200
1493428008845299719
1493341967387967495
1493316592616325126
1493306985630027776
1493264645515317252
1493264643812438021
1493262143600447489
1493085917774430211
1493085035963973634
1493084828769480705
1493084740265463808
1493083472683962371
1492607541716697095
1492571182528352257
1492305265550446595
1492305245124247552
1492305176497049600
1492304704159694848
1492265643412017154
1492255659437572102
1492255097711214593
1492208756591058946
1491875511362109441
1491875482110992388
1491875469888737284
1491875451421315079
1491875427857666056
1491875405246222345
1491875388846489607
1491875374938083337
1491875351567515655
1491875330897940481
1491875315123113993
1491875259682856961
1491875162668556291
1491875119614017537
1491847400822124554
1491847090594631681
1491846965457571845
1491820632593551365
1491809955170631680
1491775219958226948
