1534682938436112384
1534593696179671042
1534590987200233474
1534316778335047680
1534256379191492610
1533961944738168833
1533943063369883655
1533907140515069954
1533516502875246592
1533448562809487362
1533203188001669121
1533147823801245696
1532481074596569094
1532092724723257345
1532015766211543041
1531795160794898432
1531753636639801344
1531244039244115968
1530911843404767232
1530609852170391552
1530545677003960321
1530301568943366144
1530265486797201414
1529213147441160192
1529186722801516544
1529151058865446914
1528850760925990912
1528805461440356354
1528473271393562627
1528412874929893377
1528382675777515526
1528125984481759232
1528073137409052672
1528055125486587908
1528042943507988481
1528012741465751558
1527778698119630848
1527707241616400385
1527386515436752912
1527344584652574727
1527278557390860289
1527037025970421760
1527036862921048065
1526945061065351169
1526351798184853505
1526311247209193473
1525913911047823360
1525883712046497793
1525830859768713216
1525581719142682624
1525528871789027328
1525464698165919744
1525249534384779265
1525185662319833089
1525102309453209601
1524906016105631745
1524842019843100677
1524842014017310720
1524842002654842883
1524539858261356551
1524498329924608001
1524467947158315008
1524378128814116871
1524135487409168390
1524038095758315520
1523771633495724032
1523369643053703169
1523271499662061568
1522969510252326913
1522943081955397632
1522674029806731267
1522630598753464327
1522624734256676870
1522570628095561729
1522320229132558336
1522279140031926272
1522229312346333192
1521999363106615297
1521948415957127169
1521625655796015104
1521594906162171914
1521577035415568386
1521577034031505411
1520832927453487104
1520764980773089281
1520489413691817985
1520454181794074624
1520149675860537351
1520093052425097216
1520025119707467776
1519825036143644672
1519794837297328129
1519760864294883331
1519749538692538368
1519732734993833986
1519705261493075969
1519666491225821189
1519432449155026944
1519394701266210817
1519372051424813056
1519341852637515778
1519338078208364544
1519096486105124871
1519068047964663808
1519054961702694912
1519036088051847168
1519024007785238529
1518250914498310144
1517926281966284807
1517877201944911873
1517646934655201280
1517602203770490885
1517602201954402307
1517602198049501184
1517295870676377600
1517261900777730048
1517230530642722817
1516910833862774785
1516876861741010944
1516852256905338898
1516514473074466820
1516476727857405962
1516050061867851787
1515665613422747652
1515455093654667264
1515127095445401603
1514732731644661775
1514697499470094342
1514642166802522115
1514596839202254859
1514347695825043456
1514317495800373249
1514302397211987968
1513859985276641286
1513675767112245255
1513653117551722499
1513638025493815301
1513230337123487745
1513154834274287621
1512920793759453184
1512852846143684608
1512558404203601926
1512460259444539397
1512130988264022025
1512097877111107587
1511818529334562823
1511788330970669062
1511750589801283593
1511675085643415553
1511116406884077573
1511093755444662273
1511088628864327686
1511088357987790855
1510618124109824005
1510316132649127940
1510285937619705865
1510263281965019137
1510021690524319755
1509923549003218944
1509884077993828357
1509530969987977229
1509281815776825348
1509263901778759686
1508836383942602752
1508827524175904769
1508806150497742853
1508549494794686468
1508526243523747841
1508168226546634752
1508088955945861126
1507779416302100481
1507734126912180226
1507346855600041986
1506714899921047552
1506348471174975492
1506022916034633733
1505595094224805892
1505242703549763586
1505157171134279687
1505157170182201350
1505157169150414850
1504913389457489924
1504590338555580417
1504590337335083016
1504534928918257667
1504208216359677952
1504208215172694021
1504208213822033922
1504208212320559104
1504100762883956743
1503861097568342019
1503820127833317386
1503820126612770819
1503820125300002821
1503820122695385089
1503505485919567874
1503015525898756097
1502773932482568196
1502721083912474632
1502660694608527361
1502411544470208521
1502400219538812928
1502384113558425602
1502366248360837120
1502334189600968711
1502049159246974976
1502034059026915332
1501918586708897796
1501683097628258316
1501280568713039872
1501260415744937987
1500984648255434752
1500920907778478083
1500486361220059138
1500184375438282753
1500123973492822024
1499814433941508101
1499478468010000412
1499165154465890305
1499134955384979467
1498868090116972544
1498862859274620928
1498859139254079494
1498856336754450433
1498855932985585671
1498855224043266049
1498855130187407363
1498854950499143680
1498853777343922185
1498853414196940801
1498853082637217794
1498852670819426312
1498852472793804801
1498852382041690114
1498802765178421249
1498795216152641542
1498762196125458437
1498761166771953666
1498032691186266115
1497949650313113601
1497655032531066882
1497617456638021634
1496879881028009985
1496628440090435591
1496578352995618825
1496254195325882372
1495412940127698948
1495126044382220288
1495110945852379140
1494759170603724802
1494725904202756099
1494087947716423689
1493993584458043395
1493389606666088448
1493323670156107781
1492883764220870657
1492574224229224453
1492521376682496006
1492302438652686337
1492264684900151297
1492226936495480835
1491774632344621058
