1534580176163569665
1534533290979381248
1534290567332495361
1534242441410318343
1534178658109251586
1533905562936791040
1533816731604598784
1533555006615367682
1533480266089410560
1533217281102290944
1533170220935815169
1533090011020763139
1532833106360672260
1532833078980366338
1532771422493454338
1532487472302546944
1532479753667633182
1532467078745186305
1532420326163881989
1532411792231649283
1532081622388035597
1532028432435101697
1531290837383929857
1530997906940915712
1530942794323329026
1530630737384181760
1530576127713890304
1530244442162049024
1530200152064946176
1529940942458961926
1529916783250903040
1529893127653408768
1529875509223604226
1529207947443716096
1529190993068806144
1529095739548307456
1528825977643618307
1528825977631035398
1528825781446754304
1528743690809790470
1528464714870554624
1528394250941083648
1528131519792828416
1528014247145484288
1527760515031760900
1527728867435241473
1527697662186647553
1527657143855419392
1527352278939684867
1527336529483292690
1527336423937826817
1527295182416265216
1527283793152946176
1527028993685331970
1527013939959193601
1526948228142272512
1526943490390859777
1526913728473620480
1526611718310350849
1526591411268763649
1526558116594196480
1526347739000459264
1526324997899288583
1526236278244708353
1525967510541062147
1525918185534263296
1525859549038665731
1525605122541338624
1525549254629941250
1525494603935358982
1525136264055463938
1525126933046038530
1524842589966454791
1524837471816667149
1524795958038495240
1524783982470172679
1524515028099084292
1524494589750558722
1524492856760672256
1524436558161530885
1524401733845331970
1524168225113743361
1524164068776497154
1524142900094906368
1524108076151943170
1524091569648848896
1524081572047163393
1523736352088412161
1523718624065703936
1523305972856414208
1523060857864867842
1523006247800393728
1522964975941267457
1522700104745963522
1522579687167258624
1522338346978226176
1522311332443348993
1522268465154899969
1521981243914551297
1521958290820931590
1521949253786030081
1521853587365761028
1521583687355322369
1521249421832335360
1521230836972019717
1521165200744927233
1521139237738979329
1520886279260495872
1520875457763332099
1520797946714812416
1520529427507130377
1520429519089422337
1520165529729871874
1520083237510565889
1520042972401876993
1519801061627908102
1519791267676405761
1519785467146874880
1519774046950469633
1519694158755213317
1519685461362495489
1519467640112168961
1519437475562897409
1519429761025683456
1519422017887428609
1519407256202317825
1519370826377994241
1519077327715643394
1519059875917185024
1519035133537497089
1519024176732033026
1518948510455853057
1518699679562842112
1518657065689956352
1518607546868801538
1518583605974372352
1518353590284390400
1518336225802809344
1518314583143993348
1517988434454925313
1517931559340236801
1517905135388745728
1517638437179908096
1517624457791213570
1517599873821929472
1517589863889088513
1517551807173644289
1517523118121635840
1517227770102919170
1517186462978129921
1517178142041022468
1517138253039562753
1516886380563120132
1516878173279080448
1516824193194774534
1516779298794921993
1516777090082906114
1516526689672642569
1516411000626597901
1516158118908112901
1516146527202418695
1515685761479155719
1515455242342584320
1515350049349324803
1515325890128867333
1515076496892719107
1515055105669693440
1514978601698947074
1514975079066603524
1514671830367354895
1514667552030408725
1514641097254920195
1514637361338068997
1514598849683226632
1514371853585993728
1514269225929646088
1514234467858411522
1513988327350972419
1513973981862322182
1513912098602070019
1513882345471889414
1513659728597065729
1513524128321572873
1513236874910965762
1513158357678317575
1512926077076729860
1512917521036238851
1512826420384337920
1512575048283996164
1512551065920622608
1512523110406369292
1512102339292839939
1512102032806658053
1512101073820991499
1511851784427524101
1511846629447454728
1511770286710009866
1511754871728484360
1511728435684552710
1511701244963926020
1511479545890807814
1511459069575450632
1511457379212267524
1511338802123579396
1511123952265052173
1511112380901695493
1511062908230381576
1511016101618061320
1510735895284092937
1510628940603441154
1510379798924861440
1510302288732033025
1510294738640855041
1510250194901811205
1509966570432471046
1509957437838839817
1509587566957375491
1509544891654852617
1509532743645999104
1509530284089171971
1509313688171393035
1509280332150935560
1509210562223390722
1509204357107134467
1509163892076916745
1508931837552377859
1508928796812103680
1508868459916140553
1508814988231811072
1508800600611377156
1508508992225615885
1508467707477434373
1508218055209463812
1508183829437026304
1508102291793928193
1507857931605356544
1507842925727789058
1507727978071052294
1507496683554418689
1507423819283193857
1507423817991434242
1507406107903504384
1507103499527626764
1507058093473116160
1507045114560008193
1507017878943371273
1506704472935907330
1506672197061992462
1506658683706613768
1506391016328163329
1506364088581976065
1506342956214669312
1506033158164135938
1506008150369001472
1505974054007808001
1505952153881530373
1505576146875781124
1505551483961585664
1505525311592701954
1505299825671106562
1505247243972096001
1505245325707157505
1505175758288801794
1504952537337585665
1504928403803283462
1504925060473278471
1504540098158858254
1504536741499256834
1503858338286686213
1503818420990717958
1503814815839666188
1503752916557078539
1503524880251187200
1503517015939727367
1503517014668853255
1503504689790345222
1503468803023376384
1503463934367567876
1503371583515246593
1503356712627097607
1503127511781322757
1503038928584065030
1502742726462345217
1502669644829798404
1502459550523437057
1502435063635480578
1502402475554443267
1502300521616576513
1502300303479214094
1502052138834350094
1502026039052189699
1501998614582861826
1501955036414365706
1501943464124026891
1501934241050857483
1501703998625263617
1501700258799235082
1501661093168652295
1501582030940905477
1501574405713014790
1501304512933421056
1501238850164822026
1500973816952066050
1500963183019843588
1500949561392746498
1500909789345427464
1500909118231662601
1500610174461042691
1500514292633903114
1500242250126794752
1500159706249056258
1499890597875826697
1499850080777641987
1499788229503070221
1499769623532744708
1499768076090458120
1499764948431298562
1499505924926496774
1499446412928503808
1499440065306664968
1499045152232554502
1498883607104045056
1498869311334764549
1498868723721068544
1498867830288171011
1498863722755985409
1498665306226581507
1498664968799064064
1498479582244179970
1498451496450592770
1498072201148436483
1497977829278969859
1497709813157044227
1497671728960528391
1497666276289826822
1497621732747849729
1497338116734078983
1497324724220841984
1497320243659780104
1497271654736617476
1497240067471036422
1497234868282925058
1496990786109546498
1496987050750402564
1496944268958597120
1496938041520365572
1496913655786577925
1496901827538952194
1496898929753210880
1496520154364231685
1496489832708718593
1496291840940781571
1496282967714537472
1496215089342566400
1496185965915918338
1495768270238060556
1495516359840518147
1495429035157073923
1495133084387356677
1495039215977091075
1494792461113335808
1494758471513817090
1494748520338923529
1494443374472007682
1494430560802021377
1494353124957597698
1494067311770279939
1494020503417151490
1494003637114314756
1493994377819176960
1493975764932440077
1493729336020459522
1493702056024104960
1493695491468664840
1493678540507779075
1493610836887281669
1493417767160225793
1493414247040176133
1493408657949827072
1493292643459252228
1493026031648792577
1492993486097772546
1492902134068625410
1492623800244092933
1492517852234100748
1492246061351641097
1492243908046340099
1492227942155390976
1492188683016933379
1492180613251670018
1492180571128279043
1492180522767900683
1492171780429131779
1491834657834512387
1491829773399699458
1491812924859600901
1491812913652412416
1491783900766552065
1491572379591581699
1491558836184010752
1491558834158059528
