1534615590010224640
1533904178208296961
1532719128896802817
1532663317327749120
1532663315570237441
1531229684763086849
1530529570872434689
1529160652689920007
1528794283662270465
1528753990556602368
1528753988891463685
1528753985477296129
1526010860287799298
1524467471931088900
1524093963199823873
1524082054085988352
1523841050720325639
1523714162450337801
1523692605015437312
1523392225140350979
1522280803081891840
1522280799881543682
1521867314349682688
1521601997018959872
1521562541184503808
1520060200186699777
1519360777651642369
1518681099756580870
1518331696093052934
1517591569544658954
1517489277931819008
1517489275494879232
1517173661253480448
1516452892420587533
1516110278508875784
1516106511709347845
1515653297406984192
1515088073251504128
1514943972694712331
1514772118268829696
1514658505944453122
1514293955013263360
1514012599217790992
1513894622904340485
1513856896209498112
1513580153644924928
1513189960375017476
1512528206317948930
1512452400589807617
1512446783196209160
1512132627528130564
1511424144650514437
1511360040128729091
1511350318868713479
1510997186246500354
1510286990159319044
1509963699846529025
1509906395319123974
1509230849203572742
1508847299765719042
1507448314115112967
1507023130698653704
1506715281795821573
1506658204658372613
1506652558160453639
1506583503500103681
1506402828318920709
1506402826058141696
1505948332417503233
1503532326093000706
1503495203310735360
1501988658802475020
1501896460048154633
1501654649379635200
1501344681459953664
1500877305782145034
1499756097435062278
1499472417411977216
1499472415121887238
1499405043090567171
1499405036467757058
1498863115030646786
1498858286984183811
1498858092896870400
1498857676993974273
1498856611259035648
1498856522159378437
1498855744115863555
1498854398923096070
1498853970160275463
1498853747442819073
1498853351924064258
1498852914948886529
1498852631632093185
1498852465441230848
1498852119373307906
1498851618355400705
1498851496078757891
1498851106939625480
1498850986487685137
1498850680836087814
1498850518625628167
1498850228891488263
1498849886850199555
1498849673918009347
1498849505680441346
1498849265765990401
1498848914677678080
1498848757705752579
1498848202296078339
1498848103792889859
1498847329536856071
1498847261979287555
1498847073306824714
1498846852128686081
1498846591167434757
1498846081349730304
1498845941364834306
1498845630260727814
1498845491102113797
1498845323992649740
1498844996140683271
1498844609102888964
1498844502290747393
1498844399291322371
1498844254478774274
1498844118553972738
1498843986076786696
1498843817436499973
1498843677124403203
1498843207567876096
1498828021008056325
1498828019321946118
1498828017732407299
1498828016386031619
1498828014649552896
1498763471210618886
1498685563993530371
1498650458084229122
1498345193212456962
1497289220465078274
1497236341725143044
1496516790368747525
1496276257641799683
1495875979193077765
1494372955169693705
1494372573303480320
1494012316794470401
1493998758941630465
1493987445460897793
1493975065821650949
1493688519365169152
1493688517536452608
1493259748006891525
1491878290906357761
