1532755301795041280
1532755299886682112
1529978911660064768
1529452931812102144
1521890103676837888
1517563452599984128
1515736948396204038
1512137141568122896
1512064284628381705
1511741703400701960
1511438902598459400
1511419797401178112
1508921794257952776
1508911927203934209
1508905735983357961
1508884319472955395
1508467955520188424
1507062090988728323
1506717109031739395
1506666201514139662
1504505260336947205
1504493217185681408
1503857415514693636
1503857414407442433
1502132343586312197
1501251867526979588
1499457137172525059
1499436687600062467
1499198016305180678
1498882846953508865
1498709633191624706
1497353934901501966
1496547911961882628
1494746053479915523
1494746052179767301
1493692941684068352
1493635013069451267
1493343263738187778
1493272686209998849
1493248550536462338
