1534672078481285122
1534621953943908354
1534621207290585090
1534256274854096896
1534256273503436800
1534256271595028483
1534256269615321088
1533905737113640961
1533905542766383104
1532776987365883904
1532755678728704003
1532755525691121664
1532754818279915520
1532754223062040578
1532534755887038470
1532534628476665859
1532386032846503936
1532385891569778694
1531700812392570887
1531700740959395854
1531700606087348226
1531695007111032832
1531694956980719618
1531694805809516551
1531694670098710528
1531694418910187524
1531672167888322566
1531311019485810690
1531310856029577218
1531302661357809664
1531302511465971712
1531302423066775552
1531302276211650560
1531302206615564289
1531302077464555520
1531301876616110082
1531301771821342728
1531301693924704259
1531301549422653440
1531301401716051976
1531301285760204801
1531301115513430016
1531300959019835393
1531300841856065536
1530191044087885832
1530190938240438272
1530190727170367490
1530190523050377216
1529816911667683328
1529588447853305856
1529542273167413248
1529526061310136320
1529447041025335298
1529446783209943047
1529446556650377216
1529284054369157121
1529281431792410624
1529280928694124544
1529177318367043585
1529177217971982337
1529177106143399943
1529176996110016512
1529176701829365763
1529171698091757571
1528792956844515331
1528792955775078403
1528792949940789249
1528519828163571712
1527660919588806664
1527655017766871040
1527337035228397569
1527330239910760448
1527321936673419266
1527311030971695104
1527306836315095040
1527299034272043008
1527294253407293440
1527283934978928640
1527279446449074176
1527275630433386497
1527268979257102338
1527021629099892736
1527021627552284673
1526975004885262337
1526942327058706436
1526740552661835777
1526740513474371586
1526654206844747777
1526323586079784963
1526323584464998402
1526223268797198344
1526215524526456835
1526215522936922114
1525139068908371968
1525138872467857409
1524875462111297536
1524875369886670854
1524839105040896015
1524783784066957312
1524783667817635843
1524500712683626498
1524451325072887810
1524130107769692161
1524127480059244549
1524111922894979073
1524111846332145664
1524102417108942852
1524102057820672000
1524098086120865797
1524065056937369602
1524064932446318594
1524064775109500929
1524064744977670150
1524064701428215809
1524061556505559040
1524059013981380613
1524058314664984579
1524057675759292424
1524057148216557569
1524055840625471488
1524037305748631553
1523850393003958274
1523831771208499200
1523660202758873089
1523654076537450496
1523434909779787776
1523434321532829697
1523434254566187008
1523434221217681408
1523434219833204736
1523302323153694720
1523302216312012801
1523290967285055488
1523289672163610624
1523289386904915969
1523281282498969602
1523281215662567427
1523281197161459712
1522659939235287041
1522590651531116544
1522584235541942280
1522578628709687302
1522561318989058048
1522560287609606150
1521989672397950978
1521989615078490112
1521937881933172736
1521862003106758656
1521669777168777218
1521669341179224064
1521653625390522372
1521645049980899328
1521503738564952068
1521503558935494656
1521503183738187777
1521503074292015106
1521502880720691202
1521502722905841665
1521502442311008259
1521502297569828866
1521501022795051014
1521219831994929152
1521219525705875458
1521218503503659008
1521217999365193730
1521202108720160768
1521201990889615360
1521201777726693381
1520059416376188929
1519841830959038465
1519841829683970054
1519760752734842881
1519747484989497346
1519700994787098625
1519651477307990017
1519481270769577984
1519386334309322754
1519331472913670147
1519293004447637505
1519030530116931585
1519030403599904769
1519011219071504384
1519010464063184897
1519002188378476544
1519002187304783876
1518972305573126145
1518247176627015682
1518247174508888065
1517519344045019140
1517242043638202369
1517241027685490688
1517186535703130112
1516946199709954049
1516944166412075009
1516944024581648384
1516943805026549761
1516943644447723525
1516943333289078785
1515731016324890624
1515323303006810129
1515323031337541632
1514959260576272390
1514957574243856384
1514957541620559873
1514957368077037578
1514607132015882247
1514589941124276236
1514586831987298314
1514420693684953091
1514420580258308097
1514420197058306048
1513903825870102534
1513903284301570052
1513498005571317765
1512421414577577988
1512221837110956032
1512136778139979785
1512122314707640329
1512110617083195404
1512107596286775297
1512062667237822466
1511824445970726912
1511479408741212161
1511445859304620041
1511368693426667526
1511343335860064263
1511342619594567682
1511061294371201028
1511061006147072000
1511047119830134784
1510989236396347403
1510988094140522502
1510984552608632835
1510984468097642508
1510984220662972429
1510807255704342533
1510764002233757696
1509665858490097665
1509559255153758209
1509556691091828745
1509549058846871557
1509548877308964877
1509546112327299081
1509546017678635010
1509545945515573248
1509545872287313924
1509545727164395532
1509545650081439751
1509538694360977408
1509527820720029698
1509515176197898243
1509512632633630721
1509233713455972359
1509233712432652300
1509233710889115656
1509233709232406535
1509223462845440003
1509190728408350722
1509190433703960588
1509187927296856073
1509187735864676363
1508823192084918273
1508823084689760258
1508822898814902276
1508424092944420864
1508072746479140876
1508072649045516288
1508069404705181699
1507064144171872260
1507064142821212166
1507063687919587328
1507063210083594251
1507063207902466049
1507063206493278210
1507063205125840896
1507063204169584642
1507061959438573571
1506977712375746576
1506969089914417155
1506799143821488134
1506798755441516545
1506735198515441666
1506703572259549189
1506703571076755465
1506697641891094528
1506697572609667081
1506678535632601088
1506657090403807233
1506654325053046792
1506627662344822786
1506456722055077894
1506304457088319498
1506295601377550364
1506293825391800323
1506279986822627340
1506259783690727424
1506259614324695043
1506073621193703428
1505999916920934412
1505999509880553480
1505944117314048000
1505940062634139651
1505924076338126850
1505923983132303360
1505910247327735811
1505910107997155334
1505201314225082372
1505201312937488388
1504815573108203541
1504547277590913024
1504542629391970308
1504542506528161795
1504539954621431808
1504515489275465731
1504510394169180171
1504508888841924614
1504499730650390540
1504231102289956877
1504203920142483467
1504157669367689218
1504133390206836741
1504119007812726788
1504118796658880516
1504114573040881665
1504112718617456650
1504112262222655500
1504111591108788243
1504111501174521859
1504109726723977220
1504109196945633289
1504088829413801984
1503899798663012358
1503899794472947723
1503883307225858050
1503846239674195978
1503846238399217672
1503846237044412421
1503846235459014670
1503814924216250373
1503793455180697600
1503750825490927629
1503714052752748544
1503536832855871494
1503473813027266562
1503404769590796288
1503404722618785799
1503404692507971590
1503404592419282947
1503404472009207815
1503404441604706305
1503404198024654862
1503396232257056768
1503392114989838340
1503389471764623365
1503387425715986438
1503385834795503616
1503346766305013761
1503010210335571969
1502701849673179138
1502701846019940354
1502328197437927432
1502328086314033152
1502327942503931908
1502327769430122497
1502279387445710848
1502123983067623426
1502013401631014914
1501984995996487689
1501935267564847107
1501735863205646336
1501735453812219908
1501735299814154241
1501727317944586240
1501664354185400325
1501315937194201091
1501315935621332992
1501309131868807174
1501309046883708936
1501308907188371461
1501308681425727496
1501206204735012867
1501206132160876546
1501205969338048515
1501015398673702915
1500150252417994754
1500150189197299716
1500149918912200704
1500140502456406018
1499927905480351745
1499794997754974210
1499793572941422600
1499785606221766660
1499783364282355717
1499716048886677511
1499575636641337368
1499575352426958848
1499574209567199235
1499567799479541764
1499486315183849472
1499470653874970631
1499465770996219911
1499448825185976326
1499448824003186693
1499448820677038092
1499435586872086531
1499435585517277187
1499435583906668547
1499373642483916803
1499189985278320641
1499189334649585666
1499150521889873924
1499150518731653126
1499061243402989572
1499061162066993162
1499060310422048771
1499060290582896648
1499060242478419969
1499060080775507969
1499043971347136514
1499034600898711556
1498862396957409283
1498861628900712451
1498793299989209092
1498793298374373382
1498764017640292355
1498763903555280903
1498722996063809544
1498674346826645505
1498674186226704385
1498458956301316097
1498445697313562631
1498381689265037320
1498381628787376129
1498356128048107525
1498355903761989635
1498096642125410310
1498048368681144328
1498043285297901570
1498042237049098248
1497758196760559618
1497752266601906176
1497725686525616131
1497350369491435529
1497338984527241221
1497338748841132034
1497294264551755783
1497293883893587972
1497293258162069504
1497257128087769091
1497242545927208962
1497241998046150658
1497218325394374709
1497218172071645195
1496955721161846784
1496955608905523205
1496955216331223045
1496946362193174528
1496942302979399687
1496942141414809600
1496885463281451014
1496885379701555202
1496885244166868997
1496885097206894592
1496884716074680327
1496871066588880900
1496706034718629888
1496705601266765824
1496633079183646722
1496558655726104580
1496558655034085376
1496558654144790533
1496485030390112261
1496227303751401473
1496227131147243522
1496157625473503234
1496156333497802755
1496155511007367176
1496138963370786820
1496121080385265669
1495898834882514944
1495898741097869312
1495889817216991236
1495889484541476869
1495889329155186688
1495889224909963268
1495889060782616589
1495874531449311238
1495853103219986434
1495852936303423491
1495852790366810112
1495594343700340739
1495594236124831747
1495084150155616262
1495083937386934284
1495078402583412740
1495077941792976909
1495077446957539328
1495062408632614915
1494775074905374731
1494775073810616328
1494775072686489602
1494775070732042245
1493990349047488513
1493990347550212097
1493593414679605248
1493593308278530048
1493578970037686272
1493369832670208000
1493369831801958402
1493291431175274497
1493265124559364101
1493265084382130181
1493236147920715779
1493221782865731587
1493221481760935940
1493221406221508610
1493221358616072192
1492988947990990855
1492988907138732033
1492861351680696320
1492850204294500360
1492850088594522117
1492849829336264706
1492528292901044233
1492243794451914754
1492243793021747209
1492228054051139584
1492228052532801542
1492167270604460032
1492167216015491073
1491816896383041537
1491815610053021698
1491815157441441793
1491809871112642565
1491808908217929729
1491804470149357568
1491796583557390338
1491796250223546371
1491796165775413261
1491795940260208645
1491546902457982980
