1534593256197169154
1534549748014796800
1534549716687630336
1534290337195347969
1534278382720102400
1534278381168205826
1534214351900577797
1534155653190647808
1532793236967899141
1532745771958816773
1532733594317180928
1532433203486674959
1532414161073975298
1532385562702794753
1532350500212989953
1532070222823362562
1531983905024266244
1531698272326152197
1531667593026846729
1529922004501004288
1529854321042628608
1529852556763086848
1529510210112524288
1529262604899782665
1529170734035116034
1529099440686092291
1529099439247351810
1528803589711441921
1528768392764825603
1528768341095104514
1527722127721472000
1527663648885415936
1527367561184440320
1527366720880422935
1527283780792340480
1526970441901940743
1526962692447211520
1526954593032224768
1526664935622725636
1526345340181413888
1526345297756037121
1526345223613386755
1526345123361083397
1526345121544937472
1526254328184549377
1526020573297627136
1524916046024650752
1524588156464603140
1524588123589685249
1524496087830208512
1524461772509528064
1524432579172130818
1524397947051548672
1524376151254208512
1524165778886508549
1524165777330479105
1524076690288353281
1524039852022448128
1523750234622672897
1523685703414026241
1523318171620753409
1523318157951352833
1522752156759171076
1522655587577864198
1522649594433355781
1522625696874606594
1522612964968353792
1522589235458490368
1522569813117345793
1522289919355498496
1521890649267740675
1521852629453881345
1521666657881665537
1521542612863401984
1521494887450955780
1521333770036592640
1521202974097350663
1521150189863677952
1520791479689560065
1520144893632552960
1520029825897213952
1519477995223801859
1519443553193234434
1519093479757987841
1519056425976311808
1518975814200696833
1518973510516973570
1518624252907429888
1518595364143652865
1518310984238211073
1517609189908140037
1517592609954357249
1517552762753540097
1517547345847672838
1517176717504307201
1517166737883508736
1516881906243145741
1516857985242382338
1516841152498089988
1516778719016280070
1516536177901379585
1516481953909944321
1516480629357096966
1516480039734464514
1516466513162784773
1516439472694562820
1516436669527900161
1516420309435527174
1516115155527950338
1515718838230425608
1515397002904883207
1514959712474865674
1514951677161480194
1514777400810242052
1514776635374899204
1514771596333838347
1514771534962847756
1514771322450034692
1514633471267950601
1514633469464305670
1514633467811745800
1514633466033414146
1514394497760825351
1514316411350487046
1514316409278537729
1514014757589823495
1513994216862633990
1513989107982258185
1513960062464765958
1513915520495628288
1513608280702078982
1513580801501372417
1513560471936409611
1513519278103961600
1513300628000411654
1512422412511494146
1512280487485751298
1512275605475184640
1512248599710683141
1512141408886566922
1512133529181863943
1512132628224294914
1512122721840341009
1512121973198966788
1512106172723126274
1512105749954056201
1512091967357919232
1512065557863882754
1511860455379193858
1511837511454232579
1511828627716984837
1511822063182487552
1511766778619252751
1511732995417387008
1511729690632990720
1511460508158906375
1511445766321152000
1511400608540020736
1511399299103477776
1511367823678976002
1511050419295985666
1511034685798895622
1510992044449320960
1510066720442093570
1509950478800539652
1509651752567468040
1509626170052067338
1509568145543073792
1509532243252834311
1508884648889360386
1508832162749075457
1508791864484368392
1508554578731675654
1507092459238613000
1506744067119591425
1506728791498014724
1506630226851287040
1506293785105420295
1506256549416771591
1506056921958301698
1505895968860000256
1505895843139923980
1504891581320634370
1504863671608131587
1504850481671245836
1504488111316905988
1504462068635873286
1504442321143795713
1504224992627724291
1504204697246261252
1504136707007991821
1503851677480329219
1503851676373073921
1503793319918325776
1503429615301402627
1503413526945271808
1502364298194169859
1502328344515334145
1502131690696847361
1502119041368006658
1502098348647628817
1502090694676074540
1501997921654521857
1501997894114631680
1501989893790126081
1501633457474220041
1501342833768382468
1501273531333496834
1501213525804568576
1501188268628619268
1500967530810298380
1500861701150978048
1500858186336817163
1500853751220948993
1499797495202959373
1499797373429682183
1499784464485990407
1499778780960858112
1499754941816127488
1499484968065638410
1499130903842496516
1499110126741041154
1499038575077343236
1499033193068040202
1499031439161102338
1498862589497036804
1498860529632354308
1498857297174540294
1498853640680976385
1498851878511292418
1498848886307397633
1498846103776735234
1498845255013179397
1498845191679139844
1498842909814177792
1498813404127145987
1498743133370294274
1498733352215625729
1498687714035736581
1498685262108504068
1497266169996271621
1497266166422777868
1496884373764907011
1496884372733104136
1496884371739054088
1496652508818722819
1496142616169271299
1496142615087046656
1496142613082161152
1496142611689742338
1496136291632787472
1494383772195774464
1494360751045234692
1494038152440422404
1493722074208247819
1493710177626996738
1493705268697473030
1493692628893900804
1493653697863245842
1493649952228130819
1493605093496823824
1493594816986365968
1493339608192536588
1493315295016017921
1493261348465258501
1493059261307539462
1492226927414976514
1492163826271363074
1492163816972558338
1492163812887310350
1492163808139358213
1491851337910337536
1491822558131404800
1491812016301953024
1491809103340924928
1491791613881831432
1491778897968603136
