1534605061002776577
1534596745065275395
1534550314656874499
1534533956799852544
1534177710645420035
1533848402391441408
1532755488131137536
1532726338175508481
1532420493642539009
1532013821279227904
1531266930253910016
1530331934169120768
1529896179374469127
1529821729404489728
1529552633668698113
1529449723467268097
1529449719407206403
1529264465417588737
1529129169086468096
1529105602869448706
1529066345874219009
1528753355023171586
1528722519133409282
1528701679251730434
1528425607197073408
1528325287741644800
1528325239146422273
1528022299835650049
1527708988862779393
1527647504111652865
1527633787361828866
1527633781267521537
1527633779803705349
1526973855557885952
1526630045997051904
1526569722526973952
1525150807938703361
1524828735333179392
1524072679829123072
1523674652085739523
1523291628345122816
1522999376855158785
1522633793785401344
1522621868813033474
1522228316111048710
1521853410156367874
1521552319720079361
1521482697335611392
1520141370278617088
1520127145124802568
1519751571550187520
1519715202467569664
1519684862441107459
1519671158966206469
1519304963150827522
1518966837391855619
1518675048676081665
1518233800991547392
1517594023350968321
1517553820691095554
1517478323277885440
1517198200536506371
1517148002757988353
1516798559831662603
1516436598753271820
1516126672034086918
1516041082747949056
1515676953646272515
1515042523055628289
1514683893626118154
1514237000932634629
1513927718643064850
1513586443708514305
1513147788145528838
1512405979274612739
1512137192122068997
1512125238301147138
1512108179521474561
1512055339780354048
1511739495359651842
1511690469813727240
1511400430676361217
1511366049307967489
1511038057717411845
1510979752147914752
1510384580372701190
1510326447315030024
1509669111491698701
1509622548631367685
1509530704417230861
1509242233144451082
1509199267818348552
1509168316316897280
1508944653864906757
1508900520295022595
1508525331153625097
1508473651829645314
1507374961857544196
1507078599081345030
1506666859155890176
1506617273641021441
1506353424195108868
1505930651312300034
1504888623828717573
1504529244386471944
1504522442169061377
1504505588734169092
1504468026015600645
1503839300244451329
1503801111404322832
1503408939634995201
1503095407743836160
1502323978093871110
1502303865609367556
1501897909679411202
1501719990390738949
1501255773397168134
1500894737406087171
1500124979018575873
1499782622943326222
1499754342341042184
1499492795408658436
1499395578484047885
1499065309449310225
1499037552648536067
1499016319550820357
1498765380667457543
1498724857537867780
1498404743315705864
1498392121606291464
1498296133881323533
1497221208709939242
1497196753686306862
1496944822401253376
1496861212184924161
1496564157461762050
1496507693707714564
1496499042444001291
1496165156660948996
1496142422249775104
1495768273622908929
1495038460964458496
1494721371636527104
1494665486671532032
1493952086748319745
1493683768376410114
1493311589814046727
1493239608590712838
1492511560706801669
1492154705799229445
1491840639767437315
