1534591243530997761
1534572183988711430
1532400082649333760
1532140546759720961
1530230545749364737
1530230514740826112
1526694307733856257
1526694295033479171
1526170795696918529
1523723276337385473
1522651499872108551
1521585985376686081
1521585964925210632
1519422306803666956
1519315071410884608
1519094594780254208
1518785590736703490
1516147126052569088
1516119455847395331
1512133767825133573
1512093211195490306
1512092704477523977
1511805625516408843
1511805437695467525
1511477329318588423
1511052119901720579
1511049679861166093
1511049654875602950
1509997365742157829
1509943036477902853
1509571583261687813
1509564300435894287
1509564242751635457
1509564219192139783
1508570219211640833
1507404937394892804
1507404927701823491
1502792308248526854
1502104057233776643
1501661528218652682
1501654551123968000
1501621759908487168
1501621694011781123
1501621676303343622
1501331997716668416
1501178346348163076
1500612574810976266
1500609847892525060
1500609154192482305
1500608275636793346
1500125492355248131
1499832342801793033
1499832330197901312
1499257728203640834
1499070916915081220
1499070799583629316
1499070788305100804
1498327610987843587
1497329896875597832
1497316415124164614
1495563861574959108
1493755977216237568
1491869741195173890
1491863845111050245
1491863806032715777
1491863734490390529
1491863676856512522
1491863639028023299
1491863629154725889
1491863579359956997
1491863388737179648
1491863351781212163
1491863301315346437
1491863270331977730
1491863185955213314
1491863129323626499
1491863096935256065
