1534496661548015617
1534168001464999937
1533765645132767232
1533434842213404672
1533089413076602886
1532851930158010368
1532573036091568128
1532332503847079937
1531953708178755585
1531619702497329156
1531268755636076544
1530761096767754241
1530552892851163137
1530156771536420865
1529801201142964224
1529468640504041472
1529248972166111232
1528949157343264768
1528729239947825153
1528329833268117505
1528133561777377282
1528024006640771074
1527643545481388039
1527277304010792964
1526897873572569088
1526538646244970500
1526288579793764356
1526155507987124225
1525991291695276033
1525687666804551681
1525474418553720832
1525127256896679937
1524785169428799490
1524444222497169411
1524366521761517568
1524049443431108608
1523639027160993792
1523290520315113473
1522788563514839041
1522551200679346176
1522226761299374080
1521833528127860737
1521701399997739008
1521479126686785538
1521297860540645377
1520976624253952001
1520748344808726529
1520406156254097409
1520048654190624768
1519664061637664771
1519296953355493376
1518926031033630721
1518574997811380224
1518440424834224128
1518222250096349186
1517845262173097984
1517352745669332992
1517113528175448065
1516974824698134529
1516746808168439813
1516395996221222920
1516037593640615936
1515685306674171908
1515389558212415494
1515324189225406470
1514942582022942728
1514588408215179264
1514315064454840322
1514224452283899905
1513889063375446022
1513862287655849986
1513499874209185796
1513157448202346500
1512757758126342152
1512407422064898053
1512142994371141633
1511916927618207749
1511693143867117570
1511336802384289803
1510957832543391754
1510622368233885700
1510104988361670658
1509863423781359649
1509485660666834945
1509143913780723721
1508792242009481222
1508418875267944448
1508069435160117253
1507703569671200770
1507205885201944586
1506994056664133637
1506617033848414217
1506260037278355461
1505890308101484550
1505533953754734595
1505198274730471425
1504807695991324673
1504417148017549313
1503944394508062722
1503696887521562628
1503339876833452041
1503011800803119108
1502666649601781770
1502322421424132100
1502065094091583502
1501564745580785674
1501422778955747330
1501198053486862338
1500820285867663360
1500479939493212163
1500123457975115782
1499735811134271491
1499384906757066757
1499017231543455753
1498846943501553665
1498523676060356609
1498282023806513156
1497935953901535232
1497436512442482688
1497363520832237573
1497203180391698433
1496794378689470464
1496349348782919684
1496099559889686529
1495948010613788676
1495753199919243271
1495262185324355588
1495043533987790858
1494798499937984515
1494693881836883971
1494311401472548868
1494020076927963137
1493952505901944838
1493574941970681856
1493238123085639691
1492881315842113540
1492502508408909833
1492136387562418186
1491766286476627973
