1534636659123306497
1534606665852588032
1534606663516307456
1534606662429986818
1534582454622859265
1534576389776711685
1534575311467184129
1534283372830375936
1534261249667735554
1534227078861692929
1534227077465001985
1534227076026343425
1534203739783012353
1534154859800322053
1534154755282452482
1533923322123141120
1533904384177881088
1533898301682089987
1533898300386168835
1533898298716827649
1533876372485160966
1533571514586603521
1533500890727997441
1532749966745149441
1532749965361135621
1532529764828848131
1532516013908033554
1532465417159073793
1532447380825587718
1532417885464838144
1532392036883648517
1532098785308037124
1532096745173401600
1532052248985059332
1532024197714780171
1531685355145109504
1531342377671135232
1530981103754002439
1530266920364146690
1530243154473099265
1530237216928284674
1530236415245680640
1530236205224407042
1530218140134694912
1530197165791973377
1529928102045941760
1529921288520749100
1529877957543710720
1529513122297483264
1529480693948063752
1529475031662743557
1529475030505164802
1529475028999454722
1529285482533818370
1529214334752108544
1529214331266957312
1529119035832643585
1528819943441145857
1528786843168292864
1528770592912162824
1528469109582749696
1527722287260217346
1527716417541492738
1527677057416716296
1527670057261748225
1527375522719641600
1527375520488632320
1527359840087310337
1527359838350544911
1527359836576354308
1527359834668277765
1527359832332058624
1527359830511390734
1527359828556845059
1527318889712889857
1527318827024777216
1527313023764865026
1527313021953273858
1527030876709715968
1527013791925420039
1527010287781650441
1526995301256642562
1526995299398565891
1526985467954176000
1526985466280558594
1526977104272924672
1526956406083035136
1526940604189507589
1526662761794654210
1526637521580564488
1526636943039250433
1526600565207318528
1526600075664834562
1526240295767134208
1526231880202391553
1526211346311876609
1525988349458227200
1525841436733751297
1525168975788777474
1525132930649051139
1524818480914124801
1524765253841608709
1524494156684476421
1524478591081328640
1524476915096199168
1524461915807780864
1524447841812418562
1524424879403147265
1524424878178410496
1524424876756508672
1524139701808074752
1524139698641321985
1524103857546084352
1524095254697320448
1524092990280638464
1524047663234273281
1524027291952635915
1524027243638493192
1523771728463540224
1523771726630326272
1523768204447084544
1523766303701409797
1523751199409082370
1523733598578171904
1523722183628918784
1523699561968988160
1523691880999165953
1523354536370671616
1522977307488493568
1522680769369591809
1522676304088293378
1522631845623517184
1522631768448421888
1522609844758499328
1522295155528773633
1522289464655192068
1522233605174484993
1521956682133385226
1521912313078587393
1521912311711211520
1521909711335043074
1521890630103875586
1521874507304259585
1521874504645029890
1521589283685085186
1521501476392218626
1521501472692879360
1521501470989901827
1521228772292374533
1521205251025551365
1521178304207806466
1521169144594501633
1520128006370512897
1519750852692660230
1519750586056556545
1519734607310114816
1519714842084585473
1519445802371932160
1519431945897226240
1519416865231192065
1519400168214384646
1519349419937837057
1519344257190010882
1519043248492363778
1519005791931584512
1518979736596357122
1518678111365259267
1518610853813231617
1517593659570634753
1517562071679918080
1517562070685921281
1517562069368942594
1517547957243068422
1517159933187399681
1517154408961744902
1517154406919131136
1516854530754940931
1516854527818874893
1516841027071528961
1516508016299974668
1516508010385915906
1516486819357073416
1516484953130868736
1516484951365103618
1516484949431435276
1516455701329162246
1516455699588521989
1516155011302150148
1516119610009006096
1515762552655040516
1515052174887342092
1515017265430859781
1514394848396201993
1514338560459120643
1514338559137923078
1514301825893208072
1514301334278791170
1514278657451307018
1514267604776628233
1513960294657187841
1513938524801744897
1513908514212700160
1513908513097097217
1513595553640325120
1513590605351321601
1513574064522252299
1513539207771402242
1512515035402317824
1512515034001424385
1512482404425895937
1512138097286434822
1512135503071559681
1512116483744272387
1512085539133878279
1511809982039220226
1511781379570376705
1511781378530152448
1511781377456447494
1511723811728674816
1511709144046350336
1511432089828220938
1511384635531530242
1511350851645984780
1511091256042135559
1511064524404797453
1511042371588403200
1511025242835238917
1511006763918704644
1510981026289528837
1510741814667583498
1510273516582707205
1509988568013357056
1509953200614477834
1509943438741057538
1509920706938777600
1509900704139583489
1509636741833056264
1509585752178503686
1509567294485237765
1509550026594390030
1509276655470194694
1509276467972222983
1509213498991067140
1509193430378979337
1509193385000816642
1509184908362670089
1508889694968463379
1508852420457213952
1508818770093084677
1508569569715175431
1508547561052938242
1508520983233273856
1507423460967993355
1507404468589105152
1507383492253995010
1507382779855712259
1507353085202599936
1507094393270030337
1507067804180176899
1507045657122684934
1507013579609833482
1506989113299415043
1506748771228692489
1506739793182568448
1506721434525220870
1506718461640200207
1506696750035357702
1506435957582618625
1506371452970360835
1506352785339600897
1506351506525757440
1506318557822468099
1506294925507321866
1506276459505242118
1506058827401244683
1506035619063078914
1506013390648446976
1505987574002765835
1505968931936292865
1505956739056914434
1505943413954605056
1505941259428548613
1505938817240514562
1505938636772098053
1505935876009955330
1505928397117169667
1505924848706637827
1505914295644794886
1504845097187295245
1504544467520479235
1504536989361709061
1504536987952369669
1504526694287347728
1504505586091765760
1504472155001483266
1504173184488071169
1504166625712484358
1504157548739497986
1504129001639534608
1504129000301596673
1504128998930059266
1504121245759152135
1503799954325835785
1503767062946226179
1503751995731099665
1503435964538101762
1503435962994642950
1503389641092784128
1503389639721291783
1502396672789336070
1502396671002558471
1502396669350010884
1502377182416490498
1502359854974910469
1502359853884485634
1502359852588306435
1502344967271890946
1502344966126936074
1502344964801454081
1502312424690622477
1502312371800391681
1501978314558394371
1501946595385905152
1501946592747614217
1501641218991689729
1501641216303190019
1501624794659409938
1501621555163447297
1501597899930705930
1501568736192569344
1501296879551729666
1501282828008538112
1501282826796376073
1501256884413685765
1501236947687284743
1501205960102137860
1500954575133724672
1500940759876481027
1500920756653510662
1500892989136281606
1500876566427013123
1499484408151265280
1499427240169381893
1499097816269996036
1499083575366463489
1499055166670180355
1498858206004662273
1498855857811034113
1498793667372408834
1497292582929547265
1497230620807811074
1497230619071373316
1497230617192189960
1496919303618428928
1496575768385761284
1496546503317463047
1496546501463621632
1496255754956902411
1496255753312784388
1496255750871601161
1496176060559691777
1495833766849396751
1494695118313603085
1494374600007892996
1494066165936701451
1494030497571291139
1494029087165329420
1494010757448613891
1493724862308835330
1493703913664569344
1493703912582438922
1493703911013822464
1493676350846251013
1493672679202865161
1493650681584144393
1493650679881154565
1493342130693156869
1493286561215139840
1493061793689874434
1492306846224424960
1492238953042300932
1492234479850688515
1492189956944674818
1491888204009684994
1491881009641672710
1491881008110710788
1491881006684680192
1491845257679544332
1491842645974519810
1491821156420182020
1491803488405409792
1491802173130166276
1491801716538310664
1491801435259817990
1491557489829191684
1491537968556875782
1491537934662647815
1491537898159714306
