1534678628172275717
1534616572408614913
1534559939758379009
1534551958924689416
1534549616896753666
1534548495524306946
1534299071573381120
1534280308392177666
1534224977460862976
1534215206645157890
1534213298312323077
1533086169717542912
1533071078448173057
1532812649804746754
1532808980480811016
1532782263695450112
1532779608491319296
1532779402588737536
1532778566211059715
1532777849748434947
1532757055236460544
1532525393969815569
1532525392266928134
1532514577048535056
1532419554424627203
1532418766495260672
1532418761495613441
1532418487477477376
1532395149069672452
1532392090260455425
1532392088511324160
1532387211362058241
1532367352087576576
1532367350497943557
1532173685792047104
1532173684789714944
1532173683317514241
1532116612341448706
1532116607341842434
1532116602682064896
1532099708226781187
1532099073251188736
1532097579583930369
1532096866686476294
1532046738428682242
1532046736646098946
1531801146104356864
1531801143025737728
1531712799277305856
1531425647767212032
1531301545626718209
1530298467683377152
1530290946792882176
1530289938692026368
1530289089567764482
1530171903213719552
1529960395020066831
1529960390720888832
1529959076183932928
1529955839917842433
1529955776118259712
1529903285330661382
1529895372008611840
1529875437773541376
1529875335680073728
1529576591180804096
1529563853272584193
1529561558447185920
1529560343692861442
1529559599849820161
1529538396540096514
1529517570822488065
1529501667800010752
1529484889749430273
1529481378097659906
1529456481569062912
1529456438451519489
1529219948429836288
1527037749500444673
1527018994913484801
1526998634373468161
1526996347173355522
1526996345990565893
1526927217338597377
1526706374767529984
1526680538001641472
1526639364649934848
1526631285422272512
1526631283992010752
1526623080768057344
1526620434833317890
1526618015235772416
1526612035806568448
1526588449733607424
1526567873866506245
1526560405803438082
1526303852538081281
1526296870020161541
1526261946739310592
1526205643819999233
1526205136556773378
1526023914152988675
1526023912739438592
1525639470141345796
1525639468744642561
1525639465603063808
1524923316837941256
1524872278449717248
1524872276113514512
1524768451851653120
1524767219934244864
1524756070840913925
1524520965153116161
1524481649551065090
1524448260991209477
1524436894532214784
1524404614401044480
1524403413324288003
1524395579182301184
1524394754053742592
1524380398117171200
1524206168301785088
1524204849868546051
1523691830764011520
1523690862080790530
1523405003238477824
1523330475040854017
1523273708164599809
1523046699190538240
1523046261888278535
1523045695951085568
1523045385551622144
1523013301763858433
1523013300384309248
1523013297561554945
1522640629511118852
1522609636666449920
1522609626662981634
1522537875572764674
1522385165481394176
1522385164311187457
1522383723005562880
1522383720845647872
1521933397899235328
1521933307381964804
1521933306266279943
1521933304739647488
1521871313173893121
1521871311580143616
1521690803697037314
1521690797699211266
1521690789310607360
1521690784029937664
1521552352821624835
1521552351408140288
1520172278343946241
1520118443755851777
1519833732643016705
1519832777541263368
1519786436618330113
1519751823778844674
1519732625275080705
1519699072524951552
1519692514558631939
1519675642207428608
1519675271317790720
1519354710465167360
1519352469842796545
1519352465400946694
1519326752924786688
1519320478732718081
1519319203379089410
1519317593684852736
1519313149471903745
1518714092244156419
1518714091224846344
1518699279661117441
1518693463511945218
1518627849745403904
1518627826760626181
1518622917071970305
1518622913091579907
1518609778460688385
1518603779364605957
1518603776143282177
1518598203578347520
1518592934467325952
1518578909603897346
1517554098899492867
1517506664353648641
1517506663124766720
1517475003482185728
1517474997920538625
1517473689679323136
1517473688962179075
1517473687548698624
1517295880893833217
1517295879325208578
1517137377256480768
1517137372713930752
1517134367272980480
1515741290708750340
1515740276777754632
1515740275062284298
1515740273627779076
1514769477207953408
1514769445486424064
1514712390536945678
1514605797145124877
1514605794242686983
1514605586788225035
1514605584468746248
1514604016117772292
1514604013672546315
1514603728560484352
1514603726920577027
1514603725259649029
1513946515961794564
1513946514883858434
1513946513847865347
1513946512497295372
1513946510911750144
1513944435616358408
1513908593828978692
1513908592465920007
1513516545338753030
1513508294647758849
1513506892953407490
1513504929910075399
1512456214126411777
1512432859839184896
1512432006990282758
1512203055655174144
1512203054673809412
1512202836771229697
1512202716021407746
1512202410982322178
1512202282170998785
1512117757227196420
1512116536252772353
1511759468475920388
1511753633729236995
1511733210161553418
1511716176912654336
1511710347320872962
1511706505057288199
1511706364703346691
1511407883807776779
1511402335288844294
1511401773453488138
1511401671099834378
1511401410658775040
1511323944724402182
1511119531648946183
1511063556556394498
1511056006998020104
1511055019080044549
1511048706753282052
1511040911760789508
1510781737302904837
1510781734857674755
1509971718538133506
1509971717405483010
1509971716331687936
1509971715228676108
1509922516466286592
1509913800090206216
1509908253353910280
1509907061995417611
1509905960663461921
1509892363430334473
1509892324322680832
1509638674568429575
1509634971560038411
1509634969886502917
1509621841907826691
1509614200041218048
1509614146102636545
1509611849318293505
1509610564959588352
1509610291885051916
1509609754846547974
1509609675016208386
1509605335924887553
1509602880906575884
1509602549162201111
1509602514781581320
1509602491415080972
1509598988160413702
1509598014691844097
1509597956189704200
1509597737725083658
1509597734113849356
1509596844359307278
1509596638339284998
1509596319513554957
1509595412172259340
1509594899561259021
1509593951501758468
1509593851220090881
1509593698564292612
1509593638816391179
1509589932892897291
1509589515693961223
1509587335410819078
1509578770826420238
1509571050966818827
1509565897983283203
1509565146762469386
1509565088935591938
1509561166737125376
1509547921850654727
1509368230153965568
1509302169060753411
1509302164585336837
1509227480636403723
1509226865529180163
1509201213576953863
1509195406609158155
1509183681444958211
1509171435494850567
1509168580004253697
1509163300097073156
1509162483415662595
1509138910353498114
1508970112400994305
1508939530522480646
1508920608461049865
1508909877212725248
1508909766504030208
1508905442512187397
1508874128115355652
1508866585997586434
1508826957001154566
1508807553542762512
1508497288859168773
1508493928198287374
1508493926541447179
1507867355950555141
1507442898513633280
1507442896563318787
1507442797653200896
1507442425609998339
1507442401320783879
1507442384996601898
1507347014060810246
1507347006624305153
1507155168051318789
1507155167212412935
1507155165161431051
1507154805462306816
1507154803213885440
1507041110987845642
1507008693660835845
1507007023493226512
1507006257994948617
1506788362518249475
1506788361268346887
1506788359590588431
1506788104535003143
1506788102207066114
1506742544700424196
1506707098696044553
1506685959592570884
1506673525318463499
1506672104284033027
1506670492333260802
1506669168527134722
1506667364271669258
1506353057432494094
1506350831855095813
1506350000556679172
1506348946687418377
1506346108540407811
1506343205196947477
1506283935352995840
1506283349043818499
1506265207705939977
1505991435627249671
1505989884733014020
1505988535291109381
1505983696733671427
1505983695240503297
1505983693302685712
1505982997790605316
1505982995735457792
1505932135194144772
1505931296131985415
1505929106499817473
1505246950530207749
1505216105387900934
1504934251761999874
1504929530263347200
1504575419735064581
1504574507805249539
1504527252201123848
1504506587800608782
1504180207497977864
1504173009732517888
1504158433846738948
1504157780596436993
1504157361933541376
1503851341143228417
1503851029439283201
1503849771353600003
1503849528591622145
1503848348545175559
1503846801048326144
1503779019967410178
1503778890816360459
1503778701200211970
1501968035904634882
1501967600695357440
1501967200550375428
1501966686349635586
1501966300385624068
1501899437022625795
1501897601062522884
1501896941923450881
1501895646479011841
1501766266654277634
1501763553677697024
1501763207555436544
1501739426996760582
1501738293217697798
1501737766081728516
1501731810329432064
1501731686991777798
1501391784722714631
1501365882353762312
1501365880000765956
1501365467054813185
1501365465607815171
1501363571409707011
1501362854590566403
1501362471176740864
1501361805557481475
1501359633226735616
1501359135148945411
1501281306012884997
1501279595353542658
1501278957366353929
1501232427494109184
1500953735396315137
1500953734104375298
1499925861604155396
1499923772937224194
1499923771389624320
1499862314639675402
1499862312513150979
1499799337555173376
1499797074619023361
1499796815578734593
1499791981400231941
1499503168102744070
1499428535018139648
1499427664523890693
1499426777571250176
1499425003988791297
1499409976657334283
1499408906489110529
1499407963433353223
1499407479087714304
1499397823195844625
1499176898668212230
1499176220981870599
1499175857453256704
1499118700343042054
1498860098311147520
1498859547481497606
1498858679755497475
1498858291841183751
1498857699454459915
1498857636019806209
1498857613450260483
1498752378157289472
1498752376685187073
1498752375057756163
1498690602866728966
1498690599628771328
1498442413639090177
1498442412716437505
1498442411269369881
1498409839617355786
1498390948807651339
1498390946551152647
1497353745822277638
1497353741271506945
1497353350777614341
1497353345765359618
1497248934250651655
1496969766334050307
1496969765340000263
1496897564142194697
1496897562418491392
1496861960025128963
1496703094180171778
1496610075364020229
1496610074277695489
1496610073162006531
1496607722996961286
1496607721658933254
1496607720421707785
1496607719075241986
1496607717569536011
1496606764955021313
1496606763772166154
1496606762161561600
1496572107437879300
1496572105114243073
1496571280715354116
1496567901071056896
1496567701061476352
1496563741529415683
1496563740334039044
1496526463486541832
1496526457555898369
1496480210983833606
1496480203727589376
1495948074082000896
1495851899962249216
1495851899144265733
1495851898288713736
1495593723157168131
1495593722280648712
1494723307136077825
1493079453286772739
1493012736091037700
1491816232470917125
