1533840820406722564
1532798629215346688
1532796355097280512
1532687394578776064
1532461426777939975
1532428271459127304
1532416817980919808
1532128218064494594
1532112007318618113
1532089420492464130
1531760058631131138
1531759802073944065
1531346307851362306
1531301637767237632
1530964041430081536
1530249531912232961
1529945404950954010
1529499261221720067
1529222985260756993
1529118528032460800
1528829753163235328
1528771411594051585
1528462156685004802
1528013555781468162
1528013335647731714
1528013118856695815
1527727854254972928
1527727558791516161
1527369086929252365
1527046124929957892
1526683338160979975
1526619579597959169
1526577696691859456
1526267323572682753
1525938430710059008
1525921359443927040
1525835208158748675
1525481519590014976
1525191632257265669
1525162394804174851
1525150992874061825
1524784849399255049
1524477749359951872
1524069736144850945
1523783459923058688
1523783455750127616
1523783454147883008
1523323667085762561
1522669570951110662
1522592901041209352
1522592435469225984
1522567355880009734
1521934396311416835
1521584828470149120
1521565232589643776
1521472139320303618
1521212080770232320
1520114335405817856
1520078692038459394
1519415001878085637
1519397134419873794
1519366524972277760
1519336941761740802
1519318884926504961
1519299128404103168
1518710626352304129
1517506760449396736
1517234962663194626
1517186951073435651
1517137829423239170
1516159558770638852
1516073187473248256
1515670158613762048
1515036231356203009
1514398495314227203
1513577325572599808
1513576516491386883
1513573753380392966
1512530712922099716
1512465889626664969
1512161800615337990
1512136250173673474
1512054694331432967
1511811283158544386
1511808529077784586
1511798708194713600
1511793706592083982
1511460948514684939
1511388962987941910
1511383572325797891
1511133765237710852
1511060879978205185
1511051851088777228
1510231824009728004
1509936698574082049
1509617274545528832
1509568498955169797
1509207175444451344
1509206123747946502
1509199057855655949
1508503189615788044
1508259117873471493
1508258614288470016
1507535361739837441
1507495207922814980
1507466210677506054
1507115200561954827
1506778243952697347
1506770004733304835
1506724550981132292
1506719138869305349
1506706836552130562
1506276372221673482
1506017595006193666
1505978547525103617
1505972319554097158
1505969515737329673
1505931020326952964
1505278686479544322
1505270357023985683
1504945508346994691
1504911568521371662
1504894681058095107
1504465572465098755
1504209302395187200
1504206611342110720
1504181824318234630
1504173906705346565
1504158061149278208
1504147336091611146
1503841536450211846
1503809671508992009
1503801696505454602
1503801588154089482
1503795075318530053
1503496173168078849
1503467332634652672
1503084537630248963
1502715236704571394
1502690134570983425
1502659107010060291
1502391282580312067
1502374213272932361
1502351431570964481
1502348199331344385
1502343315559174148
1501920353068716034
1501640261549580292
1501340979768397828
1501335396382175235
1501262556018655238
1501247381194555394
1500959362365284356
1500186829840166915
1500144874254966787
1499141167895781382
1499099081943228424
1499073166198591488
1498864537738620931
1498839141089484805
1498821028360957952
1498641225901035529
1498416933263261699
1498348016981397506
1498335036558487552
1497996528744603651
1497721963825008640
1497311272714575873
1497299807089700868
1497299773598089226
1496844353905610757
1496623175312064514
1496566062535655424
1496207777584324614
1495395420205371392
1493703721175642112
1492618116492312581
1491578104938176517
