1533878410023403520
1533128916986220547
1532750783778893824
1531362667159601153
1527076048218861568
1526711572344733696
1524085268525076480
1522330752427479048
1521882045261230083
1520153830855520258
1519815188626739200
1518746758632943625
1517542125805654016
1517303838625177603
1517235666614202368
1517211233673531394
1516519544717729795
1516056751266840581
1513998945546117122
1513923150567903251
1513902058470055942
1512511720786386954
1512047714934177792
1511491575876145153
1511000871299133447
1510018264960839682
1509609633362546822
1506297343032897546
1505910439883984898
1505186939951067137
1504120758670405645
1503766698565984260
1502039846067572751
1501290233467441154
1501228987216908290
1499495372741394433
1499416292033454086
1497329922087559173
1494760801873317890
1494728050415706115
1494009248698748930
