1534642180916187141
1534622952041418753
1534591279400632320
1534591277890781194
1534301043152105473
1534231806207217665
1533946846569177088
1533914825369214978
1532786064280240132
1532761332763729922
1532484534901657600
1532445463701598209
1532072118996766720
1531717477830361088
1531687087845658627
1531264847249391622
1530257647345315841
1529960578789150720
1529942955703910436
1529928827874557964
1529852614950649856
1529852599284944896
1529612024942014464
1529581443390836736
1529223279273287685
1529204887254441986
1529172225110290433
1528855288543162370
1528838271391916034
1528748752730734592
1528450624387309568
1528027848341999616
1527726582109970434
1527387284428963840
1527346033058992129
1527115221113913344
1527039220342214659
1526999662716194817
1526928302283403270
1526926796641509382
1526682576592707584
1526650633780092930
1526642993318481924
1526641625845444612
1526640977032753154
1526637254042591233
1526637128263811076
1526636575429476354
1526635842558738433
1526634561479778307
1526627131861745666
1526626912277250049
1526624086130053121
1526623457039065089
1526608185632690177
1526552160351264768
1526548358474649600
1526294552541286400
1526259206587916289
1526209110064218114
1525236469752905733
1525216813998563333
1525195646432591872
1525170940547563520
1525108405941182465
1524841846861615112
1524819197070540804
1524802611580379136
1524551680951468033
1524518713843535873
1524495507183357953
1524486336786350091
1524476747575668737
1524196392981483521
1524088127224090624
1524069435144871939
1523762861293862912
1523718486945505285
1523294396577243136
1522691909755490305
1522657256957001728
1522630189292961792
1522317468647231488
1522290029296455681
1522272962430316549
1522257820795785223
1521986906359226368
1521956697518006276
1521943293386493952
1521855982485352451
1521844162408112133
1521608178609405953
1521596031682715650
1521549988999929856
1521192559955087360
1521128284099993602
1520043304687226880
1519811194759966720
1519796587467264001
1519729699680833537
1519435552101212166
1519413575198117889
1519394700351918082
1519378342709018626
1519362754662088706
1518975862921740290
1518701275780726790
1518675428554248195
1518009321853923328
1517597861134938112
1517597860602257411
1517578553461772288
1517549643789389829
1517242614344527872
1516879296647897091
1516863816184872960
1516534169672855553
1516519058627342353
1516504853899620358
1516442749213585411
1516157816544890892
1516084787181666311
1515057374775500804
1514974323467067396
1514727698551222279
1514708489888751628
1514664034804588544
1514657440532471819
1514639493478952961
1514365202032168965
1514343541530673158
1514251517456523264
1513986616309829640
1513904996886228992
1513617262544146438
1513606750720643076
1512511021809901581
1512470194614161408
1512166092134825984
1512164939443621895
1512151113239347203
1512134670527479817
1512088853833654277
1512077643247591440
1512067747114496003
1511864560495509504
1511838661976989698
1511814754351734785
1511795890637266945
1511768334680961038
1511418402337873920
1511408199521419269
1511395746012012548
1511395743210168325
1511379375756828676
1511088424694001665
1511082721119981586
1511071354958888967
1511059994988400643
1511012013966774274
1510970796361097223
1509996523400089600
1509977649514381313
1509965525014695945
1509674403247783937
1509656785115705361
1509656502159695884
1509645460486569986
1509630728065146885
1509630553359896585
1509599261985488903
1509507517952442370
1509235421527658497
1509212040212144134
1509153727252504578
1508954658252984321
1508937042381606913
1508929580756787206
1508917609173037057
1508835807527940110
1508801960069193728
1508577170922352648
1508558296826802181
1508545095267766278
1507454776237297703
1507431489843179529
1507090366209708046
1507064186181931015
1506767594354839561
1506763340516929551
1506763338210070544
1506734031735508995
1506723444095868936
1506697587784667139
1506375163721383937
1506369913962876934
1506357809356722190
1506297868298162186
1506033285213954058
1506022868278296576
1506013609020731393
1505979447178149888
1504895684452958218
1504876232839680005
1504852682342809600
1504837098406297612
1504837078068117524
1504836141228376065
1504830022317654033
1504822500701650958
1504599454057443335
1504593672934932480
1504555673627025408
1504519433640890369
1504502820862664704
1504464701362683917
1504219708614070272
1504213589904789512
1504203351109644299
1504193287116230659
1504186800591540235
1504170958294245385
1504169380078366724
1504145076779376644
1503869409865121798
1503864141836136450
1503830897874767875
1503821551099166721
1503809094880481280
1503794406440140801
1503722618112851979
1503475190830874625
1503461877447278597
1503458414231445504
1503431595537190918
1503397714830184460
1503389041634517001
1503388713845469186
1503127546174611463
1502405253001588748
1502390337964290051
1502390336659804166
1502390335313428488
1502390333824540677
1502390332549480451
1502390331169558531
1502390329940529152
1502390328413888515
1502390327080009739
1502390325935067138
1502390324546932736
1502364128261906440
1502333652939771905
1502316353285496833
1502301538630488065
1502291668640448517
1502013949704904705
1501992533441888259
1501973660495749125
1501963592354058242
1501951972060004354
1501686770282512391
1501677940987383812
1501572180446007301
1501336964058042370
1501318089568182277
1501305801574686727
1501291925969776643
1501272790871072769
1501264296503824396
1501260478554779654
1500961993016160256
1500949953815928832
1500936278770073600
1500911723712290821
1500888062632599552
1499848328791662599
1499834247867158534
1499804374800941057
1499784665514786817
1499771814540713987
1499507895590924296
1499466485508550661
1499416035232993285
1499407796562976772
1499169164497502212
1499149338030792707
1499139987085803520
1499117337772843016
1499104757297954818
1499092672404983817
1499043740614332417
1498863138866966531
1498863122056159234
1498850738369441797
1498850630315745283
1498729784074981379
1498710909727895554
1498696943324774407
1498684714412032011
1498398277951275026
1498386016222294016
1498359245531668482
1498325915020972043
1498052823308660736
1497312736845381632
1497274501347753986
1497236711436390405
1497221388016492545
1496917137486667779
1496894944249847814
1496881354755117056
1496870802339373070
1496607047248330753
1496589934286807051
1496573576274755595
1496555456977846274
1496539099162820608
1496515695273594883
1496261016665079813
1496242402998337536
1494782566003531782
1494369886285537283
1494055385757593606
1494039561609129984
1494021215304011778
1493720091271258114
1493708794848849930
1493700785481334786
1493624549807734786
1493356880558702594
1493342843129245707
1493340703728054272
1493318377066180616
1493311803375427586
1493311758630629381
1493310958009266179
1493310926552027142
1493310765486456836
1493306126082920458
1493305349046259720
1493304357852520451
1493303837616222213
1493303818792099847
1493242418665345029
1492229994927607808
1491872731369025546
1491844162919882760
1491823503640776704
1491810054068183049
1491787932134379528
