1534594167988539394
1534517952556548098
1534267492125769735
1534162007414362117
1533868078756413441
1533795755760263169
1533086170099290113
1532754006610587653
1532708680621244417
1532467093899206662
1532426585449631745
1532390471548473345
1532365920739512321
1532357067834540033
1532052589491142657
1531998040210415618
1531983915639971842
1531677452447141891
1531634422042308608
1531244033258946561
1531017537298698240
1530194613981442048
1529945480167182336
1529877525827948546
1529839776395829248
1529834224454455297
1529179264825827328
1529174659891089408
1529174657290719235
1529163774414004229
1529163624203358208
1529158439368282114
1529155953060462597
1529116528246931457
1529095849514500096
1528766982597779456
1528422702423367681
1528117939852828673
1527997647897907200
1527707818807238657
1527707738146488321
1527650376937156611
1527646897950834692
1527362162955431939
1527296729460404224
1527283746021457920
1527031685950455810
1527004961271431168
1527004874294034434
1527004030228172806
1526995234349006850
1526940683155677187
1526909044828561413
1526646054862704641
1526638075891310592
1526634974933286913
1526622888413089792
1526340779324604418
1526318399579643904
1526299403983720448
1526238968777433090
1526210032018284544
1525810193929469953
1525574381086318592
1525203527932559361
1525158933958012929
1524890917152272384
1524862500361191448
1524840476582547456
1524822010102259714
1524804095248240649
1524765207117111302
1524759016848637953
1524722092268302336
1524490800083648513
1524461250494840832
1524419069079814149
1524400182812499968
1524385687985926146
1524375309184909317
1524106889344262148
1524033962527580167
1524018557520121856
1523689359223918597
1523647331530248193
1523294145925812224
1522948958724759552
1522659967987326977
1522622229959356417
1522569372069285888
1522242597296775170
1522229637576896517
1522203592681299968
1521937312971739145
1521917803170783235
1521574930508390400
1521547636590792705
1521527590250504193
1521514271645044740
1521478141470031872
1521266044010180615
1521253196555071495
1521247697386278918
1521246904985784320
1521215447777132546
1521202183970111488
1521158378902458370
1520764988834648064
1520402601262690315
1520135926831329281
1520135924201529345
1520097811043438593
1520070712840572933
1519813712881885188
1519786528163172352
1519708015254986753
1519688867133243393
1519674297438162947
1519659772034928641
1519390933749444608
1519384097579319298
1519376768746012673
1519345600151666688
1519322978474991635
1519296822103138304
1518998344777019396
1518975690946850820
1518953041654861824
1518681251590250496
1518665434777755652
1518664719162396675
1518243377568833537
1518241338289967106
1517865885331038209
1517563886731411456
1517533689437200385
1517526137857052678
1517499389878714369
1517178852853764096
1517141913995911176
1516914613031370752
1516871527622483969
1516854214248435713
1516224440195026949
1516147546544087053
1516110737365782534
1516070278975176704
1515676451567136768
1514951687181516803
1514673084606955530
1514589286712201221
1513904896407392271
1513873559201976322
1513601181448380428
1513590969245052946
1513541598164013064
1513514541040156677
1513138143830151170
1513116713700798467
1512173673842679810
1512159403801198595
1512112752122290185
1511815450795073540
1511809983280730115
1511806294830764033
1511762669157634053
1511721087977107464
1511465795733368839
1511454307576647685
1511367924719759360
1511353235583479809
1511028733985136642
1509967892804210694
1509619127291416585
1509586324378075139
1509574995835428866
1509568155601059846
1509561223326674952
1509504859254534153
1509266929579704324
1509266888680955907
1509260383785263105
1509258533518327812
1509227069531688962
1509227068399235081
1509219330243899392
1509216481317429262
1508912624863432706
1508899683074285571
1508848074361393159
1508830203497361409
1508557994992316420
1508552921922822152
1508539922373922823
1508539742484377621
1508507478413164544
1508488754956279811
1508470892166328321
1508446308855595010
1508437993060802563
1507449751465193476
1507433775545958403
1507379087819644934
1507134484017291270
1507081062752698368
1506748317891506180
1506748316821958656
1506712229059641355
1506678001647460357
1506598163746017282
1506379712947531780
1506361629805584389
1506328259264458755
1506289809215701003
1506289807911178263
1506011076357500928
1506003505391222785
1505987705058041858
1505897975020728323
1505588701782581251
1505544696063533059
1505167212335669251
1504998121482432514
1504970910729658371
1504925615316635654
1504925057340039172
1504531911137447939
1504507427588395008
1504488050994421761
1504449473589788674
1504242871356071937
1503854264896131079
1503854263486791687
1503774576249028615
1503774574189682696
1503770267159519238
1503737788222554119
1503473257693028355
1503469874370256897
1503469757370150916
1503448373663354880
1503436789545148420
1503403310803472394
1502484079425597441
1502391265169657858
1502351651230953479
1502036865762869252
1501693059905560588
1501692877814083584
1501625028777070593
1501586517483044870
1501578564780572674
1501560413808476164
1501541879086731267
1501528226375606276
1501337867745857538
1501329713117151235
1501272961050939393
1501262019961536519
1501211971466764289
1501196038924763137
1501185043749916684
1500960197392617473
1500934971032223753
1500282915162411014
1500245042547548160
1499840436487270405
1499809571858268175
1499795556725444612
1499791756778422274
1499778772744216581
1499130971895087111
1499109759143890946
1498801358211895297
1498785997567541255
1498728857960071172
1498710708418134020
1498437043587846144
1497328226783404032
1496922278868975622
1496922275366510593
1496922258845028369
1496888232067448834
1496204863688089600
1494701025114083329
1494700280591667210
1494428054541807616
1492197216278261763
