1534643147191500803
1534625607979499522
1534601343217934336
1534596682100494337
1534592603894726656
1534541728853766145
1534305637248688128
1534305631095738371
1534305625299161091
1534305616969220097
1534270541640744961
1534257540434780160
1534257490984067074
1534245169880608769
1534223182332305415
1534220910240079872
1534201368197603330
1534194677175443456
1534194668505800704
1534179112016924680
1534175424174993410
1534160333178298368
1534157153530945536
1533986796463349760
1533950005299531776
1533934106215579648
1533925321757667329
1533903088523911171
1533872212054269952
1533831933951713287
1533823588171751425
1533554955176628226
1533201530232492032
1533153681004167170
1532833294030622721
1532822667543314437
1532806285560774665
1532804911229976578
1532778239873228800
1532760456355512320
1532735681952419841
1532498846303113237
1532446268362039296
1532425977548120064
1532423966404624387
1532423226143518723
1532421765489643525
1532103183123861505
1532089811313516547
1532068364813672448
1531756023895273474
1531756022313910272
1531756020829237248
1531756019214438405
1531756017855373314
1531756015598948357
1531756013979942914
1531698360805122052
1531689914173202435
1531351274406428677
1531276531154272258
1530991753033043972
1530921402563436544
1530574343301898241
1530298759728570369
1530251881829871616
1530216044685582344
1530209698250641408
1530198343883923458
1529947749474615322
1529924417022836766
1529916773147070464
1529842484364312576
1529544683759837191
1529214119429214209
1529185796468752385
1529185551420628994
1529166190836334592
1529166179956301824
1529124788765065223
1529118027748450305
1529105409914593280
1529066550161989632
1528857868908257285
1528840123839827968
1528782966553554945
1528774346617016322
1528774191692107777
1528743815661625344
1528739298270404608
1528459379216896001
1528057368151478273
1527755395145539584
1527731155717455873
1527705811845369857
1527667287100215296
1527466632829980675
1527379931889446912
1527303415000289282
1527047290426376194
1527022060358205442
1527008742222569474
1527001073734631425
1526991680100093953
1526955778753671174
1526955777423974401
1526928816131780616
1526925507698253825
1526921705788260354
1526717356763914241
1526686408752128000
1526666748795179009
1526626691975634945
1526613294857043971
1526564384985726977
1526287075124953089
1526276115458838530
1526236976445276160
1525844245516537856
1525529504277577728
1525477221753839617
1525217599155580929
1525195931200671744
1525153950369980416
1525115038180290561
1524860902893400064
1524845400275963909
1524830657553256450
1524821609009250305
1524789160397053964
1524789155317915648
1524504380434796544
1524487735641354242
1524482943225323520
1524435087810600961
1524425221276676097
1524403233837486082
1524388141163069440
1524163812462575617
1524146212693282817
1524132325113700355
1524099229655965697
1524052551057948674
1524040036890644481
1523798836782968833
1523790760323485697
1523728663736246273
1523682515764264961
1523313153433432064
1523046365471047680
1523006261700177920
1522963018480553986
1522716384677007367
1522683838886993922
1522630518411567107
1522589316928712707
1522330490186960902
1522317348518174721
1522313712924872704
1522299397970796546
1522286335792500737
1522286334550982656
1522249590858207238
1522241257384431616
1522241253777494017
1522241247989088258
1522241246802194433
1522241245078331392
1521995526404808704
1521984954770542595
1521952080654737415
1521919583321530370
1521906263730311168
1521892988863066113
1521878504924762114
1521616827398430721
1521604698217799680
1521586206693380098
1521574558553284613
1521572829208137730
1521555544678539265
1521531066330329088
1521507993472356354
1521247292468170753
1521240471569379332
1521232595832516613
1521211023373520896
1520850429218856969
1520467575330807810
1520157436295979009
1520144701432770567
1520130837219618816
1520113499267125251
1520058911251914756
1519794340247257090
1519766128981164032
1519744212295729155
1519717232456126464
1519712703882870784
1519708650964754435
1519707028201033730
1519706675825057793
1519701841361223683
1519697827475173379
1519662730302697474
1519494975419035648
1519438491456843778
1519415093511004161
1519403220845703169
1519388127458209797
1519374681266176003
1519362543025803265
1519348708562939904
1519326640081354753
1519099449787748358
1519078563227578368
1519071025530613763
1519061347517968384
1519045875510788096
1519026763879305218
1519014954296356865
1519000317970587649
1518958351404699650
1518958151994945536
1518740082852831232
1518683450030632968
1518655405978796033
1518655402111651841
1518604402516447233
1518604401069412353
1518604399593017346
1518604397940551680
1518604395633643522
1518345788874665984
1518279099369754627
1518255830885449729
1517974233556688898
1517882023813296130
1517548033369640960
1517526698488745985
1517503811463659523
1517262353997471747
1517243576597495811
1517189440346730497
1517167609866817538
1516883559507709952
1516864184587370496
1516820272787378180
1516512479760818178
1516464878889979916
1516185381179469824
1516147235431591943
1516147233934163980
1516130425399357451
1516119583035383808
1515698787683127302
1515431565626593281
1515387676425437192
1515088983969210379
1515041992824270853
1514993853408886792
1514984807587106823
1514690980968022026
1514665220563681287
1514606784501088267
1514307667086520330
1514307665828188173
1514307664637054978
1514285559224717312
1514269916475674625
1513980057064194065
1513974666418921480
1513934363276230662
1513903313795883017
1513625402904018944
1513596936351330313
1513235477054251009
1513189463287074820
1512882533133922313
1512544564309118983
1512532755875307520
1512508034685276166
1512508033133432832
1512477975035404289
1512459791997751303
1512180885474484225
1512168950867664903
1512157466418728963
1512156683073732612
1512134834398892040
1512121859113996297
1512105397389344774
1511845774103134212
1511830509600583685
1511823230264299535
1511812790905880580
1511791007179976718
1511779943482540033
1511754406936645643
1511725732258582535
1511464637841170434
1511449110733275152
1511438489056907273
1511407533579292676
1511373065854332928
1511367517670891522
1511129015490424838
1511099355822014467
1511090975753576460
1511058445268664324
1511001100912107526
1510688735616245760
1510629791145332739
1510362578177994758
1510312162241224710
1510013877605568513
1509994930206392321
1509972803809861635
1509917255626379267
1509900906359398411
1509888812536713220
1509657110426050566
1509629540448059402
1509611120998371334
1509599877730381831
1509582906599125007
1509317969997975559
1509306827397292034
1509249192627216392
1509240784553488387
1509231429573652491
1509214102526349316
1509188188513972230
1509188181593313287
1509160227626700809
1508916092189687817
1508912847283277833
1508904437594697736
1508877394244943872
1508856834106568708
1508833604385845256
1508583447908036608
1508553290082136075
1508210967158702086
1508194180505477120
1508124682087718916
1507790464577060870
1507751957649317895
1507452741832040455
1507421843480789004
1507403920309731330
1507358756564262912
1507125054991183881
1507117052515045376
1507055449140514822
1507044213900431364
1507029910069596169
1506743163951661066
1506709779770707988
1506679801201012738
1506649584830922760
1506388413418807309
1506373435848630283
1506373433998905345
1506373432912527364
1506373431754956815
1506373430509293568
1506373429183791117
1506373427921309698
1506367353373827074
1506321482036690948
1506312147697119232
1506022729858035712
1506017707279646722
1505947211435233289
1505565248979451904
1505212010916679681
1504883878019964929
1504842527840550915
1504817149117968387
1504591947486445568
1504573958884106241
1504560343443546119
1504552236327788545
1504530362143318021
1504517133992087561
1504506909042397192
1504209151450361861
1504191674985164804
1504176113072979969
1504137204414750720
1504126680989847555
1504089385528139780
1503877703434444801
1503861394940342275
1503853838553473027
1503847136038957068
1503806274810613766
1503806273690779650
1503799419682148358
1503782931843661825
1503766029142577153
1503489639587397648
1503474835984465926
1503459301389750280
1503447648363335693
1503063800727154690
1503033798199595010
1502738705785700355
1502683682049605636
1502456326026371077
1502391446963466242
1502313319142674432
1502295696430575621
1502054238863646724
1502041108439838720
1502023242487324678
1501961010864869379
1501954256882053127
1501954255728562186
1501954254608769027
1501954253459501058
1501954252238950408
1501954251056156674
1501954249885949952
1501954248451440643
1501686545434263559
1501616734150737929
1501341018892951557
1501327972824875016
1501322852213170179
1501303629868937229
1501293380663492609
1501286309985460229
1501260787242909702
1501223881981501440
1501216082522251275
1500951275344740353
1500862578750369795
1500598877451395076
1500535558220697603
1500508161312280584
1500193696196796417
1500162322077294593
1500141552169009157
1499868174803742722
1499822097425649670
1499797107892527109
1499510807104741378
1499490625762308111
1499456436304326664
1499430883622850570
1499419352453586947
1499164133232623626
1499151075848376323
1499135411544903689
1499097691904696324
1499081699698921483
1499076713246085128
1499064145861296137
1498861379679313926
1498804056432775168
1498790200801169408
1498776407190740993
1498764347098767361
1498720560129445893
1498670282625716229
1498475338917105666
1498451911955128322
1498440805693931531
1498434677744545800
1498124562650701825
1498115607958482945
1498019962312552448
1497973119784394752
1497783343781351426
1497709181222088706
1497682261050679301
1497646964095152128
1497369247177084928
1497332143042691073
1497318937880449024
1497291286193213440
1497256652466114562
1497245013310259201
1497234594831077377
1496864657759367176
1496598146654171136
1496570164069998600
1496530927446544387
1496514073776861189
1496497568335171587
1496279566553608192
1496273248207933441
1496245180617441280
1496183792276578311
1496136625130283019
1495798196966199306
1495490405814751236
1495437623992725508
1495129873890828288
1495119520238911491
1495069372435636229
1495063507238363142
1494781494644068352
1494746589486850048
1494709408491790338
1494446394601582592
1494432918554431488
1494425684269281282
1494408882386608130
1494390034031648771
1494382346342129665
1494081013940641793
1494044049409462276
1494023849897340935
1494012633787387907
1493996042261512195
1493719126870736897
1493698336330821632
1493679484037435399
1493660377334390787
1493629771640713227
1493629770613112834
1493319741234204672
1493308470728220676
1493294374515527680
1493276888986537986
1493274945530605572
1492931377473458177
1492891141464862726
1492620729984196614
1492531799137865735
1492262887225806850
1492250196201385990
1492233975024263175
1492210918826070019
1492183563730624514
1491901681277231106
1491863480546344960
1491847056075464713
1491811111804538881
1491799088718700547
1491581114107973637
1491574245717164034
1491570825664905218
