1534604169553661952
1534582322602856450
1534558767873937410
1534532746881769477
1534525254227349506
1534276285995827203
1534256449479708672
1534246235636486144
1534246233795084290
1534219730789273601
1534219701835993093
1534166328147312641
1533829796832092161
1533812932236267521
1533597033159806976
1533550980025008129
1533494105673588737
1533466423996993536
1533150088075194368
1533088432452513795
1532874779568377856
1532828721081511936
1532802045224177664
1532798683019886594
1532791766302310402
1532788408720011267
1532768780459421696
1532741614124339200
1532737085681160193
1532407187775029250
1532386406064078848
1532171138435981312
1532160253042860032
1532122567754059776
1532084738147725323
1532076766155653120
1532066754272165888
1532049517217980427
1531684903909302278
1531345698511278081
1531257869982519297
1531066357864882179
1530991867038416896
1530976050745950212
1530929707947917314
1530677042546544640
1530615386688872448
1530558511695818752
1530301820215537664
1530253501846142976
1530235872989396997
1529921061298524160
1529898915478196224
1529898384429133838
1529877567792197633
1529851100366524418
1529556899913424897
1529541057423233025
1529522690612088833
1529504077486374919
1529504076010074116
1529504073606643714
1529504069525639168
1529488855564435457
1529488853324775424
1529488849377939456
1529259488531947524
1529259487323951106
1529259485956608001
1529259484178153473
1529167972580962304
1529160219246338051
1529122751079915522
1529122745518379009
1529116337561391106
1529113868043182082
1529113779736350725
1528861076791517184
1528822849921753094
1528808368458055683
1528789579804946432
1528772165633552390
1528514040116326400
1528443827517739008
1528392992926711808
1528177841992613888
1528168009847648256
1528094274386022400
1528024062034776064
1527989835876642817
1527770930864443394
1527747129904603136
1527699988335280128
1527683704625168388
1527661269586681858
1527380439597338628
1527315080110481408
1527315078131097600
1527299544991555584
1527280351827185665
1527127601772384256
1527031609291165696
1527031608024383489
1527022210333949955
1527014912895029248
1527006497280036866
1526994831993716739
1526986948581146624
1526977664023764995
1526958792105111552
1526931864740429824
1526921408034623489
1526921406377873408
1526912526532886529
1526649504073625601
1526628038951190529
1526614280451330050
1526596700634333184
1526596699157893121
1526596698025480192
1526552763957657600
1526552759545348099
1526320838495989762
1526299700298518528
1526286109638008832
1526236805569323014
1526236803711352832
1526218139482087426
1526218135669440515
1526218131915608064
1526218127868059648
1525994186490667009
1525909377428897792
1525847721298501640
1525640868312514560
1525640867003908096
1525633308192919553
1525563348191809537
1525544246589235202
1525488856308387841
1525254059522789376
1525215238097883136
1525201443849916417
1525201442516176898
1525189515769421824
1525136322691842048
1525134521699540995
1525122072573358080
1525109111469314048
1525102964075012096
1524848508133572608
1524820332661571585
1524755802673852416
1524490689131827200
1524490685268824065
1524487290231398405
1524474275201171457
1524452276420681728
1524428117284061184
1524414358658428929
1524391450313695236
1524391445951569920
1524391442373824512
1524380291447631872
1524210767133880325
1524210765716197378
1524155509896581122
1524138746014314501
1524109291539648522
1524100880236228614
1524074922779234304
1524074921185394689
1523403364536659968
1523289866871578625
1523085268366077954
1523020390570012672
1523020387050684416
1522992041642250240
1522956671315812353
1522917682223452162
1522743768662765568
1522728230817607680
1522724053097893889
1522680317198446594
1522644906799517701
1522641343494955011
1522600575032041472
1522371817276461057
1522318131456364547
1522318127543070723
1522303029252440064
1522303020024881158
1522303008272531461
1522228969600434182
1521981032643366913
1521917606550282242
1521889123245731842
1521589453386567680
1521575822447972352
1521559968016523265
1521551916173606913
1521551915196239872
1521551914214830083
1521551913128534019
1521308778301374465
1521178111253139458
1521140611683962880
1521131650754781184
1520919749307224067
1520841484022472710
1520784462790987776
1520435055667015681
1520402051716501504
1520402050630230016
1520144390261407745
1520088051183144960
1520076734317707370
1520046603234643970
1520039351400419335
1520027965526052867
1519777529753657347
1519774484475043848
1519760410953592832
1519739964715683842
1519730915936653312
1519717700582400000
1519694753033510913
1519694615452041223
1519686194183000065
1519684749639434242
1519661202716213248
1519660929042075650
1519419902452449282
1519407490290573314
1519395455506911232
1519385700956790787
1519381798349946882
1519373693671153666
1519369072848351232
1519355110006132737
1519345700626223109
1519300075364794369
1519058233415008256
1519043236890882048
1519028235836833793
1519004587121852416
1518656586801025026
1518639217236226053
1518380014559010818
1518302755361808386
1518246132148625408
1518014103469670401
1517946155627270144
1517875439624024064
1517553549814775809
1517553548644569090
1517553547340136448
1517543316660883459
1517537387399860227
1517529409590378499
1517521382250364928
1517521377795923969
1517494732607340544
1517183868985561088
1516911772757901313
1516872833472909314
1516854225275400198
1516542154671226884
1516515227214311424
1516496352561270789
1516484955022446601
1516447279468752896
1516189329504280576
1516112321931796482
1516063248759627778
1515793470866305027
1515687523107934209
1515449202528043010
1515382764916383754
1515332684930637828
1515056819332435973
1515043026405519362
1515020824373338116
1514981370015076356
1514729460121092100
1514668810351091721
1514636849687379970
1514619989344534530
1514354237492248577
1514254625792221190
1513990756272386051
1513952742326382598
1513939828697616385
1513607903474851846
1513591078351425538
1513591077051289607
1513559879818035207
1513550692769697798
1513527989761421319
1513315140564889601
1513233603554996225
1513172702328025090
1512943944912543752
1512864420866797576
1512801002969178121
1512556894367346688
1512534473107247106
1512510936778776585
1512482997617971205
1512456734597545988
1512442173739909121
1512168007618994179
1512168005907755024
1512114731074658307
1512094617956671488
1512067986697248784
1511793198200504327
1511766939554787333
1511754212081811461
1511751984558313472
1511706826403950603
1511681985353338888
1511492929377996805
1511464194981474307
1511451436806283275
1511444105058037769
1511377670319259649
1511069130841022472
1511062446907314176
1511033378316992513
1510983550467776512
1510766345939476488
1510687577065598976
1510635987629576196
1510412262812655625
1510310341372264450
1510266301243035651
1509994761985396744
1509989063113285642
1509956934878863371
1509936377059852290
1509926376387846152
1509900183634694148
1509668109853945878
1509631367323140112
1509588333973889034
1509570717741772803
1509557710777466881
1509519026120282119
1509234502396268549
1509224248199585795
1509165124396924938
1508983181260767236
1508866829938139137
1508850484811022338
1508832132281647108
1508799934958641161
1508552888167157764
1508552887068151809
1508544547495817222
1508501051925835787
1508446815644962821
1508432353512894465
1508202703826137101
1508099271962234883
1507835985916276739
1507826222788714500
1507728831062282248
1507465596702638084
1507430624944173057
1507351987230289922
1507095910550945816
1507072717262045186
1507059923561041926
1507017141740093440
1506761457022689283
1506735284351909897
1506717668128133120
1506710009639489538
1506693188236492812
1506667588406988806
1506388898154487811
1506388735570718724
1506355440359297027
1506034667635441666
1505998603759898633
1505904458227724291
1505694425892089859
1505615656779075586
1505562556940836864
1505337826090573830
1505252010689368066
1505240718012526593
1505224058107056138
1505185824572289024
1505007687452475397
1504914812802850823
1504898682423939072
1504882576443338753
1504862192008511488
1504849609125871616
1504841304609501185
1504830148339712012
1504828111870902277
1504603857376194569
1504563448310603781
1504530758580543491
1504522201772421128
1504498211800719366
1504214675524886531
1504175346291286019
1504119021108662279
1504111693219213320
1504111367770492929
1504103043888988164
1504091314358571012
1503843907045662726
1503841090557853710
1503831271360942080
1503829131905187841
1503823490637520896
1503802724315451397
1503793651406712836
1503782725861400580
1503745462519664649
1503431263558029312
1503400551370919946
1503163498913665024
1503104610956849157
1503026345311449098
1502813191046324224
1502767640749780998
1502724607035338756
1502668990627332097
1502412047493042176
1502355332126892038
1502333458584113164
1502309581485137922
1502307979827331079
1502289097234202624
1502032991085862926
1502018705655488517
1502005139753906178
1501993107725996034
1501980453506404353
1501974206459912192
1501952918190272514
1501762950545264641
1501739823463378952
1501721954969133061
1501721951416602630
1501717180546699265
1501613417408442378
1501561450283900935
1501310036160569345
1501303744775921665
1501290159907631107
1501262265093398537
1501262264011272193
1501252406385930240
1501247897895067650
1501217267664756743
1500952835453857793
1500949056679460865
1500933039555231757
1500862084501970951
1500656586087444482
1500638108773093377
1500589035093299203
1500541974973075457
1500497431510794247
1500279747019870213
1500231680413474824
1500194938423635969
1500175620596285448
1500133282226348034
1499900749777489922
1499859478040170498
1499845596269760516
1499829165113192454
1499829163183812609
1499798930816647168
1499774657842626567
1499771889576824836
1499503592662872072
1499454495792771081
1499407481537282055
1499395067051757570
1499134702174756875
1499114437403422727
1499104648191430659
1499055386472636419
1499006665349378062
1498868664963313664
1498858148639256577
1498857926684991493
1498852460458397700
1498852336608980997
1498849818361348096
1498849042562002946
1498846913315155974
1498846299289960448
1498843837107691524
1498837755190775809
1498817443673915393
1498781157521080321
1498756455926751237
1498741979060002819
1498728461237731335
1498656426172063745
1498458999691354114
1498442169627127810
1498429042177064965
1498396588485472257
1498387684078899205
1498347131677126657
1498339068555501573
1498328069014278150
1498087300416348161
1498053350046195717
1498010545059876866
1498002748037644297
1497736237288992771
1497657468305874946
1497599083636310020
1497365041464500229
1497307663423655941
1497281239144808448
1497268932142587910
1497268929210814473
1497268927658921988
1497234682496405515
1497231791790477318
1497222354929336343
1497027819343335432
1497013858204069898
1497003672752078851
1496989928231948289
1496942768635416576
1496904272063176708
1496883785962786817
1496696805505085449
1496692106588479488
1496564264810659840
1496556416261406724
1496532500893556736
1496262773713649667
1496149532358365188
1496119940461568000
1495928678823477252
1495862641692139533
1495820130416271367
1495771289822408705
1495604634500673536
1495563419965034497
1495466531857313803
1495435074329878533
1495196193378521091
1495188449346916356
1495175006501974018
1495174994535538696
1495120250043572226
1495069497857921026
1495066145526800386
1495061361855975427
1495043580146163717
1494817505294098434
1494807016564473862
1494744454749642754
1494744453545877515
1494744452291780609
1494715369751289856
1494671778639187983
1494357533452079104
1494085934740127750
1494052997340536835
1494052996015136773
1493964857770758151
1493658579785629698
1493610421684682756
1493610389019504642
1493355119068418048
1493333979881254917
1493289318919589892
1493270436477640714
1493265387332460545
1493253535118594051
1493235252285878273
1492998268036562949
1492939631381434373
1492894081260863498
1492656264228134912
1492576488431964167
1492522382115835904
1492244047888453633
1492233376920702981
1492233375502974982
1492225676845277187
1492206595685720065
1491846100843741186
1491846099447033862
1491846098092269579
1491846095974154249
1491846094002831363
1491834600351584270
1491783529352478724
