1534613821851049986
1534601637263814657
1534569634522877952
1533817105442914306
1532474837393891345
1532354370611945475
1532028889710706695
1531340724851068935
1526914746397642754
1526327697827323917
1525135657236058112
1524062231532556290
1522283756022910976
1522283754626158592
1521865047424778240
1521561878882885632
1520124202157760512
1519775457901780993
1519764606855655424
1519761086890795008
1519718654421704707
1519713196675940353
1519383600545861632
1519383211775823875
1519333245481107456
1518999316517556224
1516863411321294848
1514230888338448392
1514230887285727239
1512420587121131520
1509154721898057733
1507843258684166149
1507843257673392134
1505886111729655810
1504099377824030722
1502304705971724293
1499793222402461697
1498674686871363593
1497989347831914501
1497207403510697991
1496924018372333572
1496527613808062473
1494326403570962438
1494326401008209925
1494036805917843457
1494009072466681857
1493998185412448258
