1534680803069808640
1534626023568031744
1534617218281091085
1534612218691690498
1534564661135294465
1534507362773524481
1534323925026471936
1534236843776086016
1534222848230924291
1533924656285097985
1533896356900880387
1533443821643644929
1532883653054935042
1532881087160107013
1532879350089011202
1532434909993779200
1532427142109220874
1532336953626136583
1532186495725015040
1532114641068904455
1531422690157789184
1530283733898743808
1530270728465133570
1530268907717726208
1530264108938969090
1530234070797524998
1530216285212225538
1530199406791868416
1530199305285513217
1529967623559077895
1529906430685368321
1529856464554172418
1529856371780362240
1529528498515234818
1529512313446858754
1528207072713744385
1527799398125735936
1527759958623789057
1525932346855284749
1522362008020135940
1522329184701399047
1521596860758175748
1521139791286386689
1520145093491101698
1520069904036433921
1519347796863864832
1519347767684083712
1519347715179782144
1519347697316245507
1519318278052753411
1519162774538141697
1519161220267401216
1519133704936898561
1519133643288895489
1519131631306608641
1519106350072180737
1519105442781306880
1519103745765916672
1518011163451269120
1517688973392502784
1517671049080496128
1517593967998742528
1517566480401022976
1517566209574809600
1517474346746494976
1517295264591233025
1517293196631588866
1517219158089474049
1517195056037482497
1517182839283986434
1516916045491097602
1516590383035203584
1516590205347799056
1516529332604264452
1516514348746821635
1516514296737447946
1516514236612108296
1516229386755846148
1515400777921183745
1515373132411985926
1515166873708544008
1515118550381387777
1515116253001699329
1515077480645804040
1512124893835538448
1511331412556894209
1511291256814641156
1511137500659544066
1511137491146924038
1509686124477882376
1509640995742404613
1509639020049018898
1509582107143716865
1509378527749156868
1509374431134728195
1509276136928333824
1508980933881442304
1508864409195753479
1508852738993672197
1507730621723992073
1507523417351860227
1507443135328272388
1507431094232260614
1507430688081035272
1507192399252054019
1507177237094838275
1507121314867392520
1507051623939518470
1507017429787967494
1506954788096851975
1506783768836771842
1506455662049566720
1506336767410163712
1506316389795123201
1506303842681511941
1506077285568364544
1504968693507309574
1504122719981522944
1502471600947486723
1502383123136401412
1502228992803459075
1502136940719710210
1502136862621814785
1502098084016406541
1502096951541645319
1502018166523899910
1502018050681458688
1502017932712456198
1501392724402094086
1500999206500196353
1500893265184309255
1500230811156729856
1499822155697201164
1499431835713126401
1499152525735473152
1499129136979324932
1499088144112754691
1498339758019330049
1497712508123107332
1497693790894764035
1497693690462015489
1497648213045792777
1497360168010588164
1497324505701789707
1497259663896760328
1497249356751282204
1496942034296483850
1496671479899082760
1496626583108476931
1496594671920943109
1496522747320676354
1495452310742384640
1494728692777504771
1494727862535999493
1494498547651260418
1494334466034057222
1494327297746214919
1494314531199373315
1494301142205050884
1494045725994405897
1494025152702689281
1492941650452267016
1492887084029423623
1492677005883711490
1492608094026838020
1492567551305519107
1492239068385710081
1492231291781136385
1492221229020991488
1492208534087507969
1492168409580244999
1492168204038332421
1492162509721194501
1492125488449560577
1491976427180277760
1491933490950164481
1491916308665049088
1491886164751626252
1491884735630610439
1491843897340923913
1491621091000958977
1491618214610182150
1491618198390718464
1491618181659643908
