1534644712333885444
1534628159496327168
1534590444822315009
1534589645492834304
1534574019290271745
1534565588730843137
1534536541544009730
1534536484694511618
1534319909081063425
1534283403389984773
1534283127207632896
1534282460799827969
1534216951400124417
1534183593098072066
1534183363355021313
1534160108296540160
1533933006183976962
1533930480885649408
1533904901763477504
1533904845773713419
1533897764911910919
1533862429892935680
1533861803012259841
1533076101777371137
1532813549440999426
1532425564107116544
1532405684767182848
1532375480988487685
1532083177879130113
1532037098915733508
1532037012970213378
1532034906234277889
1531644361972252674
1531255353429463040
1530629747314769924
1530570094119641089
1530287059126169602
1530275144605880321
1530248720566177800
1530226071303356416
1530201753819414529
1529903047777853442
1529876166307467265
1529840050069983237
1529828362075742209
1529827790056525824
1529824207906820096
1529823797649428482
1529542860609134599
1529482061614039043
1528839338875924480
1528825592983986183
1528803074311168000
1528803072365019136
1528776209517142018
1528363799983448065
1528051744365637632
1527993862760894467
1527743677321383943
1527708656610967552
1527699872819863560
1527686844544176132
1527656978209808384
1527628958254223360
1527407244882628628
1527392411030327298
1527381074765959183
1527362084790382599
1527360824188497921
1527333997894070272
1527312738258919426
1527311606819868672
1527284660958547968
1527014515145158660
1527010801432899585
1526993234626588674
1526987813358653440
1526946960346865667
1526915989262286848
1526682502894604290
1526649302445174784
1526647566439432193
1526628090318815236
1526612785286742016
1526595706265423872
1526315302589550595
1526303573507772416
1526302621149155329
1526289741511106562
1526221268659347460
1526200983130447872
1525950966436069377
1525924603847225347
1525819536028667904
1525555797320769538
1525523599787974656
1525519346415685635
1525259176439603200
1525198655120089089
1525180901180719104
1525134305890078720
1525131816394534912
1525127210658570242
1524900192797052947
1524865750930014220
1524843818947858463
1524819730837737474
1524800162568314881
1524765286439833601
1524752487382536192
1524520421458325506
1524486256759083011
1524474588494712834
1524474587433553920
1524474585852301313
1524455700927328258
1524452474131816450
1524424331920646145
1524408708591140865
1524395123156692996
1524378350919299072
1524123358706634753
1524115180711559169
1524104716606660615
1524094060767625219
1524063313956593664
1524062612912320513
1524042436057739270
1524021709371805699
1524008830463619072
1523755295645732865
1523754002626002944
1523692017750278144
1523686437421731840
1523282820457762817
1523000333378768896
1522972995899342851
1522930498607063045
1522737181789495296
1522673849015357440
1522641091819982851
1522635466817912834
1522608012548050946
1522578322047344649
1522406789731561475
1522311429562544128
1522281074411331584
1522239696746602499
1522217724612530177
1522217722527985665
1522217720434937868
1522205709374525440
1521962325888188418
1521942973839253507
1521927431199899648
1521908759588651009
1521895637964443662
1521866682205196292
1521862387405570050
1521857329695801344
1521660033335013376
1521623357321588736
1521560462076297219
1521554170725216257
1521487737404203008
1521481171078729730
1521272070964793344
1521248754476666882
1521245002692804611
1521203831366987784
1521119895831916545
1521117778056515591
1520540526986022912
1520535266368409601
1520485696913424397
1520444115749511168
1520395043437174784
1520158483269754891
1520141870055276544
1520133317261152256
1520112267035086848
1520061388059820032
1520060590898692097
1520058330416402434
1520043784901378048
1519791313914376199
1519773250548604928
1519767780475772931
1519766794076049413
1519750520264613888
1519750518700220416
1519708033240248320
1519694174190141441
1519678172564017159
1519674591215505411
1519472787274014722
1519462209050583048
1519435117718089730
1519423641192214531
1519402119241121799
1519383508589891585
1519375433741094912
1519360627910787075
1519360574433415168
1519333021794684928
1519322102389780480
1519120130009092096
1519070061536849920
1519051889203191814
1519051881263378432
1519047606235811841
1519000700986003459
1519000615397076995
1518975340034596865
1518958177164877826
1518711665159770114
1518705846980685829
1518693832245886976
1518674958011944960
1518654207624105985
1518611885771436037
1518596803641458693
1518595834337763335
1518383034344509442
1518315086460317697
1518195647438110721
1517973843410833409
1517966539881951236
1517924212941496323
1517923268140879874
1517897334230769664
1517844486100975617
1517612959983235073
1517590313656897536
1517586209438113798
1517577128790921216
1517568919984381953
1517550046337720320
1517524432595652610
1517498142962470912
1517250572470165504
1517239248075649024
1517238597719670789
1517227923048210432
1517209622897172480
1517186491042181121
1517147179260932100
1516869524779409410
1516842886561624064
1516820237231923202
1516791795367264256
1516791794142519305
1516785603589066755
1516508181282836489
1516506473144201224
1516487148395974656
1516119906789507073
1516066278896807937
1515668900104454147
1515113993710542856
1515097097263013891
1515088459442049033
1515087193391480833
1515085956503805952
1515083885406822400
1515082169357586433
1515082155239563265
1515023086927687680
1514982113610801162
1514944716688736263
1514699837287157766
1514670650664919043
1514644387917185025
1514632111113842696
1514618265414213638
1514611738737459225
1514342719941922831
1514320517930663940
1514282714752589828
1514248142505578496
1514015508856594432
1513964723750027264
1513948937136357381
1513880567158296586
1513588945560342538
1513558329494327303
1513558328378548232
1513514245857632260
1513133443760205824
1512783638462713857
1512537273463672836
1512534963190652933
1512507678345646092
1512474615511138307
1512441995305930759
1512441985319464962
1512165386770337800
1512159003698159629
1512091186370125828
1512049200384643074
1511827869470707714
1511823351412572164
1511792993191309319
1511762949974732800
1511727447485689859
1511725054161297412
1511714253098659840
1511693500236111872
1511442155721666567
1511425522009616391
1511413953225801737
1511407485441163266
1511386829110530056
1511356397287612426
1511334324309835776
1511106225240428553
1511085869331099648
1511085868156600332
1511066203451711488
1511022306436554759
1511013221502750731
1511009925350182915
1511008209208856576
1510366916346527744
1510342975506767872
1510256604645675009
1510241890662170627
1510084493859860483
1509991521566834691
1509979546413641735
1509967965697028103
1509942032374112257
1509921843242754055
1509884748512038912
1509630360790843401
1509612348570578948
1509604875667226628
1509577867637764106
1509544150584250371
1509541046765694980
1509540963752071168
1509540650961842185
1509285526871887874
1509271198588444679
1509215125064060939
1509214300354850817
1509207602739257353
1509197508597235716
1509180365902127108
1509158874015805443
1508908197205225483
1508888290472124423
1508864886553694215
1508855033101750282
1508830543814836232
1508799217564893194
1508541644756463617
1508537571504271367
1508511730183385110
1508469199408185348
1508430763821256711
1507923241704337408
1507922628350300164
1507884925709651968
1507838574540034052
1507800993496453120
1507778436332498949
1507707691938029573
1507442142012137476
1507434452674359302
1507422690012971029
1507418268658712603
1507381438299185162
1507167416308097031
1507108771532787722
1507090317878743052
1507054929080373248
1507008347462983683
1506995556853460996
1506975818303651849
1506766244359331847
1506726268548567048
1506681840337395719
1506668071813107729
1506659087727185926
1506652428464267273
1506398909681262599
1506373447353520133
1506371624626495492
1506356214837518338
1506340836736475136
1506316092104491008
1506307530997313547
1506277098218000399
1506262558109536264
1506025431966916618
1506025351813771269
1506011218989170690
1506010751009718274
1506003303494303760
1505974195943051271
1505972949148323845
1505935773052424195
1505925951896625159
1505904969655980036
1505896132286640128
1505548852077731850
1505537139701739520
1505178526386995204
1504937166077677568
1504915589122437121
1504864191240355843
1504670116037939203
1504670043333873685
1504634674718679042
1504526580281970691
1504511947802296328
1504485567328792586
1504454821717368832
1504439746478628865
1504201393942536203
1504197433491968005
1504187244541878272
1504163807706464257
1504111683731660800
1504111682095927302
1504079554381549572
1503852287629791232
1503824779681411083
1503784943134126087
1503778440281010180
1503750794738380801
1503730093721628674
1503494933180690434
1503474796516065288
1503472360673918983
1503396973214322689
1503389945150545927
1503387839089844224
1503186822289108996
1503092466630733826
1502724859020861440
1502674753768902662
1502641811436675076
1502404691883352076
1502389141128073220
1502380605513908230
1502367961373417474
1502339181015711744
1502339172367048707
1502334452860608512
1502024274638524417
1501982369154314253
1501955598094675972
1501951801893044227
1501936542381592577
1501936492330901513
1501936428350984200
1501936377201496066
1501922738709090305
1501912002779918336
1501670442637135873
1501649774059139081
1501610971609157634
1501576646469783555
1501336556832972801
1501325878441168896
1501299996381134854
1501275486772555781
1501235360977899523
1501233074360635397
1501209743536316425
1501197783520497669
1500973170114895878
1500973165815767045
1500940440803201024
1500922591913070596
1500860942023856128
1500336319121211393
1500294579702091777
1500156238159654915
1500155945640472585
1499833965045235717
1499774278195109895
1499521455230529542
1499493038644776962
1499480984001024001
1499474093497798656
1499473977072406528
1499464966553939975
1499436920132317191
1499436720957313026
1499436710412836864
1499394892346265605
1499155047543971840
1499133023991873542
1499092135299141633
1499027149788958720
1499026524296601602
1498991512486662149
1498861904613326848
1498790946712039428
1498748889876344838
1498716476668272644
1498690615391002625
1498666313039945737
1498440996631289860
1498410841787580417
1498377256632262656
1498362745422548997
1497662498178220045
1497644146005143553
1497600066323943431
1497276890410885121
1497266729596059653
1496975710099021830
1496917529238786050
1496916969853157377
1496720519923744770
1496700888311808005
1496603790539116552
1496603575073574923
1496586012470005764
1496578992211730435
1496559851694137346
1496521808052375559
1496498979013550084
1496478701374124033
1496254726006091784
1496223159493746690
1496173144381571081
1496155216777027593
1495840389219160067
1495772156587921409
1495056346751852549
1495031666301153288
1494786839424778247
1494784754046095365
1494775359774072847
1494763077400768515
1494749370499141637
1494705574549893124
1494699820132577282
1494493543414607884
1494407684837236742
1494350245383266306
1494336398341513226
1494291758519365636
1494074902609080326
1494071582901387270
1494066925852409864
1494053323548381194
1494034445535518730
1494014134966444036
1493984244720410625
1493966977244995589
1493953788566249474
1493717522465570821
1493714440281370635
1493701533296431104
1493684233692680192
1493674797347315725
1493663113572495370
1493628997263056908
1493625115476701189
1493595576411340811
1493392144849068036
1493329502432337924
1493280125500235786
1493251268143370240
1493249640443133967
1493229971875287041
1493213573585248270
1493213467083513861
1492551005095043075
1492550954692055042
1492528448509825032
1492505017500143616
1492290613064130560
1492257856145477635
1492245733126328329
1492234919103320064
1492212538720800769
1492187336850952195
1492167152807391234
1492147890885693444
1491888660056363008
1491886040671526917
1491885653960896525
1491880337877905410
1491826899437473792
1491826868156346379
1491808758435045377
1491799677523542023
1491771575967924224
1491768898634620935
1491624816771690501
