1534673846489563139
1534652814596636678
1534651107837976577
1534649795004055552
1534646404127281152
1534605790144782337
1534605788399935489
1534596590559801345
1534586064819699715
1534584483843870720
1534579866070548480
1534578424471224322
1534573182820163585
1534557701753040896
1534525554015227904
1534324330418642944
1534301799041081344
1534294583064018952
1534294579326902272
1534266652702953478
1534266651117600768
1534266649490104321
1534250141816872961
1534231423154012160
1534229140488044544
1534228024035614720
1534228022613647364
1534228019425984512
1534226658806333442
1534226066738450435
1534223742380953600
1534222236470628353
1534214983512473600
1534212679576997888
1534212677312159748
1534212675030470656
1534212673054855168
1534189192359583745
1534189146452987907
1533930398849302528
1533918893181476865
1533918789972246534
1533901146514939913
1533901144367448064
1533898982874877954
1533888968999190528
1533870831654289410
1533868687182135299
1533868684875378688
1533846042164305920
1533237165190041600
1532901598074224642
1532834278618320904
1532834276454109184
1532833947310235654
1532833945867505665
1532833942436466689
1532833935348092928
1532829571577524230
1532813617573289985
1532813614003982337
1532811929240084483
1532791254806843394
1532766692954226688
1532758287925510144
1532758286105124869
1532758283219570688
1532758281583792128
1532756812801396738
1532510200166506498
1532504862541418497
1532487378492968973
1532487376689254400
1532487374084706305
1532466789858304002
1532458544532013069
1532458540094439436
1532451955666305054
1532425144781635584
1532425142881685505
1532418058899410946
1532416681636773888
1532412544631152640
1532409399947444224
1532404748661530624
1532393718849982466
1532393715121127427
1532133473867243521
1532113936757178370
1532107454456250368
1532105747202465792
1532105745566777348
1532105743893135361
1532064714599309313
1532060882825621504
1532058709127331842
1532039607407222784
1531758124767621121
1531749568563625986
1531734565445828609
1531733616526598145
1531733613863223298
1531733391590273024
1531714606091182084
1531706270444621825
1531687767813640193
1531664403359072256
1531371273506263040
1531371271329435648
1530304342326071297
1530304339650064385
1530265180835299328
1530261985878855680
1530261302282698757
1530258914478108672
1530258912317804545
1530258909109403648
1530224406898909185
1529967268620296211
1529967266732859392
1529962836344160256
1529940390945734656
1529872467447238658
1529869977217548288
1529868637418446848
1529867469082750976
1529861887927767040
1529861885662834689
1529611907874836483
1529611871510208512
1529598871759998976
1529598869738295297
1529563775086612481
1529539367693426697
1529539365654904834
1529534867045752834
1529528784554283011
1529521863776296961
1529517365465075714
1529510369143701504
1529510367499390976
1529244301393383426
1529244299937861633
1529244298482434050
1529244296951521281
1529188813544767491
1529188150832160769
1529188148802211843
1529147712486232066
1529132187387416577
1529130141103824898
1529130046493016066
1528888067578548224
1528888059487727617
1528873040305860608
1528873035218190337
1528863355250696192
1528856455260012544
1528856448943681536
1528853678819516416
1528841271682400258
1528812734380376064
1527786006069620736
1527786004316311554
1527751480446488576
1527751474859675649
1527729108456816640
1527728812707958785
1527726174847246342
1527726173349871616
1527726171735179267
1527719703833083909
1527719701861777411
1527716029295640576
1527698007734591489
1527698005901684743
1527698003825508353
1527691844649463808
1527685681136521216
1527433756000370700
1527432546044329989
1527401351604588544
1527395385274245121
1527393662526799873
1527391496672096256
1527375544777441280
1527375541107445760
1527358278338215936
1527351272915243008
1527345372447723528
1527345368408608778
1527328699041054720
1527326564899119108
1527326562407702533
1527326560415408136
1527297757291384832
1527076726618071042
1527076725145931782
1527076280264445952
1527053349010427912
1527048376247799811
1527041428697776128
1527041427024273408
1527041425279537152
1527025305461870595
1527025303222116352
1527025300596482048
1527021820842491904
1527020878470447110
1527002272798068737
1526987690775916544
1526986827130970114
1526986824912195584
1526978036742094848
1526971644740239360
1526970795238596617
1526970793594392581
1526970791941767168
1526953248548003840
1526931489673322498
1526693029884698624
1526692934854316038
1526681696388763654
1526660129956962313
1526655848239472646
1526638199149408257
1526637835603824640
1526611532943089664
1526611450143334402
1526552823047065602
1526336702356238338
1526318230981287936
1526318229404192768
1526270637508988930
1526268540206125057
1525650648099803136
1525650646640209921
1525636630228242434
1525613796152094721
1525612673643077632
1525235165378887681
1525235163734614025
1525232986249207809
1525232742811815936
1525222553236676613
1525219335907819520
1525196681360416768
1525188188351913986
1525167794748284930
1525167790809829377
1525154386246254592
1525153164198318081
1525152501560901632
1525152134794207232
1525152078536093701
1525151853016752129
1525151345774407681
1525150618486284288
1525131862334652417
1525112488735522816
1525099745236033538
1524877105091301377
1524866423268556806
1524866421821521937
1524866419523043336
1524866415009972261
1524840377659838469
1524840375583637504
1524838320722825230
1524826472929710082
1524826471252078593
1524823820980432900
1524812997448851457
1524812995888615424
1524809673483984897
1524800775528099841
1524782269528956931
1524538032094916608
1524536253252837376
1524536251809943552
1524536250375495681
1524536248639045634
1524534639662145536
1524533102034440192
1524495299603054598
1524495298420252672
1524495039371612160
1524490371451224064
1524485921667747840
1524483023932121090
1524478070341525504
1524467804661026818
1524466219381886983
1524463095376191488
1524416685876207616
1524161271024832514
1524157171637932035
1524098502053273606
1524092451316719616
1524066760743337984
1523815841124569089
1523815836401741824
1523811234033844225
1523811230154051584
1523811225842429957
1523797531599130624
1523753633585672192
1523719518811738112
1523719199226404865
1523335064414654467
1523333822913212416
1523333822044987392
1522671153034186753
1522671151494877184
1522671149972340739
1522649137065476096
1522628443590082560
1522626531750825986
1522615079258234881
1522364784016076800
1522364779947507713
1522364770959212553
1522358192184909825
1522351696483176450
1522341084411609088
1522341029940281344
1522340768962256896
1522315193505570816
1522300581074808834
1522297579345629184
1522248092606738432
1521988606340046851
1521988604750442498
1521988603353706497
1521988601734651904
1521961248014966787
1521961246219808769
1521930763633147905
1521926693233086464
1521891309392388097
1521609884994871298
1521609881614233600
1521592434756661250
1521592433032761346
1521560301337989121
1521331437609357313
1521331436678266882
1521331435633840130
1521331434098724865
1521270935831076865
1521270934367260673
1521270932878368771
1521270930919628801
1521268927594123264
1521238097018736640
1521223770777735168
1521192208086536192
1520946175964180481
1520874450857517057
1520845332854165504
1520825382215163904
1520811584003530752
1520449845542150146
1520176101317742592
1520125406430605315
1520111747876761602
1520111745385340934
1520109363154894848
1520080612375236608
1520080610257080320
1519819581023563776
1519804110102401024
1519800233143808002
1519790012174417920
1519787692984315908
1519769019074625542
1519756671211421698
1519724068915879936
1519711679768059905
1519410180903088128
1519391134736433155
1519391131494199302
1519390757517291520
1519347694577217536
1519347693297958912
1519324699402067970
1519068926700834821
1519068924092026880
1519068196560687104
1519059895512879104
1519025617517391875
1518982924061847554
1518725067911352321
1518725063675199488
1518700375225909249
1518694229761003521
1517692952969023488
1517692945423511552
1517692937961754625
1517662034095050752
1517615155818938370
1517612672753229824
1517569202424627205
1517569200847568898
1517569198691692546
1517565715150168064
1517565713267019776
1517561512134692865
1517549794272587777
1517539708221497349
1517537981934051330
1517522417182253056
1517522158536249345
1517516429813243904
1517514675428151300
1517486684237180931
1517486683440168960
1517291334641627137
1517247969891950598
1517247503669895168
1517192085698404352
1516962810193928199
1516873069515751425
1516871585080217607
1516844481944993794
1516570358052274190
1516522015443890181
1516485803639201792
1516146687714201602
1516117286062637059
1515698991337459713
1515463700269969413
1515118951990276100
1515064348053585922
1514689206878093326
1514639722206961668
1514639683430625284
1514628607620100102
1514627819174866948
1514438060129280001
1514387064552370177
1514333597540524045
1514322919190630400
1514244052111269892
1514244042204356609
1514241632303988743
1514061513061015560
1514061314729066498
1514033268924030977
1513938148199481347
1513929193893072898
1513653396347174924
1513590923892043784
1513568792273723393
1512862939740528643
1512447388794900481
1512152626078568460
1512134264850194432
1512131914538393608
1512131913317765124
1512131911904288769
1512121728767602693
1512100258716733447
1512067492587352070
1512066972678180869
1512065062810230792
1511829087358234639
1511827252354371585
1511809864250634249
1511809739872735241
1511809623224950788
1511797917195063306
1511736244170072072
1511736242785988612
1511736241326366731
1511459963725656064
1511459916363542529
1511459879264952331
1511459766522073092
1511459666122919938
1511459499009261570
1511441742364614657
1511435697013633028
1511372934333583370
1511360043760988161
1511092836820819973
1510407580593627136
1509945619997155328
1509922072570568708
1509650399430684675
1509622479333040137
1509575243970527238
1509537646250500104
1509214540856279044
1509175196170792961
1508924782900879369
1508914326807232518
1508549733815660556
1508513887880155149
1508505335824371721
1507417690469720072
1507414683648626689
1507192229219119141
1507192010335170580
1507191983932018689
1507191928118423563
1507130457489436683
1506994865648771072
1506830084384067591
1506830081091547138
1506716314362015746
1506716312243871745
1506461824220221440
1506461822039126016
1506381903691059203
1506381876147068928
1506381317029605377
1506381314588491777
1505024015970316288
1505024013562753029
1505024009980760070
1504877321945239560
1504601566925541379
1504601564576731137
1504578648254427139
1504564494093230088
1504564370210279425
1504550370835640327
1504550205899030528
1504482803550879758
1504470284841078784
1504224887795326984
1504224732195000321
1504224383174426626
1504214487720775686
1504124077912608781
1504124000682885125
1504123950200238088
1504123789491249152
1504122945089814533
1504107993432039429
1504101838811017218
1504095175651508227
1503849222008983563
1503823185397047307
1503797754442702856
1503793694553657346
1503793692410359811
1503770767007358982
1503756382755069958
1503756381370957831
1503506520989966337
1503448082461171719
1503424242649600003
1503424045555060745
1503400492176715785
1503202602804301828
1502445951184777220
1502406081108234249
1502392408138567685
1502384234161389570
1502376517778780161
1502369453169905672
1502359570567647233
1502339792876584966
1502023697175093253
1501997762010828805
1501997672261206018
1501982975558586369
1501982973276606468
1501921734412410881
1501921732596224004
1501920721588609031
1501770053901070339
1501768007890227200
1501698555219779585
1501674049814122501
1501605546750889986
1501604945690255360
1501354713488392193
1501343851377836033
1501343850073235464
1501292553857024005
1501285421900304389
1501248222475567115
1501245870305595403
1501243749879496714
1501214099962839042
1501214098738008066
1501013128972226560
1500936376686194693
1500898968238276614
1499890934527533057
1499867014856429568
1499857034824593408
1499854991791734784
1499854870425255940
1499508224785006609
1499413262802247684
1499145398014951427
1499128619385372672
1498868930332528644
1498859503571415042
1498856240109305877
1498854742923087873
1498854611565821952
1498854509224906752
1498851352394571777
1498851070411522055
1498850390690967555
1498850085437902850
1498849841618857989
1498848529460170752
1498848324753010696
1498847973219909633
1498847785562648580
1498846844486569992
1498846388263833602
1498845943147466755
1498842665366003713
1498842620696698882
1498839835431383045
1498839825633484800
1498793276354273282
1498710122595774467
1498709837676437505
1498687962267197441
1498418620237594632
1498415177687093251
1498415176193921029
1498415174922952710
1498415173606023168
1498411716459307014
1498330156456464393
1497748479342526464
1497748478004453383
1497748476758794240
1497748475450122240
1497748474078674945
1497748471784349698
1497257149151469571
1497252946937057280
1496583369173438466
1496560640898617362
1496533232262725637
1496533228756381697
1496241693284343821
1496241692093161472
1496223582233690112
1496223580840943617
1496221212946612231
1494806857659133956
1494806856790941702
1494753293272240131
1494748349806882823
1494714936278323200
1494373601138593795
1494366002875879429
1494072749437992969
1494067411397529606
1493736751260700676
1493705264121487371
1493700953798811651
1493677796845043715
1493658978206769155
1493362488485847042
1493269959170052103
1492251390588112896
1492215731152379911
1491873962573373442
1491849984764956676
