1534683794711642117
1534661094387634176
1534651763189587968
1534626281664413698
1534578062700040196
1534167527214948356
1533945104863469571
1533836819221164035
1532833069358538754
1532779651776618497
1532418427477929984
1532408772995362824
1532405829814521859
1532396426767917058
1532359647725768714
1532342465855987714
1532153639677988864
1532138227003445248
1532133983751876609
1532117414028222466
1532074143021092865
1531676928935006209
1531266224302301184
1530169164563992576
1529994658058752000
1529897981557846027
1529857032492302336
1529854862317522945
1529812393307652096
1529608317231833088
1529562020852420609
1529538977358823424
1529261326396170240
1529245683601006593
1529230773487906817
1529217978008731648
1529215200171380737
1529204045151444992
1527756972736626688
1527682555713048576
1527333715005034502
1527000871153942529
1526988509109751808
1526971352464367616
1526931702458851334
1526909578788720640
1526703848718573569
1526625524814172164
1526608310383812608
1526350596449656832
1525200306333700097
1525168964627734530
1524860537783435267
1524776631268691969
1524549061134753792
1524457648401395714
1524439772739125255
1524431608719228935
1524158696049291270
1524111837087809536
1524059157132943363
1524055437871665153
1523377209984962560
1523335054188974081
1522730824650612737
1522730821744005120
1522648296715657216
1521995951245778949
1521966266851942401
1521943855326801920
1521933437669711872
1521866997067399174
1521575939032944641
1521522338835185664
1521521597345062914
1521499166609973253
1521316676154929160
1521315076371791873
1521119697248399361
1520158841312268288
1520101845393412102
1520075347445919747
1519806127722086402
1519688554842107904
1519452907934035972
1519439919999074304
1519439918669475840
1519360681866313733
1519316438825291780
1519084706809225216
1519027430530371585
1518704321210236929
1518634781688406023
1518613333687128066
1518225684174413825
1517626269034188800
1517577392897802240
1517526941233987584
1516942968787283969
1516813353225801733
1516805701615636486
1516465973020217346
1515695025325322247
1515097132805464070
1515037398136205319
1514991899932872708
1514956275595067402
1514754480725704707
1514707769957531661
1514692080391667718
1514333955885084672
1514322057143726093
1514321960997728260
1513605328436441103
1513569919585202183
1512822818702077958
1512549290975109131
1512132672151330816
1512123179879256064
1512116403205197826
1512059177950138370
1511767616565743618
1511767377465294850
1511749724507979776
1511744774667128847
1511724037260685318
1511711231635197957
1511684654415466501
1511432912700416004
1511411194170646534
1511411038696181760
1511391329716166657
1511386883296833540
1511372735297081347
1511365515759034374
1510044078574026756
1509994648839860224
1509924452565458966
1509650093024100355
1509592123758333960
1509552462516137984
1509163124976500741
1508917544912142343
1508888854685786117
1508206258834505731
1507475449303257091
1507458163595157505
1507083185439522830
1506800040827887626
1506713496473513989
1506706127492460558
1506700204153749509
1506698368675983364
1506397735691464714
1506356570388631552
1506339952619044871
1506308530332131331
1506033608812859396
1505941562651467780
1505941193087143939
1504977323724058627
1504916697379127302
1504548780435247120
1504478688829534213
1504186404858904582
1504158196004536329
1504122334751436802
1504102687222153218
1503826062735822849
1503804318826344452
1503754930066272261
1503740948349702152
1503471599793713157
1503372621295104001
1501953450040565760
1501661672423010308
1501372510671151106
1501317469167783940
1501317422611144709
1501275569375301633
1500986264698372098
1500928613620895749
1500927154208526339
1500881134082826240
1500546036938547202
1500510813102215173
1500471602387034115
1499917031025655814
1499846443821056000
1499844837964664832
1499488408783183882
1499108449082355713
1498856343750512640
1498845175761809408
1498823775932063746
1498766590124376066
1498765870352539655
1498735914406842378
1498399275373445120
1498385147573514241
1498343524881907718
1497638605761794053
1497313342226149379
1497288160736329729
1497231837348995082
1497069337642946596
1497015135797350401
1496907128812216321
1496697231935688710
1496564703497265161
1496557786716680196
1496232338350559233
1496184137643921412
1496184029833478146
1494810865291468802
1494797103935234049
1494740237674860557
1494074221391233025
1493981447392305153
1493687971782045704
1493400419959291908
1493388314656788483
1493373343642398722
1493293294117343232
1493273932840984585
1492227459806281729
1492215740841213954
