1534660289618235394
1534655555578609666
1534626567246192643
1534609706374860801
1534578293059485698
1534575195930902534
1534532127651692545
1534273807837540354
1534266444275253248
1534253632975212547
1534251596284014592
1534247821863309312
1534232998182363136
1533918904346562560
1533897513945776130
1533871089197191168
1533496873465544704
1533450568085258241
1533174499041890304
1533119385874972673
1533077359359688704
1532792482471235713
1532751714704453632
1532715689731145731
1532714024474927104
1532412154778894337
1532380014490046464
1532351281737744386
1532147258359169027
1532099380177666048
1532094885116882944
1532073494154039297
1532065458920124417
1531710705723920386
1531654340221587457
1531347460227887105
1531279512616308738
1530960158309892096
1530924422923702273
1530625453043630080
1530564803793563650
1530254760112185345
1530221541308260355
1530213666402013194
1530183037639708672
1529906001775845376
1529870594896023559
1529850476606390272
1529841489005666304
1529554027247288322
1529548146203820035
1529468623298957315
1529246703529885698
1529227710614016000
1529199718840123394
1529166086574415873
1529149225568571392
1529115252348145665
1528830877760860160
1528820427933597697
1528816522478686214
1528381416198782977
1528076657977765889
1528039412663083009
1527725794197372928
1527714121109721089
1527666204025815040
1527366478374260736
1527309409247932416
1527293052984864768
1527284509116440577
1527039326890213378
1527024831920750592
1527024736517103618
1526988739830075392
1526967852418277376
1526931624285425668
1526917541620338690
1526671284813406208
1526637676497190915
1526613770910326784
1526598166610694144
1526586558886952961
1526309010877476864
1526305489511862274
1526293104860471297
1526286975967408128
1525910132147859458
1525855774232174592
1525550513613197318
1525478790947741696
1525214800598315008
1525189383275442177
1525161952711913472
1525126678216953865
1524850632489943060
1524825737366216708
1524805079412494336
1524800319531540490
1524743445054738432
1524508171120918530
1524493548040634369
1524492775068246021
1524474372395868160
1524395001647714305
1524394135049883651
1524146258423824384
1524088630054031360
1524078471370137600
1524069919926669312
1523770030730604545
1523747898827018240
1523391284752265217
1523298674805157888
1523018579095875584
1522939558756859904
1522667767614296068
1522645873381023744
1522594572660056064
1522270953396387840
1522270247599943683
1521898196934348800
1521851639874826240
1521622882534801411
1521600233242726400
1521593790884155394
1521548549485379584
1521521448069779461
1521521352494264323
1521521173636472833
1521520765371396096
1521307327076474880
1521238348613836800
1521234322409222144
1521216705963298817
1521203843920539648
1520792661942145024
1520511308210356224
1520467771225559041
1520414419657838592
1520106327468609537
1520082745162186753
1520039342739238912
1519782002357989376
1519760719469764611
1519724121503977473
1519421360447139842
1519413323019677696
1519390928250699779
1519376078006931456
1519363051291615232
1519329737528721409
1519095480457773056
1519093465509863425
1519058988838625280
1519037721339174912
1518728517927772161
1518689050818924544
1518669748199903234
1518304265436995585
1518274318320517120
1518243615910227969
1517986924337672192
1517878711042772992
1517580747892264970
1517572946641960960
1517563635073261569
1517555295240740864
1517555044140396547
1517554896526102533
1517554824904073222
1517554641344634880
1517554480409161729
1517537965894905861
1517505753791139840
1517185644413407232
1517156184427483137
1516842634244931593
1516808660269166592
1516789672663470086
1516538379646631939
1516497541566992384
1516419848481374208
1516161898755997696
1516143527578775565
1516130450665746432
1515695072800489472
1515397360972546049
1515315320856088579
1515115000431407106
1515095371088867333
1515087745705725956
1515042523068129283
1515024906768945152
1514984893222203413
1514964508988481543
1514733486619467777
1514694479596462084
1514682778037755906
1514352979326996480
1514333057309888521
1514332343124647939
1514323864578310149
1514305251293241361
1514256109070135301
1514000658482884608
1513656137580630016
1513633488339095552
1513621471435890697
1513602530185555968
1513266822325456898
1513223033800081409
1513207989506871303
1513196861342986242
1513153324442337282
1512903427793240064
1512821890598977540
1512789426505588742
1512523927200796672
1512495741390016518
1512462522846175241
1512433581938950147
1512168585619144722
1512135366878404617
1512135240315285513
1512113221213331459
1512101644644757508
1512092461325295616
1511813431023783954
1511783045480734721
1511782659130806274
1511764923159920655
1511749574834200577
1511718462762139649
1511443810089377804
1511407554743750661
1511087708776587271
1510694120368443393
1510677007285334023
1510620636128989199
1510348593416261634
1510281148919734277
1509972838085980160
1509972612650356742
1509939397462011911
1509926059449499650
1509903952246157322
1509880508942995459
1509622056207278080
1509606705176498189
1509597897142194182
1509593613315026945
1509584255306940428
1509539372688941061
1509519350277021702
1509251616343564293
1509222287865745411
1509182927950729227
1509163651382583303
1508866576518369286
1508566630971944962
1508554362989297672
1508525202745049092
1508123431228780544
1508087947396100096
1507827481201491981
1507778407655911425
1507716248372719617
1507374747939704834
1507072254760394764
1507061181722382336
1507050346933276682
1507032655698796544
1507032520331771909
1506775007132798980
1506692502669070341
1506633111496376323
1506372896427548683
1506320048440287233
1506314657367212034
1506265987791958016
1505983856591220750
1505624213347966977
1505534623048036354
1505246977478569987
1505229613022261249
1505218309284941826
1505190354554785796
1504910762245910531
1504887780379435012
1504849105821986817
1504835911363739658
1504809523508355104
1504571527018082321
1504548877835255819
1504542082848989185
1504532268211228683
1504508360636391425
1504503464906436608
1504493965567008768
1504479792803942403
1504206689603624961
1504155836058415116
1504135224808157197
1504102036975017985
1504089034225815558
1503846693665656840
1503830141843263492
1503795916246978560
1503769367988903939
1503503992449642499
1503484920060071937
1503432521660444683
1503395110201012226
1503374549500444676
1503086743163052032
1503011245686878208
1502720077011066881
1502676037511135233
1502424882126196737
1502408168864993286
1502406259219345413
1502398457859952640
1502384364981825536
1502372430232403979
1502371946390077442
1502343848521089033
1502337958971588611
1502314073052090370
1501994936337641475
1501932721483890700
1501641889098915840
1501626756335296516
1501598296275619847
1501351811227127812
1501344764834291712
1501332869507072002
1501320172396855301
1501260005818961928
1500977847292375049
1500957060132921350
1500950879645716482
1500935816096493571
1500575948776742912
1500538955258810371
1500521339194597383
1500496173492285445
1500229549472325634
1500217587602534410
1500204501428547585
1500144423203659777
1500139322191790086
1500137765165481997
1499563505166524417
1499546599571210244
1499514005290946560
1499478751310229504
1499475765389373447
1499133889264107520
1499119453195452425
1499105006808711173
1499097674464776196
1499076284898582531
1499048348246020098
1498858363127541765
1498858250430820355
1498857828802568193
1498857399939215360
1498856567411822598
1498856333315084294
1498855850399649795
1498855637593346054
1498855565082120194
1498855237716746243
1498854814134030342
1498854570524647427
1498854456087269385
1498853774622085123
1498853024881598464
1498852840126697474
1498852480494485507
1498852375142014976
1498851896429355008
1498850374370963458
1498850009755926535
1498849748111044608
1498849460033667078
1498849119523254276
1498848898944806920
1498848749786910724
1498847336415612928
1498847184711819268
1498846949864321033
1498846833275285509
1498846562373537792
1498846411089195017
1498846088853397506
1498845586254368768
1498845382792654855
1498844816016293888
1498844223285735429
1498843898751463424
1498843674603667459
1498843521012441090
1498843303911084043
1498837789055623173
1498827044246990850
1498824897572872193
1498778568037441536
1498752684978946050
1498739932474576898
1498735825638539275
1498727770444251139
1498725954352553985
1498477071584092161
1498477022603055107
1498450529705414662
1498375591472644099
1498374464484093955
1498046531894607872
1498027195914240009
1497944862125031429
1497663005143699459
1497587759434776578
1497370158779846659
1497370082720235524
1497325975142551554
1497291657301139464
1497275824264777729
1496990850341122054
1496964158562222085
1496946736845180941
1496932580226043908
1496872758961217541
1496709343353483269
1496695243474878465
1496559986742202370
1496549774853652480
1496533059272724483
1496532751343931393
1495913380145684481
1495913378455461894
1495881264666066944
1495784627633414145
1495489432798961667
1495460743558406147
1495431299422687238
1495143150695825409
1495109931929849856
1495050792738430980
1494796869087674369
1494773968267448320
1494761385451995138
1494751345756233730
1494740749237112832
1494697460031275021
1494406798693961728
1494324254912962560
1494074239846166532
1494056238925029379
1494009095074033665
1493965390317174786
1493690579519160322
1493662645706129408
1493645784381898771
1493640268712751109
1493302270791860224
1493290052226629642
1493274085127720960
1493254184044539904
1492994744342888450
1492957247525195778
1492919246984298501
1492619018657845248
1492529177093881856
1492231482668167175
1492214603861921802
1492199756071845898
1492143132854661120
1491861779076435984
1491846428028772358
1491838123336253440
1491814215597891586
1491805659322408962
