1534249287810523137
1534248672627675141
1534202467927437314
1534182316075012097
1534182076110487552
1532438960579956737
1531656461545259008
1531265425400549376
1529907573188616192
1529907571934609410
1529907570177196032
1529907568134455296
1529471125436223488
1529251314634563584
1529251313451679744
1529251312315023360
1529251310989606912
1529251308791910400
1529111917867982849
1527755574913400833
1527328885993795585
1527324156500791297
1527116382948704256
1527064562738028548
1526599160773885953
1526572592856981504
1526215916224143362
1525175772146716672
1525112367952150528
1524436839960035333
1524024762640617479
1522960751396278273
1522660194441904129
1522219788512243713
1521925694711865344
1521156942420488195
1519713110550065152
1519688941686898692
1518651454524956677
1517530746021425161
1517507082685198337
1516854462232645638
1513921251756154884
1512168794004750346
1511828512122060800
1511445211439898639
1511408460038037505
1511342798842351639
1511020229631094795
1509649819509395457
1507039561641345025
1507019799116886016
1506740220594737162
1506262492208586757
1504435385111396353
1504147302218350592
1503355268821889032
1502709077872422919
1502693263324725251
1501580066022739974
1501402541996838915
1501196692573593607
1500912454364237829
1500865076307320841
1500201203367567367
1499054528976637962
1498852714662535175
1498764476459454476
1498420521658105860
1498005268008943622
1497994578099531777
1497709991062650891
1497620287831089153
1497605079716794370
1497587287605055501
1497248105477156865
1496952414590705667
1496853664039907334
1496741600273309696
1496571014922350609
1496515517674401798
1496144511894007817
1496144510694432782
1496144509545103375
1496144508320370695
1496144507158646784
1496144505866797064
1496144504667185155
1496144503366991879
1496144502200967170
1496144500971954190
1496144499617185800
1494454245470449672
1494364452707352586
1494051297003192324
1492142430325555201
