1532378146020151297
1531309138386485248
1531309115473072128
1526345906685190146
1525141914735063042
1523406199231696897
1521971947239878656
1521316504595099648
1518999270896058370
1518696445943164928
1517156904509886469
1516558039750307841
1516208420541632515
1516143501989269508
1516134744962093059
1514969274518892544
1514340811714011143
1514339165319544835
1513961490633699330
1512606521066418177
1512192740553023488
1511369133744705542
1511141008750260226
1511107859886469120
1511054513360150532
1509211604004577280
1509198594242400262
1508927114157998086
1508896823120908300
1508832450637615117
1508578826984595458
1507446394042425346
1507396629833388037
1507396627820126219
1507381411958988803
1507167842726150152
1506351063590395911
1506286422906519555
1505917629445328897
1504906199573024769
1501994833048702976
1501352660607410178
1501343467833749506
1501260715524567045
1499551930162589703
1499150318382297090
1499063855783321602
1498855370571268101
1498855182242881541
1498853778988183555
1498853093257232386
1498852307827634185
1498843421129285637
1498813055249047556
1498799988779982856
1498776972054474759
1498774980221353990
1498706950057512967
1498696107798450181
1498683963099033602
1497302427170574336
1497265838684004357
1497263197342085121
1496893128095289349
1496881732385218568
1496881731156295683
1496877927870664704
1496626083852128261
1496624489060343809
1496222387955765248
1495785741456412678
1494486712659107842
1494452965402370048
1494425525552619523
1493736893644775428
1493725086653812738
1493724376935669767
1492265341572943872
1491906300338388995
1491892678849671170
1491885737041666063
1491878497228365830
