1534678250403815426
1534642194656927744
1534625195545305089
1534603728422060033
1534603727209889793
1534603725578321922
1534603724215263234
1534588642114543617
1534568416815759361
1534547162092158979
1534226280719306753
1534226279398051840
1534226278077046785
1534226275744849921
1534223715046768640
1533916685039718400
1533864137842909185
1533493855336615936
1533220554467164161
1533131472176967682
1532814431402467330
1532814426612588546
1532807180855943173
1532807179253821440
1532784353088098304
1532784351028695040
1532769121946959877
1532769120629956608
1532761544412614657
1532761542982344704
1532761541510148097
1532746492577996800
1532746491059744768
1532735466654601219
1532735465379471361
1532729180051456000
1532468449192161280
1532468447069757457
1532468444737699840
1532439865417252877
1532414589060665356
1532414587177426944
1532414584891506695
1532386766631600129
1532386765046177795
1532386763548905472
1532361470721368064
1532361469236477952
1532360972572106752
1532069697348284416
1532069695011971072
1532069692504174593
1532032990649499650
1532032988485144577
1532032985993981952
1532014133440352256
1532014131708104706
1532014129007022082
1532014127098609664
1531731241866862592
1531731239878774784
1531731238146514945
1531719762975379456
1531674374994116609
1531674373517721601
1531674371965730817
1531674370325852161
1531319588645896195
1530957140231393281
1530670843470262272
1530594753015734273
1530301224049844224
1530301222535802881
1529918042314002437
1529918036911738902
1529918034428710912
1529903462577848321
1529903460870766592
1529903459146899456
1529885326881218561
1529885325698514945
1529885324243087365
1529883598022664192
1529855682341634050
1529570707918700552
1529570706509406212
1529570705104330754
1529570703611252737
1529555081871466498
1529555077719019527
1529537797052321796
1529492507977043970
1529492506450309120
1529287466888339457
1529191810404429825
1529191809011929088
1529191807262892034
1529191805966761986
1529191804565962753
1529191803269816321
1529191802078633985
1529191800673554434
1529191799486656513
1529191798085754882
1529191796210900992
1529191794872930305
1529191793656532995
1529191792272367617
1529191790976413697
1529191789739053057
1529191787834789888
1529191786509393920
1529177618830049281
1529168027928895490
1529168026322538499
1529168024871346177
1529145724298043398
1528782860836032513
1528763651695464449
1528735005203103748
1528450643949670403
1528446178706214914
1528066336189997057
1528059028349210624
1527979934781689859
1527757696170172416
1527757694676910080
1527757692604907522
1527743491069169671
1527743488372228097
1527726087274647552
1527726085508677633
1527726083637919744
1527712104391880704
1527704176523886592
1527704173290168321
1527425150580314112
1527425147208097792
1527425144028790786
1527408914995757056
1527408912437321737
1527401232645619712
1527401229671976960
1527378591012376580
1527360553219330065
1527348392006926336
1527325171266138115
1527296059973640194
1527048202968604674
1527017682398232577
1526990085715120129
1526990083340894209
1526990077989163010
1526971358390919168
1526695428321951746
1526655094695010304
1526655092077871105
1526655089032712194
1526655086646202369
1526655083529871360
1526609765165670400
1526609762967867393
1526276298103848960
1526261198458605570
1526241202215047176
1526214062996078593
1525975095834865664
1525975094387806209
1525883716207116288
1525536440280662016
1525536438581870593
1525536436493115394
1525536434370883585
1525536432680583168
1525530737629450240
1525210189250666497
1524857063679066118
1524857062278279168
1524836025381662722
1524796576031461376
1524796574819405824
1524796573426896897
1524774059392761857
1524774057249583106
1524498775577923588
1524498774235746308
1524498771798896642
1524474290967617536
1524474289688354820
1524474288056717312
1524414071357022211
1524414069788270596
1524212774796251141
1524188547158360066
1524146617049399299
1524139727712141313
1524139726206296064
1524139724662878217
1524109713453064193
1524109712274436096
1524109710525358080
1524079439763673090
1524049138081538049
1524049136936488962
1524049135057440769
1523799532920012801
1523799489588342785
1523799429673005056
1523771089049952256
1523771086831484931
1523747445498269698
1523747443900252160
1523747442470006784
1523747440897130498
1523679713516212224
1523663942849298439
1523663888881156096
1523392294824464384
1523370387387879424
1523370385684590592
1523370384200179712
1523037454936293377
1523022560182423552
1522698484650070017
1522686415334690818
1522686412528795648
1522686409726963714
1522686406019235841
1522686402349215744
1522677275057078272
1522642229994700800
1522627254211203073
1522627252411936776
1522613488371314696
1522608439935086593
1522608437024198656
1522608434486685697
1522608432234303490
1522608430216888322
1522608427205283841
1522608424818720772
1522305469381066756
1522300104639660034
1522300102739697664
1522293831793786885
1522293829998682113
1522293827977072640
1522293826366451714
1522293824638365700
1522252344313925635
1522252343072509955
1522252341826793475
1521969450043551753
1521969448877531137
1521942976095834113
1521942974363484169
1521942972308332544
1521929199652642817
1521929198235004928
1521929196913762308
1521912544511901698
1521610555642892288
1521591700476641281
1521591699184705541
1521591697674846208
1521591696185774082
1521557739436191747
1521504971186974720
1521504970205536258
1521335665476128772
1521335664398245888
1521335663068684289
1521203046017024003
1521203044989513729
1521203043433336838
1521157578843213828
1521157577295470592
1521157575798145027
1520825383909613568
1520810282762657794
1520447892435177472
1520120925479444480
1520108176997294080
1520108175617400837
1520028784971468805
1520012553098780672
1519806956038459395
1519783810791088130
1519783809654349824
1519783808350007297
1519783806726807553
1519783804826759168
1519715624271949827
1519715622338322432
1519360965728522243
1519360964403109889
1519022251680702464
1519022250288201733
1519022248979570689
1519022247524118532
1519022246194520065
1519022244583858177
1518647289048408064
1518273568773128192
1517911180089577472
1517908552815423489
1517900706400940033
1517667153708785666
1517609617760657408
1517609614543626241
1517582399852486658
1517574399037165569
1517566123360886784
1517541326555951105
1517541325343756289
1517533692348014592
1517232968032567297
1517232966153510912
1517232963448147968
1517171342017273860
1517171340872200193
1517171339370672129
1517171338158362627
1517171333750308864
1517122681287720963
1516952641351426049
1516911348684365824
1516911347451191296
1516808919619969033
1516805475488129024
1516447375426043909
1516439212047929347
1516439209455800325
1516114355108159495
1515736855777464323
1515374467916210179
1515012081203900418
1514992352540119045
1514992317211582466
1514992294147076099
1514680026142326790
1514680024259088393
1514664790777499650
1514650953529577474
1514650951675752455
1514629624671744007
1514629623111462917
1514629621605666824
1514629620078989315
1514340678146404353
1514272263046115329
1514272262026940416
1514272260974129158
1513932905734627336
1513932903243292675
1513902327350104071
1513902326209253376
1513902325131268097
1513902323969441794
1513626950568452102
1513626949347942401
1513626947989000200
1513578893680291843
1513578892476440576
1513548723791581189
1513200138122006528
1512885603129597959
1512885593046401033
1512837754400374789
1512563895315185664
1512520847126417413
1512520845687730178
1512498059330179075
1512498058260590595
1512479363442216964
1512173369491292163
1512133580230701058
1512133551139008513
1512133348193447948
1512075230876889090
1512075229450801161
1512075227408187408
1511826157376839691
1511826113554788352
1511796958591078401
1511795938930704384
1511780793101737984
1511780791386357773
1511780789461135366
1511751887816732676
1511751886466166793
1511742801012269058
1511718341257400321
1511715589139709956
1511715588057583616
1511715586983837705
1511437461863297024
1511437457128144896
1511422196664745992
1511422195142172679
1511422193854472195
1511393066128658432
1511387203565461511
1511357996026273794
1511350599236960257
1511342757746548745
1511117191030181895
1511117189948092419
1511117188941459463
1511095040721965059
1511095038549401607
1511095036565508107
1511071599344115725
1511061044780752899
1511006999382794249
1511006998141325314
1511006996992036868
1511006995624648713
1510663419023835142
1510331182621372416
1510301030860402702
1509978838805196813
1509961330152902656
1509961328735174666
1509961327170760705
1509961325719478274
1509938723454083078
1509938721168281607
1509938163728461835
1509908480093822980
1509908478982242305
1509908477833011201
1509908476599980036
1509638252881494021
1509638251782582275
1509638250788536320
1509638249693732865
1509638248662024196
1509614181108047879
1509606457360142336
1509606456366088193
1509583973122560000
1509583907058065410
1509578766816886785
1509578765587947534
1509578764249874435
1509553743683063811
1509553742563131396
1509546058652786692
1509546057528709120
1509297051468713984
1509297050332110857
1509297048989933568
1509297047651950596
1509297046213349384
1509297044921462801
1509297043671556104
1509285670598160394
1509285531666034689
1509285415739662346
1509274322212429834
1509274321130246156
1509274319553245189
1509244191523672080
1509244190139506688
1509244188726116361
1509244187098722315
1509244184837992449
1509235421674414085
1509235420567150601
1509235419602464770
1509235418553888776
1509221420869595144
1509202573525409804
1509202572393029645
1509202571197620227
1509202569985413123
1509175111227789323
1508926980711927820
1508911882803027981
1508904377880358918
1508904375720329227
1508904373623140368
1508904371467206660
1508904368355131404
1508904361853861891
1508866745460736008
1508866744194117642
1508866742734532611
1508866635423260693
1508854007057780737
1508854003731415045
1508854001080705031
1508853998597537803
1508853995753852937
1508535541964460033
1508534404481798146
1508520701153755137
1508520699824156672
1508520698561523713
1508520697080987651
1508475273527840779
1508475272248573952
1508126703461146628
1508097525739311108
1507764323753492481
1507715837519667204
1507452274112573441
1507452272141385734
1507452269482151961
1507442635115581445
1507434676121907200
1507434674028752898
1507409909649915904
1507409908152549384
1507409906177130507
1507394404323053574
1507394403089977352
1507394401768808456
1507394400342745093
1507394398350417963
1507084855183646723
1507054659911012363
1507054658614927366
1507054657176227859
1507040042056888334
1507040040626630666
1507009407783108614
1507009405312589828
1507009403874000909
1506737691832070155
1506737690464636928
1506737689244188686
1506726503236653058
1506723368627695620
1506712212303331330
1506707364501757956
1506707363402854410
1506707362232602644
1506704187647737862
1506688308050599940
1506673373207830532
1506673371819528197
1506647790038011918
1506646958428942341
1506382788303495169
1506382786361446409
1506368450750525446
1506368447571058690
1506368445188825094
1506344965508640770
1506344964128657414
1506328711615950857
1506328710244454406
1506027886087745539
1506027884766445569
1506027882686169099
1505998969670967306
1505998968316116992
1505972712132550658
1505972710916210695
1505589995008143362
1505586470756618242
1505227605082923016
1505219122451394565
1504915787416576000
1504915786086891526
1504915784757301248
1504875088247730179
1504838896437374978
1504838895330017318
1504586861334999047
1504586859854405632
1504564101221076993
1504548236891144197
1504548235418943491
1504548233787461636
1504534433680039937
1504534431650009096
1504534429632503808
1504487835243630592
1504487833368600580
1504458402499596291
1504208469213302796
1504193519929466884
1504178906039033859
1504154484963889154
1504141050054598656
1504132992939315210
1504132991639031819
1504122295375306755
1504117888168468481
1504117886721445888
1504117885375074304
1504106484422127621
1504091509330792451
1504068779092946947
1503851504918220800
1503851501671833601
1503851500325543941
1503851498064777228
1503804648603500555
1503804647210987527
1503794404196245514
1503794402883420164
1503794401323200523
1503778112923918340
1503778111485353989
1503756666734530568
1503756665228779526
1503756664092213254
1503476214673121298
1503476213465108481
1503476212257239040
1503430922229669892
1503430906618556416
1503427122085384200
1503427120822898690
1503354578829553672
1503071833859440646
1502740090715623427
1502740088689680394
1502366258192392196
1502366256720224256
1502340053149929475
1502340051816136722
1502340049140125705
1502049661246394373
1502049659908407306
1502049658352418820
1502037109816840194
1502037108260851714
1502037106868240384
1502037105316347905
1502037103185739781
1502034834524459014
1502026542515474437
1502026539885637633
1502026537331220480
1501999035221225474
1501999033740582916
1501970144687538178
1501970143538208777
1501970142250549252
1501970140761673739
1501759279694585858
1501695046462341126
1501695045044518914
1501695043656163333
1501664150522580993
1501664148756779015
1501664147175583747
1501664145527250945
1501664143790809091
1501664142113099782
1501664140481515524
1501664138493403140
1501664137021214721
1501664135284772864
1501664133829341187
1501664132336132108
1501664130880753666
1501651644173402112
1501651643103854595
1501622594273001472
1501622593023057923
1501596182853922817
1501596181406928904
1501596179993399298
1501596178248523778
1501596177044840449
1501596175648051201
1501590347973070855
1501559366239014926
1501317328696397826
1501236564743139330
1501218690649530374
1501218689328332807
1501218687990353926
1501218686832717825
1501211851010592775
1500960814123081735
1500960810025336835
1500960805977825286
1500960801699602439
1500931802369769475
1500931797986721799
1500931795403091983
1500918014824402953
1500546755171168256
1500546753204006914
1500533993284018181
1499840991561453583
1499840987207806978
1499840984758247426
1499807313699475461
1499776686736429067
1499502647082201091
1499502645869953024
1499497376330960901
1499497374896607241
1499497373487280138
1499497371528568839
1499497369951510532
1499444759974354948
1499444758854389769
1499444757654822914
1499419238833995782
1499404344675876866
1499404342247391233
1499368326727938048
1499364429472964608
1499168782597693442
1499148655646887936
1499130217688080384
1498858894277365763
1498858892708691968
1498788792966258699
1498788791728939009
1498788790445477890
1498788788629291008
1498749962431213575
1498749960191414282
1498708622037159940
1498708620367872000
1498698566256234499
1498698564461080577
1498676656340455426
1498459661288316930
1498450907536764928
1498435354696859648
1498435351312019458
1498435348195647492
1498402636730675200
1498380322471395333
1498364880918921220
1498342277831397382
1498342276338180102
1498333511362748422
1498333508397322251
1498333505851478017
1498333504194719746
1498010048915779587
1498002495989293060
1498002494793953288
1498002493657301000
1498002492218613767
1497994943855431681
1497967263424688135
1497967261872795648
1497967260568272897
1497967259427512321
1497967257871425541
1497729974505291782
1497644391829147650
1497625006699864065
1497323018330247178
1497323016996507650
1497323015666814976
1497289125795348488
1497289123085750273
1497289120816709632
1497262705299927052
1497262703898939395
1497262702267445248
1497252771061456899
1497252769836720133
1497252768733700101
1497252767093727232
1497252765864714243
1497252764510003205
1496941781530861569
1496925617652121606
1496900472497754130
1496882680704770048
1496881790648299531
1496881788844744710
1496859364900184064
1496605789867315200
1496589464596008965
1496589459936137224
1496589457461587976
1496569053653217283
1496552962415632392
1496552961174036484
1496552959995482113
1496552958779142151
1496233169451950081
1496208765129039880
1496198163417518084
1496198161630642178
1496198158292070406
1496180504948875267
1496162862850617351
1496162592527634437
1496160355751448588
1495893751029538821
1495882477696700420
1495443135735820288
1495120225217433601
1495088515406868487
1494737393047556096
1494733456697344003
1494733455304925184
1494698083065675788
1494661818098331655
1494409579450757120
1494409576925564939
1494032628797820934
1494032627178876930
1494016349110157312
1494016347864547329
1494016346547531782
1494016345146630144
1493986064079458307
1493986060828909576
1493739256107479043
1493712599040638988
1493631263504220174
1493631258970185731
1493354882090295297
1493354877476651017
1493320404357849090
1493320402260709378
1493320400448761861
1493320398586273792
1493274734599065603
1493260091159687171
1493260089339400195
1493260087183523844
1492949356550443010
1492921516777869315
1492891775966580736
1492891772770476034
1492886392069935107
1492583821996441600
1492528926014328834
1492259771315113990
1492185998259896323
1492184323570737158
1492184321452556289
1492184319749758985
1492165822760030214
1492164983676932098
1492164948667084802
1491892339526221826
1491892337781444609
1491892335424286729
1491870846285189131
1491870844469104646
1491870842568917005
1491870840799080448
1491796609222414337
1491796605955031051
1491796603497181186
1491771061045714945
