1534645703468802049
1534605073531158528
1534259910392926210
1534210117549400066
1533919499614830592
1533919498469777409
1533849375893508097
1532798992177721345
1532456382225453057
1532103539006353408
1532046838286716929
1531708637160300545
1531708588611231749
1531244028712341505
1529477594479005696
1529118070001872896
1528840668637954048
1527382331404603392
1527382263213633536
1527380396479959040
1527353716617072641
1527292123673833474
1527023205277384705
1526249416113397765
1526226233100484608
1526226230881796099
1526189775325118466
1525224642906046467
1525201800902631426
1525184460618092547
1524871439282757644
1524846835243925504
1524818495342518278
1524806901313183744
1524743509785382917
1524495033344405506
1524430610193780737
1524384964460130308
1524144135065808896
1524130215617871874
1524091835370586119
1524091833831329798
1524084828307693572
1524066373126823942
1524066316457582592
1522674931506589698
1522638670284701696
1522638668695052290
1522598881825103872
1522598880306769920
1522328865342951424
1522295865427341313
1522295747819245568
1522295649659727872
1522262698225979396
1522253032779567104
1522244996841234435
1521967076054913026
1521943612967337984
1521893127602253826
1521893105762512900
1521591180244443144
1521562851726528513
1521562849826557952
1521547121245270016
1521547118934212608
1521307423990075393
1521235159328395266
1521235157923119105
1521190781280821250
1521187344111611906
1520384377347313665
1520156973341323264
1520132240000360448
1520132237173215232
1520044841450754049
1519769715857629185
1519769713987014663
1519740416744165376
1519724242023104513
1519724054135066629
1519429402622406656
1519429400722386944
1519418444583739395
1519387479144599552
1519365773994692609
1519327420389679105
1518925167468101637
1518246371136090113
1518246369508605952
1516869563593416704
1516869322542616577
1516869284500316160
1514693652735483909
1514693650600669189
1514299490139734019
1513913773836353552
1513660244425064452
1513660242512515087
1512174415148167172
1512149682398638091
1512145299116113924
1512063335155392525
1512063332710113295
1511779074045321220
1511458353662279693
1511400278540566536
1511035576018944008
1510441462764380167
1509986229634445321
1509933218258165788
1509912925766660104
1509628463015153669
1509602117325135883
1509570620450877452
1509561268448944130
1509288890120785926
1509252279056191501
1509187353923014666
1508864785793921030
1508565513126952964
1508179220895354889
1508135885208010752
1507387072046374929
1507354967111311366
1507074464198049805
1507065694797635587
1507021352456364034
1507014800613666829
1507011486551457797
1506980651425308674
1506766860448149513
1506754628293218314
1506745119520743435
1506735435946602509
1506702422814736388
1506696644120743941
1506692125110542341
1506689883372494849
1506684764576694278
1506662323041226753
1506662294029221893
1506629371641143309
1506419893452877824
1506334436832514048
1505216177626353665
1505216176212828162
1504919815605075971
1504889074385104900
1504874375186632711
1504874372858884107
1504837220871585813
1504568008269828108
1504557418226888712
1504520562307219460
1504471448718503948
1504471443538538514
1504215339336413188
1504197056491053057
1504197052179402755
1504178207196651525
1504133021494124548
1504122608421376009
1504105525692276740
1503883296031358977
1503848870257778696
1503830601987768328
1503759617582669836
1503493594832945159
1503493589598359560
1503469420152299530
1503429147661635590
1503400857769021449
1503400854048710660
1503400851544625163
1502705473258201099
1502389598764347392
1502353918709354500
1502308848111173632
1502084078077628445
1502049984069390337
1501959831627968519
1501959829639815169
1501930154637078529
1501657541318688771
1501235250332057606
1500920034612363266
1500850540833648644
1500850539646566401
1500547419649552386
1500152062906191879
1500152058023972868
1499837736462786565
1499809124019810305
1499781387410415623
1499512597518774291
1499512592829669386
1499459931535249411
1499440595634462733
1499425169802207234
1499130224440655877
1499077372301172737
1499038643251523590
1498862214991732744
1498711689684004865
1498711687851122690
1498412573837991944
1497354392936366084
1497310029589876739
1497276719874646018
1496951672274403331
1496927732583714831
1496808733191675905
1496585075621826560
1496581002583584768
1495804514133233665
1495149436783271941
1495084838222766081
1495084836133953548
1494755932340776961
1494478175849656326
1494476431631560705
1494438755750580231
1494393894263480332
1494372941894721543
1494367962991677440
1494356049511559173
1494338624220852233
1494121429687803906
1494084862701150208
1494053017330540547
1494052895855104002
1494052487527030785
1494043758274437120
1494027790307495940
1494024623951908869
1494018373172305928
1494010264399851531
1494006978179383301
1494003338505076745
1493978840711925762
1493977008354873346
1493956371842273284
1493722100380704771
1493693669198680077
1493679058869235714
1493678743340171265
1493659325717487620
1493623659860307969
1493591432929726473
1493348685941731331
1493348683580121090
1493348679004172289
1493294728045080578
1492561284419702785
1492561280011542532
1491890216931676162
1491875641691676674
1491870430751334401
1491870380147027969
1491860571737796608
1491779435284123651
