1534654784547995648
1534606380312707074
1534557601802858496
1534262126625312768
1533956069470392322
1533854124860645377
1533618310381768706
1532811292934815745
1532748163861426177
1532556521342738453
1532511062590881814
1532433753221611520
1532368473078304768
1532110464670388227
1531992105547087874
1531782481715814401
1531726519827054596
1531622084748709893
1531305592001859585
1530200770037137411
1529917492902121476
1529635044071034882
1529517035067260930
1529264004153090050
1529119040119111680
1528842263668871168
1528786798398390278
1528035395908288512
1527796689419083776
1527690354224504832
1527494208218611744
1527363365202427904
1527309464596262912
1527030044190822400
1526946456829104129
1526674050126426112
1526347018289004545
1526288921503617026
1526221546901196801
1526003513398120448
1525555650176114688
1525196158137679872
1525107270371233797
1524832068269658120
1524805481268756480
1524486799464280064
1524411005618593798
1524147860010422277
1524049095282864128
1523859438070898689
1523792576029270016
1523744270435319808
1523661022003081216
1522996124843655169
1522942082696069121
1522657755085131776
1522544751052005376
1522380252202377218
1522316992828612609
1522267171346333700
1522227386909138946
1521944339399720961
1521924016419885056
1521898152604938240
1521561783667941376
1521521471679569922
1521469932210466818
1521302482336505856
1521295539664527364
1521187613348085760
1520908432710279168
1520839055109496833
1520406118488756224
1520099235072516099
1520070304516739072
1519832196625928195
1519751320454017026
1519710979768078338
1519685914628395010
1519389013920165889
1519129206000599040
1519061707007660040
1518977851931955200
1518796499773186054
1518737276792152064
1518670775125000192
1518645644994519047
1518431106520989696
1518088387411935232
1517908448251318272
1517741162387234816
1517551268738125826
1517289050092150784
1517223697634840576
1517181679458144258
1516896835746492421
1516841007383388160
1516570458090471426
1516071103692632074
1515917670918471681
1515722519373877249
1515672200317222918
1515357593954406416
1515134672694652928
1515052387182026757
1514716743293308928
1514601784370552841
1514478875723517955
1514108313243332610
1514007668205096961
1513737850683940865
1513371763576492032
1512641032105562116
1512240586291523584
1512084124135313409
1511798978857345031
1511728358853332993
1511513880257826822
1511411393819557888
1511397334382518281
1511310740904361985
1511040090331623433
1510845493747888129
1510616533843812361
1510311341759860740
1510262258445828099
1510116019561455620
1509907255826788392
1509594867776860162
1509349482743357445
1509303225400320005
1509158711469789185
1508919469384650762
1508885337115922443
1508846031945056261
1508639750768533507
1508563616471175175
1508270350316015619
1507835397073776645
1507742746127253510
1507474371476344832
1507385540034895904
1507112516790460420
1507027502862114823
1506695382537064457
1506652254211911689
1506432343791263749
1506350956983816198
1506349800178003973
1506328289845157891
1506040950719717376
1505982634148704259
1505769703259705346
1505691279220428808
1505278678380560389
1505225547546341378
1505027365084307456
1504640443513978880
1504582492493332494
1504581660850929664
1504512650381774859
1504474242439520263
1504425355624525826
1504211929119735816
1504147979720175616
1504147823423541262
1504111900178763778
1503885348136538113
1503784122052919296
1503772465352392705
1503477862669729793
1503458855715495947
1503420046747521034
1503177059425738756
1503011612080414723
1502648596998598661
1502362093269438466
1502022567439347716
1502004831757778946
1501963893580746753
1501945598613733381
1501780500482084867
1501647726278230018
1501629175689531393
1501597552151564293
1501372987886473216
1501303657127505922
1501236524309954562
1501041679129882627
1500961290692579328
1500912064201691141
1500899798873956355
1500860667817086985
1500543312184459265
1500505802121089026
1500324440386805760
1499952974617059334
1499823291506249728
1499579979092443136
1499524288755421188
1499504729315028992
1499491045700214784
1499232848494137347
1499195794498457603
1498862153905754115
1498857069851598849
1498847977703677953
1498836643045949446
1498750088008671235
1498719459544031245
1498390522917961729
1498306164941012999
1498009441467260929
1497977679844241411
1497765826048536580
1497669290060705793
1497657138482716673
1497606348489510915
1497400775391256579
1496953937232076803
1496829031123243008
1496708188988710912
1496518203685720067
1496220893470674949
1496211327899115536
1496210246104195082
1496185285343911936
1495953202583330818
1495878700268670981
1495071215077179397
1494813393382952961
1494686395981606918
1494328483907923971
1494121263522103310
1494107784467656704
1494046010930184197
1493791194572279813
1493790902371893254
1493561559712477191
1493432230248603656
1493415552534130688
1493397039618699268
1493291346374930433
1492237655370784774
1492197231654494208
1491970986446630913
1491970886404091904
1491906551422009347
1491828645362601993
1491807491780493317
1491552505574084609
