1534680059457507328
1534531046032740352
1534291563307843584
1533544558642057219
1533488930510733312
1533484625946877954
1533142698768715776
1532842352179568640
1532800897209835522
1532475155615727616
1532029626364698624
1531989569545150467
1531296945171464200
1531017560174493698
1530976408306171912
1530960416712675328
1530930672126287872
1530666689951571968
1530313026502639616
1530286209272008706
1529934967630962689
1529204504809414656
1528868771070451712
1528032414622162947
1527474479114354703
1527419030344192015
1527092623219085312
1527062480681320449
1526747100687613952
1526683455496519685
1526241870208282624
1526012553972809729
1525918425846951936
1525918423548628993
1525918421946359811
1525918420159561729
1525585953519243269
1525461255569428480
1525217045587034115
1525188419944693760
1525116586755076098
1524742496479293441
1524419506503921669
1524024128071737347
1524024126574366724
1524024125165117444
1524024123516665863
1524024122048757762
1524024120949854208
1524024118806552577
1523319281886195714
1522706027749289984
1522698123734364161
1522698122232750084
1522698121272246274
1522698120341168129
1522698119389106182
1522698118369849346
1522698117417742336
1522698116147064832
1522698114079117313
1522698112942460929
1522698111981965324
1522698111122034688
1522698109603614720
1522354365444591616
1522326106908639234
1522305014039040003
1522304705367613441
1522304684601524224
1522291895027875841
1521514323784437760
1521334851579920391
1521188597923295233
1520799081383305218
1519814898368356352
1519727643888918529
1519441692071505921
1519392469921800192
1519294231742926849
1517972860278611969
1517571009251008512
1516874458010726400
1515786455779618829
1515068094586179595
1514752229097496580
1513887784678924290
1513324970654511118
1513219176911020032
1513195816512589825
1512944361037869059
1512940481512185857
1512201402344427522
1512132761607364609
1511841070090436613
1511788175315939343
1511464450708103180
1511091116015292418
1510676378622078982
1510345859984240642
1509996192314372106
1509980631241007113
1509938440544133130
1509553474157088771
1509290919513804805
1508152633521016837
1507790891402018822
1507481445002104835
1506714617120272391
1504564835643801607
1504558207494205445
1503855730088189954
1503539746932498443
1503081638078603273
1502729906257494017
1502397787970969612
1502089131081486372
1501973375777918976
1501703454288457730
1501670830337581059
1501600824002293762
1501258203098664963
1500604643801452546
1500283542215012356
1499542309440040960
1499452876095111171
1498862261959598080
1498855840232714243
1498851907712032768
1497991988322439173
1497655178039865346
1497333678946586627
1497291415340163075
1496886008239034369
1496626862176583688
1496626858552705028
1496612324874104833
1496179581392494598
1495887523922718721
1495797866329260044
1495531533410750471
1495467096339320836
1495155479407964162
1494460221124714500
1494427662466662402
1494416699130617856
1494357897970597891
1494100956346265602
1493722097025048578
1493261155929890816
1493209192085270529
1492946719054704643
1492582254824017921
1492257574313504771
1492239551812751361
1491862954375061508
