1534641414801326082
1534543269174161410
1534279033638113281
1534250604826173442
1534180881409220609
1533946842890878976
1533924191489167361
1533893532607467520
1533846256694484993
1533554253578522624
1533456105455636480
1533191870385426438
1533127690751909893
1533093717535600640
1532829476882726919
1532821251017822210
1532784187920502786
1532753991075078144
1532753984624025600
1532731329837772801
1532169059449688064
1532169058434572294
1532104703336587264
1532006553787568129
1531725934327480321
1531689933328490497
1531274231660654593
1530281134881374208
1530281074840023046
1530280941180137472
1530280825933152257
1530280510404153347
1530262430865149952
1529917512439279616
1529562322573971456
1529487395875332098
1529471337374355456
1529249189149933569
1528050050106114048
1527825048135933953
1527655285589954561
1527358801082404900
1527351883559768064
1527327353135067139
1527054093478416387
1526988380059451392
1526680866738642945
1526668561661452289
1526611813630091264
1526585572248133642
1526560212903141377
1525971859702939648
1525561039651323908
1525211296601358337
1525162799541919744
1524801518284709888
1524525741521752064
1524503469129932802
1524431377650921472
1524067757918244864
1524067674652819456
1523380829501943808
1522617609107165188
1522252062872027138
1522198903134867457
1521989662990118912
1521978369197359105
1521941545938735109
1521596608185614336
1520050468810076160
1520026638192459776
1519431734588289025
1519048918885191680
1519048810382729217
1519048564760006662
1519048230511779841
1519047090378321921
1519045205319725056
1518594678991597568
1518038143215226888
1518038142003077121
1518038140841254915
1517896078414290945
1517865878540500993
1517631767355740161
1517533691160977411
1517521972384743424
1517521816847331328
1517520736960843777
1517503494307160064
1517171308043272193
1517151392024068100
1517141107385188352
1517102312405274624
1517102311230877696
1516909740412051457
1516489709039591429
1516489707735158793
1516489706510458884
1515750718786969637
1515023998064730114
1514767589934698498
1514357979683831814
1514245075458482177
1514061566370586627
1514061565108051971
1514061563799429133
1514061562360877058
1514061561240903680
1513639719065853958
1513533840396099593
1512530173081624578
1512510244395626497
1512220158487629825
1512165261226483714
1512142842365370369
1512089162999996424
1512088304199499780
1511809451178840069
1511786704398692362
1511704087166808069
1511499102072320004
1511454499340181507
1511382816281538562
1511081942527139849
1511046549400436738
1511011192743075843
1510267056373051403
1510251570998431745
1510039178070925313
1510015852132896775
1509967390959882250
1509937921608097795
1509654125864230912
1509594057072328705
1509530625816080385
1509279184178274305
1509265106768646155
1509236073041383432
1509210781103099909
1509210678816555013
1509201306635931648
1509175538065281026
1508941471516344320
1508867727573893128
1508826887791038468
1508799381427965963
1508578131120168960
1508577560766169093
1508556062894477316
1508523849910046725
1507464407169003523
1507439154090627072
1507409076179054592
1507379226135207936
1507131430647877634
1507002956834656257
1507002802056400899
1506977035813629954
1506792704088416267
1506725267624058881
1506710287386349573
1506649942416371718
1506617005545332742
1506385494975860737
1506364973685092352
1506343411225448449
1505920205524021254
1505696348976341003
1504919639834468360
1504919519864709127
1504811996054798338
1504608467839070221
1504586611794886656
1504585289855033353
1504548766044590082
1504548703515856904
1504532338276974597
1504532253824724994
1504467381715968009
1504231213812359168
1504231040847532032
1504213249037897739
1504178672810475521
1504132076118937603
1504105409241567236
1504105117771087874
1504064950943199235
1503876412926996481
1503832088088297474
1503811396462682119
1503783513623089168
1503705949923651587
1503475884610789378
1503423988923613190
1503389069539254280
1502690886299258883
1502660695770505216
1502449294632124417
1502334681756360707
1502050699957440514
1501929973074042881
1501679219163611137
1501649021235974145
1501633924337971221
1501381204582584320
1501334446926008325
1501320703043244035
1501310925005115395
1501256243125665801
1501244731875119110
1501226342389813248
1501225991632728066
1501206233793056774
1500974568193863690
1500911266289881094
1500899588009517066
1500605267297419266
1500546898285010948
1500214570174009357
1500184369276669954
1500154174385885187
1499889301542293510
1499852181276540928
1499821989707538432
1499791782560681988
1499763966918156295
1499391220791001093
1499163822099030016
1499122600160731140
1499116585902129155
1499101351489458182
1499069332676038657
1498868135608438784
1498768315644321801
1498746070675116032
1498394431803871235
1498111143424016390
1497998982026571782
1497578268643446784
1497272076729827332
1496880160888471569
1496866758153564166
1496701842402775044
1496604714049638402
1496560497172389895
1496529121547014151
1496493434122735618
1496493432600244230
1496493430993739776
1496493429370597382
1496220833823477764
1496159303979474955
1496127426975387650
1495942105637822466
1495821873900232704
1495767766502150150
1495204687578116104
1495042993065283588
1494756965951627265
1494733417413586948
1494680605342138369
1494404716742250502
1494388791787859970
1494323706323107849
1494122845554753543
1494076319189147661
1494000572147671040
1493965822385360899
1493734930546786304
1493678658124455940
1493657744867528705
1493656945936457733
1493595597085061134
1493400589593718789
1493360270852468743
1493288364941979650
1493255227872620547
1493229784050159624
1492203989349416968
1492203981829033989
1492172702429425666
1491894193584840704
1491834295341756417
1491795237726949388
