1534593767357005824
1534341203763806209
1533906596836757504
1533903899605671936
1533888356588761088
1533884811865038848
1533870622001942528
1533796996284153857
1533785802244665345
1533487345629966337
1533260733026140161
1533258152828755968
1533140053450362881
1533112834728468480
1533034225263226880
1532912955741704192
1532862816683556864
1532795345230409728
1532769153920008193
1532768844799873025
1532759696536285184
1532685356444921859
1532685043994337280
1532684030264713216
1532682074372689923
1532679018201460738
1532678261532241921
1532677232321249287
1532675106132086786
1532659603225251841
1532586398011666432
1532508528060944384
1532507656228728833
1532477176440037377
1532404835051458560
1532393870402760706
1532307810666414081
1532302992132648961
1532225960203784192
1532219838206095360
1532219519959150592
1532217071362158592
1532052826595110912
1532006412867411968
1531783030519566336
1531441400805564416
1531276617342980096
1530907793083047936
1530722455496667137
1530658118774018050
1530373449818021889
1530319913759424512
1530267109539946497
1530204680646799361
1529837277798604800
1529637624981381120
1529637317845164036
1529637071601664002
1529624434486681602
1529206526413619208
1529158720449568769
1529078404489920513
1529077265669185538
1528741800004964353
1528583741538553856
1528577430507638785
1528556519582834688
1528535499857707010
1528525257329483777
1528361916346814464
1528360827044126721
1528360635184173058
1528184068092968961
1527814753124503552
1527803421692252160
1527772480370262016
1527632036281868288
1527626805406060554
1527505795532955653
1527474227720364032
1527364488059662336
1527126373629935618
1527106859206856705
1527011695792635905
1526997401818497025
1526873932971888642
1526689575858495495
1526648233975595009
1526601085565140992
1526599575578071042
1526550333773819904
1526547461313114112
1526358223053328385
1525984462181486593
1525979706272542720
1525978324467691522
1525977938264473601
1525912301634785282
1525488906485043200
1525473239589330944
1525260831142944774
1525205758085943304
1525123635463311361
1525123229286793216
1525122290874187778
1525121629466017797
1525118688105463811
1525072471413735424
1525002689687568384
1525000718352007168
1524996923966509056
1524856813816012801
1524796915409461257
1524792696409309190
1524757371096117251
1524756912637722625
1524640652839067648
1524566235555446790
1524397725957111809
1524395719108485123
1524013192837578752
1523903829904871426
1523849744556208129
1523812361462820865
1523658203409514496
1523582302814625804
1523482490425704448
1523479953735446528
1523459691879141377
1523286205735256064
1523130801453473792
1523130331934519296
1523121957524361216
1523121666187882496
1523053948306956288
1523048641036169216
1523047865710682112
1522929960901652480
1522916637988601857
1522907377825198080
1522637249237721088
1522634101496369152
1522583872906616833
1522580329478901760
1522577549599072257
1522575529118941184
1522566967491809280
1522558206551146497
1522557770121236481
1522287018465767424
1522147984884088843
1522007103958888449
1521934940664905729
1521924190235992064
1521825229928116224
1521823227022090240
1521584874313891843
1521467187906715650
1521310493197152257
1521249630591373315
1521205515300315136
1521177994777268224
1521114572870070272
1521105575354028038
1520862897278275587
1520809278474493953
1520587982960529408
1520532189057794048
1520502738504855554
1520420593014915073
1520152702256226305
1520152477487796224
1519870818515357697
1519755318506541058
1519692365392449536
1519681568465424388
1519675020972339202
1519633863961624576
1519417865186725890
1519332319290662913
1519306784405655553
1519258158035869696
1519215176888852481
1519209881080840192
1519144806534066178
1518973545002450946
1518670791314919425
1518655768597307395
1518531804650622976
1518531399908798464
1518408965071290368
1518144578012000256
1518141866172194816
1517981240204398593
1517845839401598977
1517684418110009347
1517603440247123968
1517594435906945027
1517234330115919873
1517217703873949702
1517152113163337728
1517136527243030528
1516822191144378374
1516739700672937984
1516460776000794628
1516451878606983173
1516404334887641096
1516183962380640262
1516076979530960903
1515889150175727619
1515819372362838016
1515673113236852736
1515418779383123985
1515403466126077956
1515138510017249282
1514950104217800711
1514723304237674496
1514607123451183112
1514581321468846085
1514418024429895680
1514255557191942153
1514221558096670725
1514212082610282498
1514065638079311872
1514062830135390221
1514057575028994056
1514044864933113857
1514043074300817416
1513997857363275776
1513885087707938829
1513770693346963459
1513697240816173059
1513587487322607617
1513557316209192965
1513553769325289473
1513291257853919236
1513290186469294085
1513277855488225284
1513196417489252353
1513161921192681477
1513156372120195076
1512905135214805000
1512905010375446531
1512886446222364676
1512792171287654401
1512625542855544832
1512024444792983553
1512001678291222528
1511880595198156815
1511647782666395652
1511646898536566785
1511646016172437508
1511643413116071943
1511464468513005574
1511424078686691342
1511340960663408654
1510996840434515968
1510993596312395778
1510794173020004354
1510697115000967174
1510649933585694724
1510551633511469061
1510289083976892420
1510030449057447936
1509945364476010496
1509904123059187724
1509844270638796804
1509729921505054722
1509704255522803715
1509613491736489985
1509602869648965641
1509601083827630082
1509578770784690183
1509546177603280908
1509540324045213705
1509538909293891586
1509372665311682562
1509361529111597057
1509359916288552963
1509358205541011463
1509352164673695756
1509351175824547844
1509257401559625735
1509170453516066821
1509089067295813637
1509087040322875394
1509084100694523912
1509082952730394625
1509077974297063424
1508924575324819461
1508888975557210115
1508821187228540931
1508817528918876168
1508810956519923728
1508799729681018880
1508799191434379282
1508782848005873665
1508773680305909772
1508619411942522881
1508534095730593792
1508532572099424260
1508475321049399304
1508170101501087749
1508107934991101958
1507919585902739458
1507918459451199493
1507791573102252044
1507790521850343432
1507788333233192962
1507553364007133190
1507351092664971271
1507307594318290945
1507186311978967041
1507161029209477124
1507148675113533446
1507095653721194509
1507070846229221385
1507039253485985793
1506940470240415745
1506620428927873037
1506594701415231491
1506395579085201415
1506346150860840965
1506313986148556805
1506177659717439490
1505954666034642945
1505903837885960194
1505868814524764167
1505731314019979269
1505712480609345544
1505575863571599362
1505556334275616769
1505378342073249793
1505364457471500292
1505259174472654852
1505156179256872962
1505020829276557312
1504993945079713794
1504940609173438465
1504928691058528259
1504836944345370626
1504806643783114795
1504544671304933386
1504523097336131593
1504520977086128129
1504515154201001984
1504492224142262277
1504480858106839045
1504479224207355923
1504469348227768330
1504153679284391939
1504128889395855362
1504125697559826437
1504099837582757898
1504099194994368521
1503912036471906305
1503882927448502278
1503879278735282182
1503845223394422787
1503832766814859274
1503794493413339140
1503794369022808064
1503722647808524289
1503634794567114761
1503542466531708935
1503404582516531207
1503401539590926345
1503385415092510720
1503187766255013888
1503142682402693122
1503135967011553280
1502993321530175490
1502984781755260932
1502674087344320513
1502650608901406724
1502646932447109122
1502644315985690628
1502643092066865161
1502316499385700354
1502240386261082114
1501947208882536450
1501924030726782976
1501900631409405954
1501693780965171205
1501629115673235461
1501628586511458308
1501627892383551490
1501622135541936135
1501621720750477314
1501403959722123269
1501316643800162306
1501316060192153601
1501310389539127300
1501288216988733454
1501224495931142151
1501220530694852624
1501200447088082952
1501142165333946368
1501106637679083523
1501045934972719104
1501008446598098952
1501000820564889604
1501000543736668164
1500976718185701384
1500895151715233793
1500678580270940173
1500484643879104512
1500090593204178944
1500088778018414597
1499946624004538374
1499713796985786370
1499708623055994884
1499511336681807880
1499469915211894784
1499436416216010752
1499417442443014145
1499354125317857280
1499237658538688513
1499211957567733763
1498875744038096901
1498851566299848709
1498682694506631177
1498682362430906368
1498514326617042948
1498514189773680641
1498513859958747136
1498479546252898305
1498471407608602624
1498413978866880519
1498407076682420225
1498342291156750338
1498335845501317120
1498296607665762304
1498254879525150726
1498252711854280713
1498061222662520832
1497969833874444293
1497791654912315394
1497764853389348869
1497662525269233667
1497661921989959684
1497631735781244932
1497587595504672774
1497340502424928259
1497286082915885058
1497281037059121155
1497244227415076866
1497228686680068098
1497204922877571073
1497027624589135872
1497014700453810176
1496905913189519365
1496689143048552456
1496671223861940228
1496670484439650304
1496552268774191104
1496470139851657220
1496469137190789120
1496406554685419522
1496395525402284041
1496391938353864706
1496390555026214912
1496387680250351616
1496337047631581186
1496335104439947266
1496257020118327296
1496256803201552387
1496131289434529798
1495930071156244483
1495916134092128264
1495840646774591490
1495823963976568834
1495822317292855306
1495802654177562630
1495778741125058561
1495601366060105734
1495548544614293512
1495545864466706435
1495470025221853196
1495395080005468161
1495261539607228422
1495247488739164171
1494962403523670019
1494799759407779840
1494784163416789005
1494677138150248452
1494674847909171206
1494668954375266314
1494486187125452802
1494466554456690688
1494424013132738561
1494387028494065669
1494371184145747975
1494288004843724801
1494285494045265926
1494282571068416001
1494127754295619590
1494088926931283968
1494035190947233800
1493935380734873606
1493780303462109186
1493773979642912768
1493751428862595073
1493679597740773382
1493653404400467973
1493573472185946112
1493564128379781122
1493561840953171969
1493342238436470794
1493256479364861952
1493229981056577536
1493064062825029637
1492990262766878720
1492902333050757120
1492501651302801408
1492474332307759136
1492206934367350784
1492149680062541824
1492147055531335682
1491844196679966721
1491769355692134405
1491618645553909762
1491536778188185601
