1534682084433874945
1534643931467628546
1534611217783865348
1534581018954371072
1534550828781998080
1534524915042377729
1534322167747338245
1534290099957121024
1534269024208560131
1534239202262536192
1534215629942710272
1534163768778706944
1533920666809819136
1533891473430573056
1533859262148923393
1533833594128539654
1533811497880674304
1533243018261762048
1532833056695930880
1532802652408520704
1532776565087559681
1532741571392716800
1532719832281624576
1532483697513058310
1532454159940784128
1532429339307954186
1532408928906137600
1532392598752460800
1532372832965087232
1532368618763296772
1532107669301080066
1532074501571223553
1532044309976842240
1532014107301490689
1531990721296752641
1531704775347261440
1531687815767023617
1531687813732868096
1531687811711217666
1531687809693655041
1531637237888196613
1531282281062604801
1530986078873735169
1530613876592545793
1530269356269109249
1529923305272229894
1529862110959869953
1529846649719226369
1529846648490311680
1529846647194263552
1529846645709541382
1529846644283408386
1529815431237844997
1529584941738115073
1529564635128639492
1529483897230307330
1529456732765884418
1529213038011752449
1529182949618458627
1529155957007212544
1529123321387917314
1529099403604201474
1528879196256215040
1528842967376609282
1528824643154493441
1528800853313855488
1528463213326737413
1528134775671857153
1528116085945516033
1528069038638878720
1528048826480738307
1527992530905837570
1527789526294450183
1527755467069476864
1527743981609701377
1527665965655277576
1527442293715881985
1527410770446798848
1527368913000239105
1527367966374912000
1527363460899581953
1527343327976181774
1527337680542916614
1527308863837700097
1527279188687785987
1527037590234341377
1526972130650226689
1526940673634467840
1526914485700673536
1526671649973514241
1526670466118828032
1526641199779438592
1526615688261009408
1526580801860534277
1526559406137163777
1526559404115599362
1526306502226726914
1526278559886495745
1526248360893505537
1526217911584575490
1526214813898113028
1526192339424780288
1525876210206748672
1525864749761798146
1525611896581275650
1525541251289956352
1525220590130343936
1525189886713659393
1525159436259627011
1525128985469779968
1525107147251630083
1524856951447990275
1524820931515924481
1524820929947357186
1524802013057384449
1524766348378791938
1524738972479635457
1524508240029138945
1524491677011955712
1524486299054399489
1524443520446128129
1524434170889576448
1524406916616704001
1524379943664242688
1524134935140835329
1524105564795641856
1524066038106759169
1524043834719580161
1524019276704886785
1524016017256689664
1523792570895151104
1523742096695435265
1523722895263891459
1523711394130149377
1523680943789195264
1523655722508169223
1523615857326587904
1523500004035411970
1523365112446214145
1522698751776804867
1522654449457586176
1522631279602286595
1522597729691738112
1522577690175459330
1522300071185895427
1522300069709598724
1522300068015050752
1522290036988944385
1522267379107078144
1522256704569757697
1522256702778875907
1522237787130503168
1522205505925566470
1522205504537247745
1522205502024912897
1522205497033641986
1522205495548911616
1521938329247358981
1521931228961779723
1521902474814132224
1521872024297115648
1521843274822037504
1521586575733362697
1521545953358061569
1521467172656226304
1521249720756228100
1521245739019501569
1521234439149400072
1521159163740659712
1521123376798052352
1520926041006477312
1520802729014140928
1520502248450797569
1520482201917440005
1520146861293719552
1520118218450513921
1520093059283062784
1520030528904339457
1519802660303560711
1519789300572848129
1519757843204694017
1519726386067480577
1519695180655300608
1519675797103071232
1519436229732831233
1519413574698819585
1519388089092870151
1519360793048928258
1519343576957833217
1519298746483363841
1519059743821770752
1519028541110820867
1518998339081019393
1518968150934568960
1518941901944143872
1518726556377571330
1518700743821348866
1518674706236272640
1518642493914591234
1518607273307824129
1518256333585272840
1517928843687956480
1517640352399863808
1517594337563103236
1517519092273586177
1517491418654253059
1517282784418557953
1517267181616128001
1517246819218202624
1517228094884618240
1517194585361063936
1517160521858007040
1516854212772057090
1516801154595921931
1516778481694220294
1516566816620900352
1516522025099087874
1516499762366795783
1516480605705457668
1516435125738905603
1516413554651537408
1516148528661372932
1516104772473999370
1516068720220819456
1515742132870418435
1515379493434703879
1515319864185040902
1515087572040667141
1515061910487674891
1515053847550513159
1515002816930136072
1514762761691185157
1514713463448297474
1514685304489197584
1514633064726597632
1514616104684978177
1514418200313839620
1514380262372741129
1514334811363725318
1514296848282013699
1514292261877694469
1514234831579881478
1514018801834201090
1513983881963315212
1513939960155545603
1513889290610253832
1513664417237553159
1513646909210210307
1513616250152366087
1513581767923486721
1513571329013948420
1513555978003701761
1513520532620206092
1513258769110736905
1513199629524869120
1512867948582555664
1512521461575081985
1512504727531106307
1512495146423701517
1512457958998876162
1512424092745490435
1512183336885751823
1512172170939666443
1512135522394722304
1512132890448084996
1512112979524870144
1512093721910722566
1512058095630958598
1511820735844696067
1511814754481979396
1511792479007387651
1511752091634651144
1511736152650301443
1511701054907420678
1511462740208111624
1511448598034014208
1511418396033921034
1511403297348874243
1511383388619423746
1511344856366526477
1511117883421642756
1511061658906603522
1511047700153716739
1511004663507820559
1510656874915323912
1510248936941961227
1509915995204460544
1509885795162898439
1509647976754339843
1509624824406196224
1509613248122785834
1509599658636677132
1509522651030634502
1509287854072946690
1509283575572488192
1509274268542005251
1509244068387180544
1509213869989789698
1509183671831613446
1508971137631461378
1508956274788122629
1508921587210555397
1508911876322725888
1508861787885735939
1508851485819359238
1508821284481810434
1508794516026925060
1508556338443571205
1508520296461975553
1508469363392892934
1507829174421135369
1507828819394240513
1507768702397300751
1507765687783202816
1507765156444520458
1507497282534584320
1507456792460201997
1507449310400679946
1507404377304309760
1507392356554784775
1507379873307926534
1507342371079471113
1507107488788725784
1507076029797609482
1507052655897718786
1507046719074283522
1507007117248528389
1506999777195556866
1506992007180394500
1506741765306474496
1506738304846229505
1506732960967544836
1506722953332932610
1506702319693582336
1506683617585598469
1506677403636015104
1506658993602797573
1506625197692100613
1506376923173343234
1506345717853425664
1506327598078599170
1506318826287345666
1506311995196272642
1506277266623410176
1506256986802950155
1506026363114774529
1506011011811262464
1505995660784328704
1505977647121240070
1505975550195740674
1505956905579171842
1505928708774899714
1505896819221487619
1505626981370503173
1505319586324963332
1505315009596899329
1505264341779554305
1504945195896520704
1504931901521367040
1504901450782019584
1504871251684298774
1504835030031417346
1504819969988648968
1504563223688794123
1504536674818158607
1504513433294839810
1504501534306054148
1504487729228247041
1504482909100466198
1504458174136520705
1504231038561697803
1504200837324849162
1504170641544691712
1504150410105393164
1504126652124704778
1504090528341766144
1503853546801975302
1503839472001200138
1503833664764854273
1503822592024756235
1503812022340792321
1503796419387305985
1503783117664006145
1503755399970779136
1503734962226352135
1503526138479480832
1503490683990118404
1503410586499039243
1503391768846479366
1503389116142174212
1503127250786471944
1502749460245487622
1502439190734192640
1502390656836280325
1502380888767746058
1502337768290197506
1502290921295171587
1502124322248351765
1502051467338858497
1502048339436711941
1502028416375218182
1502027320101589002
1502016863882166273
1502006123112636428
1501934850600624129
1501927043130445825
1501762069938454532
1501694870817325065
1501679227107778561
1501662615508037634
1501649021567266817
1501622021318483971
1501621062630612992
1501618829192929281
1501597357489725445
1501569543688409090
1501339987358502912
1501338318969135107
1501332855967866883
1501310829727305731
1501300789779783686
1501280427172151300
1501257506965889032
1501225009716424710
1501209560845107208
1500954443004747780
1500939347742318592
1500922784347734016
1500898369283178505
1500869434612883467
1500840642968231936
1500558836091944960
1500211296205160451
1500181097128284167
1499841650440429568
1499805136906076163
1499774452002955264
1499760367999852547
1499513837070041094
1499492057383067656
1499489901305335820
1499482997296283665
1499462353309552645
1499449275264028674
1499428057555386368
1499416046800883713
1499409562742542346
1499398233415512079
1499162503145832452
1499139114377138178
1499137252915654657
1499105622616424458
1499085689987682306
1499050828036034568
1499028502728880129
1498866696916029440
1498866695863209985
1498866694818783236
1498859299006820352
1498805809949650953
1498802696186470401
1498786955835940865
1498753042707103746
1498723742310092801
1498700655862726657
1498691280624394243
1498668631684694028
1498462401997545476
1498440829526024201
1498418798373875712
1498401380901560321
1498398196367872001
1498372878273814533
1498368655251447815
1498359318613213187
1498338455499071493
1498330906347458567
1498322927078584321
1498322671783886856
1498317962893217793
1497995064987037705
1497995063745413125
1497995062394998786
1497995061132333058
1497995059551166464
1497995058032910339
1497995056715911170
1497692953501908999
1497666024744755201
1497654669815996421
1497650469669412864
1497646695487840257
1497618560817922048
1497363569557442560
1497328512650285057
1497314162841559040
1497312217808740357
1497276909994000391
1497249648804864018
1497249645801574401
1497244219144089606
1497216793835933697
1497027633904766981
1497027631056932865
1497027626552250373
1497027620760096769
1497027615353454593
1496929841437941768
1496924057710866435
1496860560700416007
1496831984580141056
1496712891944296449
1496691051796512768
1496651180008738817
1496615268264595457
1496610917655756803
1496610916074409991
1496545894333779968
1496494393603338241
1496252266831097863
1496234179654205448
1496215214899048448
1496184512643887105
1496169162078629897
1496155699767910401
1496124861307146242
1495564723361878016
1495065641098702853
1495047698201952262
1494803462902755332
1494799023177453572
1494758779300331520
1494731801734098953
1494699916446343174
1494442585351499778
1494432402168586241
1494426294360100872
1494408813583077383
1494401429146152971
1494401426986094597
1494373076523372556
1494365364603572235
1494365361411604490
1494365356332404740
1494365354264604675
1494365348312846338
1494322634187849728
1494077132552785932
1494062968505524233
1494008682476040193
1493982754836418560
1493969582364798977
1493755005119041542
1493713037580279809
1493705916071481345
1493674844520656897
1493648552630890497
1493633356218744832
1493626143748104199
1493590387864313861
1493344549732765708
1493336423474286592
1493304504355364865
1493299580544430084
1493283900990410757
1493253713472851969
1493224182020288515
1492943879108284416
1492599827892473856
1492257136059027459
1492255160621539335
1492196742443544581
1492166541231550465
1492142270950346761
1491933080889835534
1491919836993265669
1491845068537446407
1491807924662018050
1491782587563622402
1491538989689585669
