1534685876399362049
1534641441095434241
1534616527613349892
1534571748607373312
1534563216273158144
1534559577257164806
1534541289869516800
1534535498919706628
1534534841018068992
1534352431722668032
1534329365630275584
1534257315725049866
1534249391665577984
1534235039944396800
1534166846701699072
1534149464595877888
1533963779876261890
1533946185630851072
1533863019360489472
1533852526738546688
1533820460558843905
1533803445454610434
1533636022059380737
1533599889686466563
1533599884233809921
1533556722832392193
1533547056710787073
1533443716798902273
1533437656926920705
1533430138733568000
1533237669744062464
1533178017811513347
1533169314630606850
1533121906458742787
1533110517061103623
1533091368733646849
1533081702532149249
1532878935335309319
1532822803233357825
1532806873510039553
1532805325706895361
1532784422868733952
1532762901580288000
1532721144150769664
1532527437711556608
1532517404927991819
1532508062631837696
1532395321086685184
1532384329917243394
1532384328449150980
1532357899590283264
1532356956723326976
1532350765280415745
1532162340321382401
1532115851121414144
1532061057757372416
1531993215179673600
1531978069061279745
1531791260482248704
1531706592550436864
1531630589794729985
1531428342020415488
1531304392669941761
1531263392513761281
1531255294352834562
1531068091559444481
1531068086606077953
1530966828540997632
1530933242114850817
1530925667856031750
1530909638593585152
1530702791458623488
1530556796556935169
1530548242395578368
1530541660135993344
1530344930757025793
1530300741008691202
1530247393320607744
1530197122569617410
1530196857422487552
1530178089505984513
1530017428968710150
1530007298063597587
1529989833657143388
1529978127321124866
1529952303133990912
1529948339537600514
1529895777904074752
1529869184934547456
1529825570762022915
1529816936154116101
1529800688565460994
1529629455509078017
1529623861188231168
1529620277994442755
1529561218717044737
1529556874894487554
1529543754465562624
1529533749129510912
1529441053970939906
1529431277664976904
1529270358871793665
1529269519067267075
1529264685169659909
1529262821539725312
1529211945693364227
1529209868493549568
1529187667329564674
1529149723256430593
1529149718063874049
1529120685238497281
1529106883839139840
1529089966755684353
1528898209174667264
1528861211575861249
1528786630034743296
1528742804238761984
1528731215636926464
1528562952856535044
1528528036534034432
1528528031920316417
1528519775198101504
1528481378689490944
1528391207994511360
1528166239209766912
1528090727724597252
1528083786604466177
1528026760448819201
1528006558507991040
1527802381588652032
1527760632573054977
1527745477986471937
1527740033645658113
1527740025294704642
1527727925973360641
1527710088428912642
1527638097369890816
1527439299326664708
1527386464354328577
1527326674253389825
1527308151095103489
1527296635448897541
1527259974967099392
1527110564576632833
1527107162643828738
1527078903633825794
1526993850618740737
1526959308524724224
1526943195971694592
1526932835117973506
1526929630850076672
1526723600430006273
1526674518630187008
1526650807164276737
1526629603191754752
1526587027143237632
1526572859535020032
1526561384342999041
1526363339340886017
1526352566103248896
1526310814533173254
1526301775053131777
1526281831930372097
1526268911318093825
1526258117155102720
1526246162466017281
1526233794348568576
1526213621843369987
1526212302734770177
1526203942106955776
1525994761059979264
1525994755540262912
1525633753346973697
1525627747757858816
1525615283452493824
1525615282521268225
1525587825806172163
1525568788346830854
1525536465459073024
1525526487532806145
1525482834856660993
1525476170929688577
1525269194606006272
1525196932834017284
1525180711090769920
1525157830105374724
1525157825529405441
1525149084553732097
1525147216356179970
1525103586341945346
1524938749162954772
1524911787547799553
1524895079411896322
1524867230328143873
1524746032285949953
1524568501867929601
1524540164525203457
1524533576141836289
1524514020220456960
1524506911177162753
1524422804447416323
1524415254339465217
1524405235418021888
1524392654951305218
1524377522846285825
1524362858041167874
1524211186220343296
1524178022571589632
1524127224970067968
1524100611255541761
1524100606029443072
1524091053300756482
1524046655380676608
1524022661348745219
1523847489245360129
1523817710060290050
1523749214517268480
1523694466057465856
1523671383649124354
1523657542554963969
1523458155606208512
1523453795916607488
1523453792045346816
1523363172026970112
1523351622956445697
1523322544085946369
1523302579790176256
1523295266878947328
1523090985651167232
1523033048857473026
1522974320808820738
1522942088391888896
1522736316051513344
1522727926143270912
1522711623550615558
1522664615913607168
1522581371780313088
1522569792766545922
1522559272986550273
1522387103975366657
1522372723971923969
1522366221915770880
1522308845275648001
1522305225494777865
1522290645955661824
1522243203432423424
1522242964294094854
1522232359671799809
1522212554553970690
1522003179440910342
1521942312795914240
1521918789394251782
1521643475300671491
1521605520041418752
1521588078682554368
1521555984753303555
1521527136812683266
1521334310053335040
1521322449756958720
1521285930639839236
1521278632009908225
1521249899332915201
1521248045618368512
1521238242946957312
1521215717156298754
1521204437246693379
1521164092580503553
1521121288114393093
1521114043225944065
1520916619861577729
1520916615902248961
1520831256908468224
1520817330191745025
1520817325716480003
1520776990709751810
1520759644196679682
1520581876305608704
1520549428351967232
1520508374999252992
1520201678607290368
1520196358724104195
1520113189945499648
1520064713060765696
1520044778699771904
1520031606701973505
1519832009568583681
1519818109800136706
1519816680628760576
1519767642277613568
1519709021820923905
1519679503550885891
1519679284327165953
1519670177184501760
1519650594348277760
1519468542298660866
1519448274222071810
1519398742113374210
1519398737273147398
1519309657256378368
1519106662841389057
1519036845778247684
1519004866517086210
1518995413478555648
1518981637777801216
1518980790155104257
1518957558337351682
1518957553765564417
1518941789822107650
1518747694025555969
1518738917511544838
1518700056525914112
1518684068124274688
1518676305897795597
1518666678439141376
1518649221074857984
1518649216242962432
1518636534328606722
1518635914628669443
1518630368626233345
1518622739241832450
1518581750166962179
1518380639174774784
1518380632535093253
1518298303208828929
1518260207356366850
1518226368206716930
1518019527614808065
1517930071427801088
1517930064012271616
1517907496748433410
1517862638767718401
1517654665663598592
1517594675997257730
1517590124305043457
1517575764723572737
1517513592932814848
1517496250169536516
1517490174032232448
1517483728628498432
1517322902718267392
1517291576300605447
1517203007217274888
1517194378984542208
1517179054981632000
1517165178865033217
1517139055175094276
1516930022312972289
1516859812931383302
1516797489919242241
1516768572630089738
1516563545143402498
1516522609562865672
1516522085086072837
1516507022916792326
1516489796335636481
1516463881526431755
1516437538269020169
1516423973491380231
1516417180174364676
1516205337044467712
1516166483423997964
1516153786808610817
1516083572431638533
1516048584138973189
1516043411098382337
1515861484240351238
1515852738105536512
1515843216762937349
1515843212346335235
1515675249081204745
1515671938114670592
1515488637756051462
1515324490405842945
1515118873833619459
1515084251523387393
1515029392879144966
1514971096449265666
1514970864449691650
1514766020396867588
1514762058650337284
1514707469787975683
1514654494751170560
1514612080036352004
1514423438571679747
1514398821979144193
1514304607073312768
1514288857189171209
1514265622309396484
1514251435290017796
1514234655511306241
1514031259466539017
1513962700526739461
1513945731559735296
1513881616833290247
1513866033584553987
1513672763273322507
1513585257731219465
1513542559607492615
1513508908303851520
1513310110701006851
1513310106770939908
1513193599202115591
1513160967261245444
1512943488534466560
1512830586716569603
1512792827033538566
1512583618136264709
1512525260939317253
1512505591582892036
1512455807299993601
1512417360237453314
1512406241997377537
1512220936816275484
1512209708194705423
1512132732410814468
1512120729810227208
1512110821203140621
1512098293509242898
1512096375516848133
1512063805093658627
1512058590500212737
1511872828462743563
1511859843577135119
1511844980293263362
1511844979467075584
1511776076258811915
1511769067484598272
1511742834822594567
1511694242132934657
1511513731301351424
1511451715815583753
1511370500433489926
1511365691135377411
1511357014051635203
1511338385285300243
1511326129906491397
1511138473641758723
1511080318874406921
1511064375418888198
1511056339459579923
1511056338167775232
1511039699250716672
1511010608451260424
1511004089970311178
1510999423391875079
1510986923657113602
1510965477253730306
1510769614799654914
1510769610697621505
1510662992802856969
1510609052455292930
1510425402048667650
1510387713005993987
1510369274539429900
1510353626476122112
1510248823544815622
1510048687975809028
1509964616952078339
1509964346499207168
1509952396776071168
1509945309371285506
1509931367525715970
1509908478969753607
1509886225863397379
1509882778460041225
1509682418902577153
1509674721733976072
1509651693444734985
1509631206081675271
1509617287770345476
1509582706547601420
1509577881558695939
1509577876844302336
1509551029062455300
1509525636536225795
1509516688731090944
1509320047524732929
1509319937336217605
1509229918537891842
1509229917476638722
1509229914964307974
1509225040180613128
1509199297010671622
1509172878222237700
1509156858887651333
1508959673453588480
1508845859747905543
1508835838808973321
1508803155936649231
1508595322251010051
1508480964082688001
1508473761837813764
1508430860684611590
1508234606381875203
1508233007030845443
1508233001901170690
1508225835630833677
1508185369426251785
1508143816540364805
1508096843028254728
1507871122586488832
1507848087859040263
1507836053125840902
1507816929100238850
1507807953168052224
1507802120560549897
1507765486506889223
1507713481121964033
1507532467242217477
1507529647331889152
1507508419183484931
1507454810412437507
1507454294131367936
1507432142183276549
1507416606477008907
1507375947946864649
1507362317306146816
1507346991629672458
1507149271560298506
1507145961021263874
1507100756616355847
1507099326966898696
1507075340878897157
1507069792158720019
1507061862260776971
1507041861491433478
1507038963898490884
1507028767985831937
1506981405775077377
1506783567967313926
1506770934404952078
1506734467586699320
1506720647136911367
1506689258937110528
1506646574788755457
1506641341417234437
1506627715507576833
1506619065116282882
1506608781672816648
1506448364946313217
1506447112078299138
1506439801226117121
1506424700955762689
1506371814397784077
1506358067293831172
1506339561915432960
1506279488438644740
1506273360862486530
1506263264300314630
1506062573686435844
1506005398482034702
1505961122087718912
1505917928126009345
1505896091526520834
1505695780019097607
1505695701862424576
1505646613976469504
1505615654577229829
1505581584086355971
1505581455774261256
1505568904219082752
1505536082179465216
1505338114826452994
1505281693174882308
1505195349589250049
1505010675231379458
1505009154603245568
1505008986843750400
1504997261729742853
1504972105892442113
1504880600435634183
1504860195889065987
1504860081426509829
1504833813159059458
1504833394106056709
1504823290652770310
1504807403476373505
1504610120457674752
1504531865591504902
1504522966859661324
1504522785737093123
1504522630958915588
1504516381483614209
1504514773085564928
1504492298847109125
1504489986090954753
1504489406979313671
1504444576005824516
1504245968966979587
1504141872326868992
1504138801219833861
1504132147053010951
1504121512353222656
1504121269930844172
1504120780740874243
1504094208172384262
1503920928635465728
1503885332646871044
1503833743475290114
1503833001465110532
1503811449789071367
1503797175544958979
1503722656587210759
1503520803551432704
1503457292263559172
1503456658344882181
1503452165666398212
1503359674711748616
1503160553841303556
1503160404905709570
1503102708911329284
1503085758021869568
1503078387631509505
1503002674417090560
1502812953426501633
1502690817667907592
1502684169675149314
1502653078167773190
1502450526230831104
1502382638149087232
1502334214188027905
1502333729141923845
1502327496104103936
1502307420739182598
1502288618941030401
1502081942090567682
1502031887690256389
1502031102269173761
1501985725755150338
1501948243088867342
1501948147513249795
1501725019113672706
1501669886694731778
1501662347806613519
1501633554652008449
1501590379484913670
1501558734140628997
1501543408854315015
1501379756612362242
1501369785933877252
1501362245913169923
1501348514416189443
1501347971136475139
1501328489680490499
1501305561001836544
1501281866409672704
1501273982712090627
1501255977592659969
1501255840959025152
1501237369894277126
1501236754849964044
1501197824301666306
1501026176575361024
1501000097341005826
1500966864998088709
1500926424357687298
1500906905857933312
1500885221478211584
1500856735690633216
1500840472411099141
1500637634158370820
1500637546811904003
1500560916592664578
1500533931594207234
1500481269007855623
1500278974441738241
1500233873405399047
1500197026109210624
1500144004901523456
1500141522951577605
1500115955288059911
1500091162912333829
1499914398520991748
1499783511703789579
1499766764720246787
1499763380491624449
1499748920859234308
1499575048587333654
1499558224802066433
1499548116814643205
1499490416038715399
1499487910902571009
1499429285823762439
1499400535153131526
1499400011209080840
1499385053129977860
1499188308882214915
1499139925593235460
1499131882000326673
1499123926651359234
1499069183300186114
1499031957933641733
1499015030754492419
1498855340510695428
1498843111929360385
1498832436054081536
1498827428520775685
1498819583595196416
1498792002586091525
1498768893153792010
1498766029681528835
1498741869450301440
1498708857438318604
1498684498929762310
1498684269685874691
1498672392368967691
1498671616271728640
1498659402592698369
1498463935820972037
1498396816093728778
1498377753900507137
1498362272913186818
1498304887523786753
1498294584761323531
1498100891097960458
1498100803910909952
1498076044426944516
1497991986191777792
1497984677746982920
1497947729426796551
1497805096754819077
1497746744901349376
1497718679886254086
1497674578281308171
1497624773765087233
1497587256013430793
1497562389226602499
1497439824600461312
1497377821559242754
1497361178997272577
1497360957504319488
1497320172650172418
1497249683139407873
1497215493962272771
1497210727966388224
1497013934880034839
1496983551447040002
1496971476360175628
1496959795768840217
1496922801994928130
1496922315958980613
1496873437809319944
1496862655256182788
1496714805973069830
1496707650339459075
1496697978651910149
1496696503477444609
1496673152746807301
1496650953889624064
1496604214176456704
1496603259271847938
1496589916742029312
1496585252264890371
1496540909550383107
1496495960217825281
1496289511080448002
1496252135087951876
1496231082563444747
1496195654854627333
1496124809687797766
1495931465179320323
1495851877388496901
1495838554961989641
1495768018487443456
1495758239190892548
1495757777691680769
1495579352070856708
1495579214980034565
1495466399648600075
1495203309342367747
1495113865272647681
1495041190454046722
1494875937724411905
1494787808518627330
1494770396868001796
1494755708885213184
1494749486731644944
1494743571093729285
1494680440422158339
1494478780525682688
1494477095250104327
1494441797501829125
1494410598121185281
1494399888364347401
1494382486234796043
1494114560114053121
1494104869409538049
1494052715168780288
1493979434600251401
1493949936530042882
1493752012307001351
1493672118692757513
1493648540148584450
1493599934846808069
1493389893912993796
1493294092238872582
1493271704755478529
1493218897738158080
1493036850595999746
1493026582885277696
1493026508977414145
1492927465534197763
1492885273096511489
1492666196667531265
1492645556082118656
1492548513359618048
1492515870270234628
1492485192358969352
1492484950976774147
1492302531275497473
1492209784707289091
1492180384934776832
1492127125821874185
1491944873481625618
1491941521041547270
1491815974546329604
1491781073998651392
1491771483663835144
1491577717749391362
1491552737204613130
1491541965313355783
1491536444527157249
1491534786590035969
