1534671232729227264
1534632199185629186
1534611162519715840
1534553671039688705
1534501263756386307
1534478393051316225
1534472409448849409
1534472194235015168
1534002760726757377
1533862924812435459
1533776499727376385
1533625837764988929
1533616501944623108
1533573990077300741
1533570390856982528
1533568972838391810
1533568514711330817
1533177880817111042
1533030699317567488
1533030415656706049
1533029802608930817
1532934926126960640
1532934837237063682
1532904774206689280
1532758269160194051
1532756941860134913
1532510160089915392
1532408212166778881
1532090112720478208
1532080869908787200
1532080195875766274
1532080002900054018
1531982616135704576
1531796516280705024
1531719291690749953
1531419880653828099
1531419202371854339
1531418634375024640
1531027361826754562
1530968663246913539
1530911959918514180
1530743882165665794
1530298017085116421
1529654864439025665
1529273596744540160
1529262144730152960
1529261600372412418
1529261583892979712
1529261534408495105
1529256278366765059
1529221432193990656
1529178927742259200
1529100787858780160
1529082411912413185
1529080506238787584
1529074482991796227
1528860081869438977
1528835657895923713
1528805849774407680
1528782934588760067
1528778359253123080
1528775396463984640
1528756681303375874
1528756009375830017
1528755528968679424
1528711654799814659
1528707621557096449
1528518467556720640
1528509035871449091
1528476140825890816
1528457730217889800
1528455149848604673
1528434118782078977
1528432404637138945
1528432339801497601
1528414126464172033
1528406589044056064
1528406318981292035
1528362486759555072
1528343604007141382
1528208895809884160
1528168037991469057
1528151925186871296
1528148345016958978
1528126278884368385
1527883624032391169
1527883478620045313
1527853752585228289
1527851486083964928
1527850858007896065
1527840447774744578
1527755392142417920
1527733889967476746
1527713551258947586
1527656505612312576
1527655462669369347
1527502998435504132
1527487666920599552
1527383263504781326
1527382299158859776
1527326565641486336
1527308301167624195
1527307708008804356
1527306609936207873
1527306294805557249
1527155421408026624
1527148980056035329
1527147923938713601
1527144364916490241
1527144141829849088
1526658124781957122
1526597643203387394
1526404624047022080
1526226588018286593
1526178198454673410
1526169596092469251
1526168120699899907
1526058745167548417
1526058250042585089
1526057703000383494
1526045066212556800
1526042546325028864
1525925934951714816
1525820420687110149
1525811594797662208
1525806436516765702
1525693265449721858
1525693160650858497
1525692831330971649
1525599331960635392
1525570266000130056
1525566079459807232
1525552894564499456
1525550993362112513
1525550106090553347
1525549910967435265
1525549748874354688
1525531066399920128
1525506870835748865
1525506661787516928
1525485643882713089
1525369951808364544
1524757906528382977
1524710186841223168
1524602805616619520
1524591596318171136
1524590557640773633
1524484977819271171
1524346456307638272
1524240386138554371
1524238527810134016
1524235427879739393
1524131476786319369
1524130874484269057
1524127891654590465
1524127392800854018
1524049486670176259
1524031486692896769
1523987592856940546
1523885592534261761
1523884639022198786
1523871931451195398
1523857417787912192
1523857050656292864
1523855138821222400
1523847643742490629
1523791386457243648
1523778045038923776
1523768704445521920
1523482456930013184
1523452677174497280
1523449499242614784
1523449242387329024
1523447792722903040
1523434470941937664
1523434038702141440
1523422377774022656
1523420905795649536
1523374850928091138
1523374783685337088
1523297028721332224
1523294025939587072
1523158629901570049
1523144489484791808
1523138497036447745
1523137908193988608
1523137579574456320
1523090935080382464
1523008215562309635
1522954821866766338
1522953286961311745
1522952766888493061
1522951811489054720
1522950345558798336
1522950052385366016
1522947099427581954
1522944134197170177
1522408360452239361
1522365323999162371
1522312757411987461
1522304880131588104
1522256701763858432
1522256697372430337
1522223569048064003
1522158969749397504
1522035424184705025
1522034091834724353
1522032927600750600
1522024064163926017
1522015523327913984
1522015010054152192
1521950639110172675
1521949944248246273
1521945136036524032
1521916441309630464
1521831110019321857
1521827664327323648
1521661851838386176
1521653999908409346
1521632937678102528
1521608665438035970
1521607591796817926
1521603986394124291
1521566312702656513
1521519530887073794
1521519313391435776
1521473732535107584
1521354498538721280
1521348757153107969
1521317395595472897
1521289852133822480
1521238152895213570
1521188112801673221
1521187897025740800
1521096876828860421
1520928869435457541
1520925592568356865
1520921998125375489
1520921367981477891
1520920195879129089
1520889676520960000
1520877115742244868
1520863068594610181
1520862970414350336
1520820316922167297
1520765728642805760
1520764100816551936
1520757505034498048
1520757183297822721
1520756640697495553
1520753961048887302
1520753173102833665
1520751292855074816
1520750932086206465
1520749636608217088
1520741691145302018
1520597368151977985
1520591111932239873
1520448237089574913
1520268441600548865
1520266428435378185
1520252454327095299
1520248881035964416
1520243126278914048
1520240819382681600
1520122308471533575
1520121036229992449
1520112621013413892
1520022125586878468
1519528401186480128
1519376097586069504
1519372115451031555
1519158217833697283
1519140354305536001
1518665698515595264
1518392788928315395
1518389927683276801
1518380933019324417
1518380916317605888
1518380895631298561
1518344934914498560
1518075907990241283
1518067989559533570
1518067391753822209
1518066845823254529
1518065950003802114
1518057290506637314
1518056108446953472
1518033286815260673
1518015484637106178
1518010145288212481
1518009737366937602
1518006769037029376
1517921205705129986
1517918659603218432
1517867799963709441
1517839787729817601
1517828626720473090
1517730130659053568
1517662916882976768
1517460696870662147
1517455960633192449
1517360092848566273
1517359992617242624
1517318041826123776
1517115808358572033
1517003034919907328
1517002532572250113
1517002096549277697
1516807629485580297
1516807267668140046
1516575440881827842
1516575366877528066
1516573299886678021
1516571416895889414
1516570690954092546
1516473320761434119
1516436521477459974
1516258209425674240
1516258084016041993
1516256818632314883
1516091043292364805
1515530445227794434
1515530220559872002
1515192260945756164
1514785659029843974
1514785141662445586
1514784186506178573
1514782178638381065
1514770565747273732
1514770520515903500
1514770491952668675
1514770455986466823
1514770427498807299
1514770386591760391
1514770307126480904
1514770275581116423
1514770240495710210
1514770223890501638
1514767902456512515
1514765571740499972
1514764152878772224
1514715429532586001
1514715023247122438
1514714990372175881
1514714947435040776
1514666350630907909
1514659560333758466
1514657421846880263
1514656569157472260
1514641188317446146
1514449126251020288
1514428354484703233
1514415477833056256
1514395795205808129
1514368339962961927
1514368338167750665
1514367883207393281
1514298119739121669
1514082294499319820
1513972234855006209
1513923191030394888
1513887596182753282
1513664839041888262
1513658342627061776
1513658303984947203
1513658262381637632
1513374713262784520
1513374242410319873
1513373023776169989
1513371650141691905
1513371600976031750
1513370904331436033
1513312840337313792
1513312787656855555
1513312732631740421
1513312704932593671
1513312642936545285
1513312575278231552
1513312498975391745
1513312481950720002
1513312233379573764
1513312217747361793
1513312202891177988
1512874973748158468
1512253556904108032
1512123194907496457
1512120058025328645
1512034554487443457
1511916847217754112
1511915224395362304
1511907641618055178
1511891718890733571
1511741518943506438
1511682642185437194
1511409147664818177
1511408465670979592
1511396614111387656
1511145396705316864
1511145288685207555
1511106355385483265
1511085086929739792
1511084684415021062
1511083974516432900
1511065646905319427
1511019216727678984
1511018807707545607
1511018749905801223
1511018703370006528
1511018394312753158
1511018344199204873
1511012886289817604
1511012410915704836
1511010141306560515
1511009812166938637
1511009376139718657
1511008936174010374
1510973235164241925
1510831425314078722
1510831139153403906
1510789294377639940
1510630131315978249
1510593891225018368
1510242781230419976
1510138877390041089
1510027466810839043
1510027423630385156
1510027382899589126
1509933741594062854
1509906137654640644
1509744950136741888
1509736492905730051
1509699423793725447
1509522776922673155
1509360355004358663
1509359555955863553
1509256211635576833
1509247169701859342
1509246759377293323
1509182355973496834
1508951466911932418
1508951437757358081
1508951388214210568
1508951317926256643
1508758604396085252
1508757834615431172
1508749399341641733
1508747958925336581
1508655105884803074
1508653255760527360
1508642398057992203
1508543493123284996
1508529732857614344
1508527306914074639
1508526873202114560
1508432538922106888
1508424755455610888
1508424355293839360
1508423129365946370
1508211352111919109
1508184258879365132
1508084696785330186
1508084591214661642
1508083665968021508
1507820291178827780
1507777305946599434
1507507726959665154
1507364509735866373
1507208443689684995
1507197455049318403
1507195685774532610
1507057479825465359
1507031120310902789
1507005140598870024
1506988856910000136
1506987885207207946
1506818890331996160
1506818372561948674
1506789026556256259
1506785372222668800
1506785330392977413
1506785291784400897
1506367152403763203
1506035463873835015
1505752731058855938
1505750904024219651
1505725700376039424
1505724490151604226
1505665862526775299
1505626556718362624
1505558656263274500
1505406446304911364
1505398966787137537
1505380778959642626
1505256194881036301
1505223417901076483
1505000236229476354
1504861011836289028
1504653349462978568
1504650701913346050
1504623574312759304
1504603538755928067
1504190149479088138
1503908447917682688
1503766125242458122
1503759805051199491
1503569506433736711
1503554898012651520
1503552939557855234
1503525752385458181
1503525356111806468
1503524443020271622
1503499170346418186
1503498389446610950
1503495367429607432
1503494468128944128
1503494268656230413
1503493832146628608
1503493333968117763
1503484807275331586
1503484087977361412
1503484073284718603
1503180904826613765
1503080581655154693
1502824675885338627
1502770634639745025
1502733586235015172
1502728541598883843
1502685381598367746
1502663513415761922
1502657136500912134
1502377685196099584
1502369025040523270
1502351866222583808
1502351093459783680
1502298204485869569
1502282278474502144
1502281916539711491
1502166701936287755
1502164999959027713
1502141575366905857
1502066265279586304
1502064000300982278
1502034782590586880
1502032854053801992
1502032434623389702
1502032072008945666
1502031388652015627
1501988959496384515
1501988924394254344
1501988910720851968
1501972345375842313
1501941212516737033
1501940540899610639
1501940458380922881
1501927030962765825
1501920263407079426
1501915799052861441
1501915746267504643
1501915681050271751
1501915605997441031
1501915563752398856
1501915542365560844
1501915467086282752
1501915410744197121
1501915259753353223
1501915221790806016
1501915145412427783
1501915091322961920
1501914900721029121
1501614577510932486
1501612939694034950
1501612900129153025
1501578206809403398
1501541280660262918
1501536281368698883
1501533269615120396
1501410846890676226
1501399111387521025
1501396750300585991
1501396673255387138
1501394828998979590
1501394703983468550
1501368209206915072
1501344016146866178
1501331961020882945
1501331578827554817
1501318408805265417
1501317604471885825
1501317583294898184
1501317561367080961
1501317516139929603
1501317462268076035
1501317410673999879
1501317332651675650
1501317234156843010
1501309752541958151
1501309076818563074
1501297418419191819
1501243397209788419
1501056803819380738
1501052704147357696
1500967044367462408
1500947397970694150
1500939501975347200
1500938768383193088
1500935326075957251
1500869547594862595
1500856247704244225
1500802294732009472
1500800038221529088
1500799455506972677
1500708770804113410
1500701386731933698
1500700366635163649
1500692946169081856
1500609028996616200
1500608870737133570
1500608788826669059
1500608326152986631
1500608058833125380
1500607289543299073
1500589345438322699
1500589089413898240
1500553371664670732
1500496668684394501
1500496119402487810
1500494637424910343
1500338464839061508
1500337380657713152
1500337322470031361
1499936035664539649
1499935292727472130
1499918089315667968
1499917686272188418
1499913000999866368
1499847851551170562
1499823169678495757
1499821748778328074
1499815901578805257
1499815365945212929
1499815128669331458
1499814861747937286
1499793004508364802
1499792541654437893
1499791627199655945
1499790784987602944
1499753694455345152
1499753305576296453
1499744810340659204
1499744430319939586
1499742692431048711
1499557389846163481
1499556309619945476
1499555538455212061
1499535865219006468
1499513230389092357
1499510651701665795
1499425918300958727
1499388322808012800
1499387540964769793
1499382206107639823
1499225498198724609
1499223953952358400
1499223536183005184
1499212684700565506
1499212319078952964
1499206663802617860
1499158266449903617
1499100203302989826
1499099876692537345
1499093556832747524
1498895908972503042
1498895335187533825
1498895262235910146
1498877632095875072
1498877440118214657
1498877364113137672
1498875452504653831
1498875413111754754
1498875373345509378
1498875349245083651
1498875324653883394
1498874418826817537
1498874402175340547
1498874280129581059
1498859922443976709
1498857033197658112
1498856498151268355
1498855973875863553
1498855772494741506
1498855580685017094
1498855286169288706
1498853878162407429
1498852745842933762
1498852722065432577
1498852665958477825
1498852616062836736
1498852576443387906
1498852500933328897
1498851945288810502
1498850964819824641
1498850364279463939
1498850218057605120
1498850133315833857
1498850032757485570
1498849866990211073
1498849637100363779
1498849596554063874
1498849556028694530
1498849477138034692
1498849093338206210
1498846521365872646
1498845790709723148
1498845670727471107
1498845623059202053
1498843227415367683
1498843217193848833
1498755313603911685
1498687361047273480
1498646735551442950
1498642096521195529
1498496903520083970
1498496639899734021
1498496225900912641
1498495838921887750
1498495556481658881
1498495504526807040
1498480575665037316
1498479867649839104
1498479620664004614
1498478281422688262
1498476348096258048
1498382888634667012
1498374820546945028
1498327157394878467
1498312552581046351
1498296677874253826
1498296271655907334
1498295689016659968
1498291056651218945
1498290653675073542
1498290450230304774
1498290410610991104
1498290124903358469
1498289455320424455
1498289217994166276
1498289106228584448
1498286820228014084
1498284654843121673
1498283359105175561
1498282940584935424
1498272214562529282
1498269356287053831
1498130542071533568
1498107242473787396
1498105673602715651
1498105335709638657
1498083066463416321
1498071162131300354
1498070943725498375
1498050497256767494
1497977866050584581
1497977643651801091
1497974900178497542
1497929328658632710
1497921797718786050
1497917833115807744
1497901919339229186
1497901713004580864
1497898633869635590
1497898420710912004
1497876175280033799
1497875590363373568
1497875236578107396
1497874919245422593
1497874473210556419
1497873113454989317
1497756280441741314
1497755185451520002
1497753873049698308
1497752722484998144
1497751469583478787
1497743571511824392
1497699422607654916
1497699348221726736
1497679969555779587
1497679316339118083
1497672758280572939
1497669757251821571
1497669082711212036
1497664579857440769
1497647773633679363
1497643606831779843
1497626154416721930
1497625672663117826
1497568518203711488
1497439013292187649
1497438693942038530
1497432271309230088
1497264775046311938
1497263440590741513
1497261182843039753
1497260796266651653
1497260259508989961
1497260059755257860
1497260001697710083
1497259641000149003
1497259611463766031
1497259587443081219
1497249159619002370
1497240275512696852
1497240007316283393
1497215342355132422
1497191311400706072
1497190905786286080
1497190292876898305
1497189968476839963
1497016700071460870
1497010071364014091
1496981665465483265
1496960336729104385
1496925996938895362
1496902192414052356
1496901054969311232
1496837926923038723
1496752185270542336
1496750737283592193
1496750413965668352
1496734701389852672
1496730064540557313
1496729617092198403
1496727247960653826
1496726175317639168
1496725070852546561
1496701161075847170
1496699134593703940
1496699117183062019
1496699080487149573
1496698950795112449
1496698009383583744
1496694761670983687
1496658465074434049
1496622842141679617
1496548867990564871
1496546890971811849
1496478021632548865
1496165278547333123
1496132196482138116
1496112085566173188
1496111797539160072
1496111585512853506
1496102334077751299
1495984150221832192
1495977841904783360
1495977787408195587
1495966953349038080
1495952470404648963
1495948569798393856
1495948268173508610
1495944465005092871
1495934623737466880
1495578800641527808
1495577701389942785
1495540882921119749
1495445494402891780
1495443619817340930
1495442794579742723
1495428715005845507
1495416540149305344
1495395073458163715
1495125904950976513
1495100348171755525
1495052817291165699
1494850482166243330
1494849376493129732
1494819408245579777
1494779525003157513
1494715079564091396
1494678596086116354
1494671116123709442
1494642878294986776
1494642792156565532
1494472869375524864
1494454068021977091
1494444472746270720
1494434717340508162
1494430928520761353
1494414801900085254
1494374358789378051
1494352128550313994
1494161681114664962
1494136078151921665
1494064431625555974
1494011484200124419
1493623752659283969
1493623703753662472
1493623681859346437
1493247913778102273
1492857760697962496
1492856164555665417
1492720643888066566
1492705231905468420
1492704574947348489
1492704497432514561
1492701145273405442
1492669757421719555
1492609242506928131
1492117610741309447
1492006654845624320
1492006511152934914
1492006399441842180
1492005581040857096
1492005062834597903
1491883143447601155
1491799368722124805
1491798591496593423
1491768399818641409
1491764207049707525
1491589816420646919
