1532768475654914048
1532454519870660608
1532109347110604800
1532059045338656771
1531769889135816704
1531299558998740992
1529914623058579457
1529214971959123969
1528093835502288897
1527781416578076673
1527700810645131265
1527700809143791618
1527401300895223809
1526994943901769728
1526948440592117760
1526600569690787841
1526309143358779392
1524893469063323649
1524858750326259725
1524816830799302657
1524539333532782592
1524499532574183424
1524405339604488194
1524169360943714309
1524144169236631552
1524107485962858496
1523801596978556928
1523715151597240320
1523694526568689666
1522647067960614917
1522365232101806080
1522365230793195520
1522320971557851137
1522278178688888833
1522278177069883392
1521973578500952064
1521943033939324928
1521933721951084544
1521618337939132416
1521175099608551430
1521170466240708610
1520141267480584192
1519713003196891137
1519713001351299072
1519073712301088768
1519073710661115905
1519015351698309120
1518687407482105856
1518687405846401024
1518621005035442176
1518253738456092672
1517673886694871040
1517527393371496449
1517204506370449409
1516923591161352192
1516896769942061059
1516863911630311425
1516805451324682254
1516552423501754371
1516528765605580800
1516190231820599297
1516152361395245060
1516152356445908993
1516119745472303104
1515710036567334912
1515335348955406342
1515111117353209859
1515111114379448325
1515053876189097986
1514980487562936324
1514759812633964560
1514605029495169024
1514376480012193799
1514348290002735106
1513909509705515010
1513631790321217540
1513580695943188480
1512567497202962434
1511761238178426888
1511725383829241858
1511476443905085440
1511406932644442115
1511157010774958082
1511067069684453378
1510401010316972033
1510030575867887620
1509940403344080897
1509917108561350660
1509683467738517504
1509624762082897920
1509585167668506628
1509296300067475457
1509223102802108417
1508957774696251395
1508933870120361985
1508897357005426688
1508897355562565633
1508587110953111563
1508522366619422721
1507783756735672321
1507456635060383750
1507120424999477248
1506814224219066369
1506741486787825665
1506704692402814978
1506348780752306178
1506348779741450242
1506285244068081673
1506062106956689408
1506020772212473856
1505990565082501121
1505922562995351553
1505028568715169794
1504936372003835908
1504857848580169729
1504607535541628928
1504593453031690240
1504574039460700160
1504556271319465991
1504258430306979842
1504155220170866692
1503871132935819264
1503496061469425665
1503409468578562049
1503396883418341377
1502397444381839361
1502332969792409600
1502056872194752512
1501980776019070984
1501719205019734016
1501719203870502915
1501694717238464513
1501664638173286400
1501255187742134275
1501255185179418627
1500992650224099332
1500992648617725953
1500952285559414784
1499904041672867841
1499904040485851137
1499796423923044354
1499516042191589381
1499201631836983297
1499079932135501826
1498871558965653507
1498871556994330624
1498800845931966467
1498724918912946177
1498474279037378566
1498377395924967427
1498377394440183808
1497322093209260033
1496616158174203911
1496272811261845511
1496272807537553408
1496225051200622593
1496225049694846976
1496167546760069121
1495914832238985216
1495866812126601217
1495089268049416194
1494707909174784003
1494707907274805257
1494447561234530308
1494318593202274306
1493996673143504898
1493737466796204033
1493695461571448834
1493369552758919168
1492574167840919552
1492291421956571140
1492181220263743488
1491932720817053697
1491876073109274638
1491876071511244810
1491832723840933897
