1534574077331099648
1534543057261154304
1534219861806702594
1534158732007030785
1533921162316636160
1533906914198753281
1533869028648931329
1533795418408116224
1533555653456936960
1533435604742045696
1533095674694221824
1532900477632974850
1532823267194638342
1532823265810456583
1532712754284470272
1532400835992248321
1532355678622343168
1532104564220039169
1532104559316844547
1532068424750616577
1531998635411529728
1531983185961156608
1531745760081063936
1531672029677727744
1531649464426954752
1531266466351284224
1531245841297580033
1530905772883955712
1530541020659818496
1530315618091778049
1530227008428560384
1530164464389173252
1529939287357243397
1529914286524485638
1529902312503791624
1529842897335599106
1529626576412979202
1529578068158910466
1529561582761562115
1529535409331613698
1529205674856660993
1529162336115695616
1529115594515025920
1529085013706293249
1528905925897199616
1528825809556979713
1528771094878076934
1528740593635041281
1528726810590052354
1528435548204957697
1528435545935953922
1528084155204096000
1528012742895947776
1527998039973036032
1527802859969990658
1527741853063434241
1527705836826640384
1527659124644782081
1527647905502400512
1527409528215568384
1527399321850740740
1527364341175296000
1527345867337760768
1527295704884199425
1527276759980310528
1527088275084742656
1527088273587306496
1527085854744788995
1527025513407062017
1527017753219059714
1526962852019556353
1526911520734683140
1526739760634597376
1526681322797862913
1526651213458116608
1526612235325521920
1526582158344822786
1526550113052672001
1526361459575357440
1526342359033716739
1526342357389656064
1526273459554246657
1526191021222150145
1525965897990606848
1525919237218390017
1525552335455494148
1525477131509280768
1525237730267086850
1525099012419997701
1524909235062157312
1524861915490668544
1524839434130182144
1524778807177138177
1524735619007758338
1524449228260618240
1524434713649295362
1524373771682996231
1524147271750668288
1524126403490463747
1524077654378528768
1524067384511844352
1524012654771245058
1523701831729307649
1523648990067277824
1523362094803992577
1523286601501184005
1522939306612072448
1522727919512170498
1522705266835439617
1522688862287384576
1522682620802387968
1522657928758628358
1522657927680647170
1522610594528088065
1522576034121584640
1522561997329551360
1522252225149648899
1522233187262517248
1522201339262083072
1522003909694345218
1521918140552253441
1521865365550243843
1521848695561596929
1521667756525039616
1521555424109027329
1521315827978543106
1521245073631072257
1521225227992190977
1521174518655561729
1521115852657016832
1520860836830621700
1520783462323658752
1520783460880769024
1520491812066140160
1520402594904092672
1520191202401964032
1520172841722859520
1520137052259500033
1520111990630498305
1520068345290178562
1520043767042088960
1520042704297762817
1520024713111785473
1519791642785501187
1519715984445222912
1519668712852361218
1519429726300946434
1519378645164466178
1519347517556678660
1519305416794066946
1519073843188420608
1519047491458584576
1518999939493335040
1518938876156555265
1518645894551416833
1518591015157911554
1518576196879101954
1518044011537260544
1517937414941069312
1517896086513283072
1517869354154700806
1517609191946420225
1517587794536792070
1517571438911365121
1517556498720862208
1517538821688209412
1517533699566235648
1517511039402876929
1517488401724764161
1517223820003885057
1517165732848619520
1517127272779685888
1516838992456519684
1516762250861809669
1516499209775726604
1516450604897517569
1516428394111582218
1516401109614706696
1516117045213077505
1516072508235165696
1516039979482456066
1515839740104355847
1515697575504093184
1515384247967698956
1515319702209318912
1515080013506387980
1515023012269068298
1514954056766304256
1514668582650658819
1514629190842298370
1514591080745947136
1514364454531739652
1514305095193739273
1514305093985832973
1514272555758231567
1514253222415896579
1514227494219567109
1514034796627902466
1513891391293771796
1513866515518570508
1513503573115605001
1513174622447022084
1512907372024545281
1512792453228609545
1512542678717804549
1512499264944893955
1512481228456607746
1512424441942265857
1512188473851232263
1512170648063336448
1512136437168320517
1512134260123226117
1512089294696902661
1512052578959466503
1511810085709832192
1511775694895861760
1511734929843003402
1511713667003392000
1511694152295194628
1511463694705864710
1511429010697428992
1511414247334502408
1511393850811633667
1511364630769246212
1511359233719156747
1511322603935436814
1511096680376061960
1511096679327584267
1510965420500701190
1510686068164681739
1510618123493326849
1510331230004211714
1510284653093076992
1510284652266856452
1510284650777919490
1510019052021895168
1509993808624242699
1509990489931530241
1509951327434125320
1509938789862551562
1509916560902823941
1509883674157801478
1509705407593431042
1509648885777584133
1509633514764972048
1509612066918780929
1509567307244257284
1509540050702417931
1509527102915239938
1509274882697310208
1509211058959007745
1509184247524909066
1509157207014785027
1508955172176908293
1508909345446285325
1508873653840228357
1508852662263074823
1508842999685558274
1508825842071261193
1508792208203436039
1508612981105516559
1508600321941151751
1508586899836911622
1508558255118815234
1508513655859650561
1508485952272048145
1508428485810917384
1508250561539416072
1508113799924129798
1507884154628808713
1507831988572635140
1507703689003388929
1507470777385422848
1507451805953044480
1507424206086197251
1507397093706637331
1507372991381921796
1507365597906153508
1507343820274479108
1507134102532669441
1507107128724578304
1507094014562082819
1507077288327847941
1507060364231458822
1507027996389130254
1507022795271778308
1506996221612892162
1506996220161626119
1506977638526734340
1506789261005230080
1506745098935013379
1506716188352696322
1506712068703010828
1506689068226445312
1506682491633123328
1506671995165065227
1506612959585476617
1506612958385868802
1506385279854198784
1506354126560673799
1506308472148738062
1506258892589867012
1506258891394461699
1506075568164507657
1506058097323909133
1505951763190403084
1505891979711840258
1505658277908123650
1505572273113214985
1505334940749213697
1505250250360905730
1505231599004180482
1505181186896928768
1504972997224026116
1504960331096989702
1504960328739823621
1504960325568942080
1504941521455525892
1504941519442268160
1504886723947421702
1504866261032964130
1504608527792320531
1504574547273478158
1504549299325124612
1504532878788595716
1504487389095366658
1504480022291050499
1504452662586220545
1504442437741207555
1504246134075625474
1504215941625700353
1504193633200787461
1504193631426547715
1504193285811752973
1504154570271899663
1504152444326010881
1504143450836402177
1504132236114898949
1504117660610703363
1504095334137536516
1504095332724006916
1504095331398692867
1503806233354153993
1503777890139262985
1503449433337442306
1503409392498192394
1503106321142452229
1503031508021485574
1502705990457827331
1502673819395403790
1502434194902945796
1502421714130636801
1502338807672279040
1502306760694157315
1502279960433676293
1502129471498993667
1502129470383210497
1502105579145289730
1502030442500866054
1502002798573072390
1501948525411635209
1501631453620224004
1501582775215955969
1501355241731764225
1501346410918203394
1501338241521176576
1501309044442738690
1501257012595810307
1500954702044925961
1500919086557155335
1500486371236098049
1500237218295734273
1500198680825061378
1499770193337368579
1499770192389414912
1499770191248510977
1499494832355647493
1499472319969996813
1499409338628198402
1499186928809394184
1499134116750635008
1499123474245337096
1499106434964987911
1499088949201018892
1499081778807648257
1498882188389007360
1498870666308771845
1498858242889424899
1498856375677591555
1498854594889330692
1498852969613303811
1498850913741590531
1498849449036103688
1498849301874810881
1498848296265207813
1498847482633244677
1498847275086487554
1498843820397576193
1498829755231215617
1498829718073880580
1498829690622169090
1498829357636272128
1498829271304966149
1498829178917036046
1498829159023452162
1498829050919411727
1498828955519959053
1498828837169291266
1498828733481902081
1498828514874777611
1498822176509677572
1498821725974413312
1498813746235465737
1498791718501634052
1498752045322547203
1498730063633731592
1498730007937617922
1498648906036613120
1498648788449349643
1498432080790921223
1498404407003734030
1498389136847290369
1498325253034061828
1498075448445706245
1497595466816495618
1497296091385053192
1497248878516654102
1497193271008895001
1496980330435198984
1496958316177731586
1496921105558347776
1496840504079699974
1496619147643531268
1496597404933672962
1496179924331384835
1496179922418769922
1495775319432720384
1495503532023234567
1495405380578394115
1495110941511278592
1495050551800729604
1495029100796432386
1494797040928362502
1494793852015857665
1494785574640795657
1494695703846682628
1494668975317336068
1494431467232907265
1494366030218645504
1494311069669638146
1494084560799346690
1494045052187910148
1494045050879229955
1494020196608135175
1493990996023070722
1493959542165680129
1493769224031911940
1493726705239875587
1493702004002152449
1493696646118625281
1493638990003683336
1493578714956845064
1493352041820917763
1493336816904286209
1493330228923572224
1493297931239272452
1493233488761430021
1492979754789748744
1492921763646382080
1492899365932855298
1492619780683182084
1492574227743928321
1492513826075516944
1492283558274211845
1492263623019876353
1492250272151781378
1491921170395893767
1491892795749064710
1491852069933826055
1491823900182917132
1491547468051337216
