1534595314048442368
1534279513705676802
1533866993962602503
1532460812299804672
1532061179438419969
1528828981482504194
1527748318125768705
1527428954285654027
1526993865185673224
1526993411231850498
1526641897346826240
1526562211547709441
1526230178472804352
1526230175976984576
1524759355173883904
1524746525787791362
1524409533375954944
1524183556293070848
1521555823000014848
1521148900245127169
1519661158692700160
1519341921713508352
1519340171317202944
1518989215123521540
1518679724658151424
1518396918652715009
1518396436341305345
1516848000387235847
1516245581785665543
1516111368159694851
1514407999586111491
1513976182043258888
1513976180441034768
1513867536168898560
1513867350642249730
1513618637487230987
1512520313787101186
1512115783182204941
1512115640475308034
1511746959727640583
1511363799911211009
1511067514670919681
1510613280947122180
1510286182382555136
1509538739906920455
1509239453776285696
1509233961872076815
1509179502852812804
1508910248416980997
1508806191928987652
1508534978996584451
1507038932571148292
1506647734073364480
1506647730730450953
1506408886236069889
1505007993569656835
1504869261453496350
1504538182335008769
1504092316595855362
1504092310543474691
1503746742294134784
1503451189375115275
1501943130664308746
1501591240000909324
1501197757784207361
1500606810373431296
1499872677573574658
1499872676470530048
1499872675203891210
1499476657954041865
1499180998743019530
1499180850843373572
1498860025284071424
1498857418498973698
1498856427410104326
1498855522837094405
1498855160310902794
1498854564753199112
1498854332946657281
1498853530135896065
1498852536576585735
1498851948367331328
1498849157271928836
1498848075179298818
1498847017690349573
1498844932626341890
1498843942103797761
1498843297846116352
1498836574452305920
1498831149132660740
1498724421275729922
1498390557722296323
1496893720075337729
1496893717935890447
1496692237991829504
1496503759031128064
1494373655555489804
1494133835306610688
1493631235985399809
1491771943724400643
