1533903633712140289
1533868896322830340
1533592001760722944
1532497292485447700
1528858318097227777
1528103632092151810
1527771147424735234
1527371010428874753
1527061478347485184
1526291395878608897
1525838416566489089
1525536424300265473
1525113644954136576
1524509660337778688
1524147270903492609
1523762231288205312
1523384741822705664
1522625992258322434
1522237181795856385
1521225514308022278
1519798616281411586
1519406032111472641
1519092710950400000
1518726549230571522
1518705179633365007
1518609526743703552
1517616734915727364
1517292156586762242
1516514558835310603
1516216349051207683
1515691553301356551
1515389560376549376
1515118217773166594
1514710343431462915
1514385444946939912
1513616150504128517
1512482908799266817
1512067673122754570
1511795886501814280
1511707216361009154
1511478794133016576
1511025814657282054
1510376528177205253
1510270844492152839
1509651761237094428
1508915373671862276
1504521967638126596
1504237440609013765
1503835085681872900
1502437968174145540
1501951011786838016
1501328630517010435
1500969542872227840
1499482633721499649
1499153828507234312
1498814089618804736
1497609965250490369
1496987050964185094
1496635994279489542
1496274364446167042
1494688158339973121
1494348414049341442
1493963387465879555
1493646542686896131
1493299001113792514
1492619524348145664
1492257136918806536
1491909852972519425
