1534680373199835137
1534672583886520322
1534657306201407491
1534634353132724230
1534592415096623104
1534548845677498369
1534544298015920128
1534531272869027847
1534351652307836935
1534344802766139399
1534332339014225925
1534324464858583040
1534308338971951104
1534196846343626752
1533856398974525441
1533833561626787840
1533807059157803008
1533786331024969729
1533174617728331778
1533173830184837120
1532897634091950084
1532801735579906050
1532751759042658304
1532751757780127745
1532751756677062656
1532751755490086914
1532735770447994881
1532712803181768705
1532510261445263366
1532510049800691712
1532505277358022656
1532420080893579267
1532414208289153025
1532386604635004928
1532339986900692993
1532321309283209219
1532142012639633408
1532111691936407554
1532080751562436609
1532048516037726215
1532030259440275457
1531775020577472513
1531772583863009280
1531225894651678721
1531225327929794560
1530936365940105217
1530893297509613570
1530649998404329476
1530649900190408705
1530556544361934850
1530550792272416769
1530348763990134784
1530342092974743554
1530231993459527682
1530168651273359360
1529966749860388878
1529907820551884805
1529896894633222144
1529871855619821581
1529622881843527682
1529573444597207041
1529559419360579584
1529511523906990083
1529498042633801728
1529493422473728001
1529464699519123457
1529454901864148992
1529436864112885760
1529265913383485441
1529262900669558785
1529262672973336576
1529235783541989382
1529205606355292160
1529198511899742208
1529162587463897088
1529157179659411461
1529079349542002689
1528869912495525889
1528839829986988032
1528771370024325122
1528742394987876352
1528547118683676674
1528471521827737600
1528436819083374593
1528436780088938497
1528408948956610564
1528179784248963073
1528118133772386310
1528055326553022470
1527799731396743168
1527743738117861376
1527676566104379393
1527432165050531858
1527423008331251722
1527393843829694465
1527389619079106564
1527334532906504192
1527255728767086592
1527244093226684417
1527053757481205760
1527006780265582595
1526996818273488897
1526977270778306561
1526974981875322880
1526644634499354625
1526617564591403009
1526589401681342466
1526543164701548544
1526275385515712515
1526162786715414528
1525935683608756226
1525799898653786113
1525195789139644420
1525183985651011584
1525144217617674240
1525106773631311872
1524908433081761805
1524903856790032393
1524881969607233536
1524845368336424960
1524818181906477056
1524366764741894146
1524083802024431622
1524040540299440128
1524035830641303552
1523784864201572353
1523688785078530049
1523446529863811072
1523259427511357440
1522987555389550592
1522961414062813187
1522935970718494720
1522735714114453504
1522680932838297607
1522388005272666115
1522364741368352768
1522357671701135360
1522328451822333958
1522239719232450562
1522238436920500227
1522233966933299200
1521953006215909378
1521950451062788096
1521939455149498370
1521938456653479943
1521937927764328449
1521890668980883458
1521834209157042179
1521833894382690304
1521636338344382470
1521610638082154497
1521583069509177346
1521555157904932870
1521527304945610754
1521507701372723201
1521452272324128769
1521327915706818560
1521304054227427329
1521297688242929664
1521293408219930626
1520890283633909760
1520800863949922313
1520735624495570945
1520479516019281927
1520217436422819840
1520200351437238284
1520136722448850944
1520089411593162761
1520086305962696704
1520052740227018752
1519810957173833729
1519725275692601347
1519700732781469699
1519676269780250625
1519385433234366465
1519312923453235201
1519074466957078529
1519055144826155018
1518950474619236353
1518759239078006784
1518753356969299969
1518622477496336384
1518600212968882176
1518339954153332739
1518339632999583744
1518339571968323584
1518014783215353858
1517980463062827009
1517601845895733248
1517571808916123649
1517553555414134787
1517539669877141511
1517514979620102144
1517508876828135424
1517490183029067778
1517324602447478784
1517303616373149699
1517301123996082176
1517226945469161472
1517156193797554177
1517152917333024768
1517134916126973953
1516923423787728897
1516923389532942337
1516848550310821890
1516799624090165250
1516466675255758857
1516454386679046146
1516171662714044417
1516097662378037252
1516096949170094081
1516082048636796934
1515657287804891138
1515447282619109377
1515447243029217280
1515443320507580424
1514995489476911109
1514970015807811596
1514737244296421381
1514712407045672960
1514615256735051787
1514398629741699078
1514362296189046788
1514328844278407174
1514306616820129793
1513960256006762508
1513953415310843904
1513523072820776979
1512609283258601472
1512608260288823302
1512238098125668355
1512171315108753413
1512152038284660742
1512128902105378822
1512098743235063811
1512055496081088518
1512043634350297092
1511866005861158920
1511865718949785607
1511707896706486283
1511506469937680384
1511465162347319302
1511439836900728836
1511404368087683074
1511402374388236292
1511399526682308611
1511079696385122305
1511035167749595139
1510795896153423874
1510761978310139905
1510751208763535360
1509965523815215113
1509933733503197189
1509886914316414980
1509872783760805911
1509693230912266241
1509691851179274244
1509690660093370372
1509640714421997569
1509640679273738242
1509604815122444288
1509570202572316683
1509557998271832074
1509506884499386368
1509297657554026501
1509292173371523079
1509264137347608593
1509229914393821194
1509200597773393920
1509161056400257025
1508957956372586500
1508891807710650380
1508871750267899919
1508868115765022725
1508519648794447881
1508518498116505603
1508504645836156928
1508468887456821251
1507883880099028992
1507772713460543493
1507501563346145284
1507457813911592960
1507354961339944967
1507146233739100164
1507001467475005440
1506985416272064513
1506773906950180868
1506770568581980163
1506693570429964294
1506655206699843596
1506655205101916162
1506655201633222659
1506655196990038025
1506655190912544776
1506655189188628495
1506655182867861505
1506655181278220288
1506655175167066115
1506655168594690050
1506655161351086087
1506638651446501379
1506617157655932930
1506381507602128902
1506373371658919938
1506340512072187916
1505534852245999620
1505343226311581699
1505331996431687688
1504871672767254539
1504487639927431168
1504478302236336141
1504136782769758211
1504098789367365637
1504087623299739649
1503836519601106945
1503752120805347339
1503474197141594116
1503386511227723780
1502335394045648905
1501772552443674624
1501655331176431619
1501624926037491719
1501607483734900750
1501577209781403649
1501341950393393160
1501339803081605121
1501268088142053385
1501221605137125381
1501220491457175559
1501197353847508992
1500948895236567040
1500942477049610241
1500925428210577412
1500820551673290756
1500565985916596225
1500499898650746886
1500198808583614464
1500197411913936904
1500197359829110796
1499902574476079115
1499853209183084547
1499853207325097987
1499846472677920773
1499846062307217409
1499772950861524996
1499741149346643971
1499576309130874903
1499564109263687681
1499517443957477386
1499493098807861249
1499375286428786693
1499216923388751874
1499166332536999943
1499115260128763909
1499098828020006914
1499075362340364293
1499073428216811524
1499065395327782917
1498856403641016327
1498854556297568257
1498853202388783112
1498852445014921220
1498851385999343621
1498850417010266113
1498848774164303875
1498847971831603206
1498847446876794885
1498846643935973376
1498845836540792834
1498844071233785857
1498843671315329028
1498843592990859267
1498843105776316422
1498826894447452161
1498720784977649664
1498704277413548033
1498286655358308354
1498006752511639557
1498001611603517442
1498001358129188867
1497752446721875972
1497698236655566853
1497668732138754050
1497640784832741393
1497637572134199296
1497634163339538437
1497609995986350080
1497424106194673666
1497332586292649987
1497310151388377092
1497271325684998144
1497258818748633093
1497257846081208324
1497236701013544963
1497235432471465988
1496973200340754434
1496892831033663495
1496829193404903426
1496829192297762816
1496829189865054212
1496829188849995776
1496829187843575810
1496829184970215431
1496689863776690176
1496648713133080580
1496549612198502401
1496506111284940801
1496505951767216134
1496166700521246735
1496153635729850370
1496135303823863812
1496126839085010945
1495920417604870144
1495919731789942796
1495918183190089730
1495909345225330691
1495900086299201540
1495899651941281792
1495896168114622464
1495858859587645444
1495840213511426049
1495788573173420036
1495785064050966532
1495785039111536646
1495742499360542723
1495465604345643017
1495181918652059651
1495150413527539716
1495096381346050049
1494803886913241096
1494781051994050563
1494778662054465543
1494766290040463368
1494731618392678408
1494699708580835330
1494680180694167552
1494360920931414016
1494359211777695752
1494339278318436367
1494338653748817924
1494011177357168641
1494011175859851269
1493965339465506821
1493749823111061506
1493672224938733571
1493578460165455872
1493320913605046272
1493304439905599491
1492530779573784579
1492296688534441990
1492246745887256581
1492150686938767361
1491832979395653634
1491829866567720968
1491818545843425280
1491801322093379584
