1534588037799321603
1533932946394173441
1533532207020662784
1532787042203189249
1532734711289761793
1532494774242103299
1532432461816287242
1532043818845016064
1531996620673503232
1531712768923009026
1531274695710019586
1530194614732394497
1529246150200541184
1529206996821495810
1529182198368292865
1529170978873679872
1528861411317022721
1528830832546394112
1528401299900866561
1528081821451407361
1527765527082455041
1527700094446862337
1527371702543364106
1527283513141211143
1526953400537079809
1526562624028147716
1526285490294595585
1525922328118534144
1525904601890930690
1525854557397569541
1525837755405697024
1525513151571234817
1525478989967478785
1525205757922353159
1524519978619260928
1524474756585697280
1524378147189407744
1524067166760443904
1523789936008302593
1523413157095505920
1522957473128267777
1522638563782836225
1522568015740653571
1522243470089404416
1522235965204570116
1521951354306052101
1521544464749285377
1521257373809229826
1520081026902601728
1519777641167040515
1519743170443157505
1519680829626142721
1519408619153985540
1519340121262370816
1519018348687892485
1518589682233315328
1517606298552045568
1517572875766702080
1517549470086541313
1517217466774167552
1516871581716332545
1516774613895766025
1516513763310120969
1515750955916173316
1515094385200975880
1515064239551037452
1514637152436506624
1514603611052933120
1514269046790926342
1514249550235684870
1514230716032299014
1513625344489795595
1513604214790197248
1513548529758789635
1513527992789708805
1513233105980641288
1513214627890569221
1513183702704168968
1513164063429337097
1512458230458466308
1512172502168047620
1512153365412823043
1512118649938710540
1512092686743973889
1512092636072579080
1512055854341705729
1511839171840778241
1511720417358192645
1511406964290596867
1511107475256315905
1511062493069721607
1510964551440818188
1509987526211260427
1509664472490811392
1509543939346415628
1509253862049435649
1509216996189220869
1509202698507366411
1508910556257923075
1508847585238388740
1508571039911100428
1508533275383504898
1508487514646097928
1508221260446195713
1507397413467791402
1507133488088158211
1507045456991428615
1506738215725764618
1506705284126986248
1506394202636173320
1506326589335822345
1506267881855672329
1505984474458337282
1505240319880839169
1505206974593613831
1505186441705496576
1504837189225566211
1504571975381004294
1504548848227827721
1504466305658802177
1504445528519712773
1504211996845219852
1504195026724790282
1504128706083704836
1504084663484264452
1503870905495310340
1503827799412559877
1503410088266059776
1503160887577919492
1502822726519697411
1502738297671626752
1502719217174552578
1502686684592410628
1502669181384278027
1502406659032985610
1502385612070035459
1502334593197879299
1502285821931626500
1502044398363848712
1501966754175717379
1501659301147992071
1501618024566120450
1501573930066366467
1501376815381811202
1501308323219529728
1501272864632287235
1500900272285138949
1500868775574450180
1500831316908064772
1500513076545830913
1500486949622198274
1500125961609748481
1499748012536569859
1499508281177518087
1499494522677571593
1499476210723790855
1499471140129226753
1499455356443017221
1499416662491205633
1499387548166201345
1499168874041851911
1499154699932639233
1499141166868144130
1499038362249748488
1498864145420234753
1498796907505889282
1498692338776002564
1498419358682558466
1498377063593656326
1497951148694814735
1497596101536493572
1497592268714385412
1497578834174132233
1497333010311663617
1497236843758329878
1497211214350495746
1497009241705562117
1496873686338580481
1496690570038857729
1496615462519595014
1496568473127985163
1496277759496278022
1496254354046824449
1495881413236871173
1495069086732242949
1494370567323103233
1494065498341924869
1494055184217128968
1493996214416781318
1493966484242116608
1493730069239549952
1493711148541255688
1493711147324817408
1493700222580666368
1493678883148898307
1493649794069315584
1493356402617851910
1493339088455454720
1493310029914685441
1493269557477265414
1492577901333602310
1492507570820591620
1492295263653875717
1492250447532470273
1492228279750778883
1492202980938027014
1492149837881483270
1491889925003821059
1491874184061931536
1491836930941726720
1491799451207286793
1491799449592500224
1491795117111341063
