1534648125268312065
1534613486432661507
1534574196533207040
1534294755621974018
1534266948103577605
1534203099895709696
1533965717497860096
1533916846151421956
1533848672588468224
1533642077375963144
1533574847309271041
1533209317465378817
1533128611586244608
1532845920261398531
1532749093616902145
1532534096710221825
1532430177531219986
1532386870067437569
1532092060450316296
1532067606353481728
1532033259948986369
1531816598142652419
1531764033589747719
1531671644435107842
1531432878848061440
1531412078786912261
1531363866814324736
1531080475908907008
1531037485442256900
1530921641047375873
1530652380303327232
1530555995172184064
1530255012584116225
1530189954252525569
1530187606721544192
1529969572643758091
1529941529174982659
1529856711279902720
1529570634891665409
1529495671950217216
1529493069141315584
1529264517632380929
1529196815333171202
1529100049677967362
1528842707208179721
1528822205378871297
1528764864969297920
1528531105267306496
1528449833345990659
1528101342056697856
1528100632275607552
1528099027077693441
1527789620347412480
1527646675795337219
1527645018369957890
1527433436180406272
1527412485330026497
1527335180205432832
1527042441194479617
1527039131469111296
1526954364446834695
1526664341570863104
1526644992738992130
1526593994599309312
1526318968406933506
1526310654860136449
1526231165123842050
1526026205320953858
1526022962964578304
1525945242129670146
1525556949412200451
1525555910969540610
1525555204137144328
1525225792313114624
1525225112714334208
1525143453717389312
1524853958833016833
1524825475645939712
1524784416693919751
1524509640427454466
1524472559256756224
1524400384252551168
1524143108014972930
1524136737852858369
1524055500647772161
1523748690665504768
1523735052986712064
1523680723944677376
1523432390072279040
1523333069641588737
1523332098966306825
1522948706424823808
1522947721799348225
1522946496429182976
1522683341820108800
1522635915918815232
1522622747385466883
1522604398798643207
1522303424280371200
1522294250125283328
1522234926522941440
1522038627051659264
1521943376609914892
1521892208856768513
1521884352468197383
1521646146195709954
1521549000633110529
1521521723245576192
1521318094446153728
1521266777354911746
1521226221807448066
1521156922208100353
1520843080722755593
1520841938374742016
1520513043892948993
1520511486770176001
1520499025631449094
1520165044692135936
1520163647804383234
1520090189837836289
1519790237349728257
1519781880048099329
1519696769780752384
1519669717132263424
1519370826830725125
1519323286185906182
1519076331920707588
1519062587584954369
1518976082195669000
1518686844120014849
1518682882541297664
1518634864928509953
1518596405115432960
1518352583600922625
1518307033614888960
1518246132668715008
1517990950915612673
1517927281464729600
1517881479845474305
1517534982008356865
1517533552153407493
1517532237675249664
1517530577548853251
1517332401273323520
1517239972084043777
1517163797240324096
1516886101771931650
1516797004160155654
1516519977221861378
1516491299867738114
1516426194832478227
1516231253401522180
1516181259948642304
1516049289293746181
1515744145985351682
1515676454608064516
1515464805251010560
1515382513287401475
1515337969619517443
1515020769495072775
1515018167554387987
1515009639359959041
1514697068870344706
1514684461430026256
1514619671777099776
1514335966114328596
1514332763490603008
1514255618953072646
1514048008492662784
1513973665540579341
1513919085284835329
1513671097752989708
1513563085046534148
1513524147430858752
1513206493402775554
1513205526133448706
1512896512518459401
1512895082931929098
1512892586679320587
1512531538969255938
1512494301846061057
1512455412968304642
1512206235738722311
1512147570549735438
1512099440148074517
1511845390898847753
1511821093161607168
1511742544614412291
1511717126100467718
1511466320889532423
1511464383037198342
1511420419311611909
1511374712835878921
1511103559206637568
1511008558653087755
1511005668681134082
1510642321494265865
1510640945460563980
1510639730739847170
1510377206865932294
1510376752140464128
1510000642412191745
1509968569072865298
1509933451394359306
1509622469673553942
1509607550119034884
1509582921153368070
1509539597763719171
1509526862254395407
1509300451505807368
1509263865636433922
1509240034339311621
1509199130287087616
1508929036692693000
1508926365776678926
1508881196515790851
1508809689143861253
1508543814612488195
1508486298155159555
1508445146312069132
1508195421293891596
1508165961597132801
1508163696308023298
1508144570399264768
1508130729422573568
1507825216382193665
1507816911400312833
1507797785378058243
1507784244956962824
1507766328282787842
1507460037970886656
1507459556686778369
1507444205693636634
1507436404254535682
1507417032697987102
1507402682629300233
1507111765301084183
1507095658964008974
1507070493555367951
1507055142566125592
1507040042853707780
1506741324053196808
1506734529280548865
1506728741338325008
1506715907078430734
1506706678670102533
1506706589213933577
1506694264075423744
1506685959475118083
1506679416444891139
1506662807839907856
1506643680806916097
1506448828899209223
1506448062818013184
1506445639428849667
1506444116057489415
1506429799585230851
1506401187016462343
1506344962249531403
1506332751716364291
1506318035166052352
1506057706989314053
1505995409256161287
1505913368892248065
1505725379771777026
1505535126192676870
1505297812417748997
1505254887180939268
1505228607005900807
1505189347770834953
1504887994523791365
1504825174977306625
1504629074580451331
1504544749235187715
1504539339283476486
1504469779863662598
1504282260308123653
1504205347971608576
1504138181322723336
1503862260715986948
1503811954774888451
1503761197463654404
1503747938727743493
1503466945387053060
1503368047448535044
1503054039793160204
1503052061990129667
1502738249629982724
1502735970524966914
1502419308969959428
1502348814329552896
1502319914241216513
1502073064388972631
1502071471174209546
1501961715818418181
1501730839515774976
1501699537857036295
1501670152982736907
1501582871982747661
1501323571661918208
1501256559128686598
1501215560884965383
1500946214908723200
1500892041445842949
1500854919917719558
1500673115751432195
1500544641153785856
1500543511850102885
1500543510134591499
1500543508297494543
1500196128033316865
1500167248941568007
1499869087572320262
1499850698317606915
1499835743862145029
1499786399259762689
1499549164539105281
1499415767896440839
1499406876630470669
1499199703073927171
1499113801903390725
1499055215324151813
1498885744114470913
1498798256226250760
1498780122496786436
1498774406910382084
1498745416975851528
1498688822758027266
1498438811000451075
1498404033018617865
1498306048532402179
1498128789766909952
1498013564732272644
1497724661123190784
1497692957507420161
1497679548263145476
1497679546447020033
1497646143555051521
1497276736849027075
1497252254193274884
1496998726430253061
1496859266094972934
1496661712111640578
1496559845666918409
1496508005847900166
1496328270543048706
1496294345540096005
1496257887546617859
1496160937396641793
1496151083126861825
1495854949384790016
1495852492244062215
1495815171591319552
1495607978208157698
1495529018774507528
1495458385818537993
1495215303642566660
1495079659419189253
1495078532036370439
1494833477157535746
1494717963714412561
1494432033690554370
1494407656299245581
1494363638496481280
1494073831434108936
1494028742443872256
1493965883634499586
1493711525638553604
1493633241852563457
1493330536667963392
1493328336692695049
1493255039292424193
1492927378212937740
1492925485344509958
1492594308763029508
1492540827813433348
1492277918365540352
1492232311173177348
1492177226913226760
1491948429634854929
1491843509460029441
1491810277494607887
1491640172894638082
