1534677621363064832
1534676176194744320
1534672146244460549
1534668661809680386
1534664132699598848
1534663822941863938
1534639561871179778
1534637880005603328
1534601158748262401
1534584267426103298
1534537056894042114
1534290785075593217
1534225232373981184
1534205699500257283
1533917613490831361
1533910268337610753
1533880976207761409
1533510380571475973
1533481654282506243
1533450475525361665
1533227758150623233
1532799445825470465
1532782566222209024
1532729054071242752
1532468336138805252
1532468187123572739
1532462965462556676
1532438957136433158
1532425053337440256
1532350018790871040
1532350017234780160
1532350015695466496
1532350014290374656
1532350012813983744
1532350010993561600
1532350009525559297
1532350007709409280
1532348659807014912
1532073961793929217
1532028927841017857
1531985967875248128
1531691999853682688
1531672927267078144
1531644495275638784
1531644407010807808
1531371741263671296
1531305428411420674
1531289962263486466
1531274554924052482
1531259140680589319
1530967467790589954
1530946311536750598
1530927000457977857
1530906859628003328
1530604900341751809
1530584844283088897
1530564718594777090
1530539058220376066
1530260341422186499
1530248897355988994
1530224975243796482
1530206875303690241
1530179120474337280
1529930483705970691
1529919188629868568
1529909777077309440
1529888322763599874
1529875022466236417
1529590225445523462
1529569441570234375
1529491912960393217
1529197969580367874
1529111180198944769
1528828437594615809
1528817309267238924
1528817307522412546
1528795694500298752
1528769690205573121
1528765951709265923
1528750213665546240
1528455711230935044
1528455705178644483
1528455699692388352
1528455696949313538
1528455691408756739
1528455685561847808
1528455683049459714
1528455679018778627
1528393878222553088
1528369724140228608
1528349332289818624
1528107547395346432
1528068852021592064
1528048009262530561
1528026917189869569
1528007776173281282
1527750404494307330
1527737611963465728
1527716220820197377
1527700208485904386
1527684060725772288
1527403098368507904
1527392950010904577
1527392225461682176
1527379522110181376
1527370839326240771
1527363703166775305
1527345381146710024
1527340281887981569
1527327134103920646
1527309366675783680
1527306851213135872
1527303921089142785
1527301502284578818
1527279600824266754
1527099010997157889
1527019259876057095
1527019258206625793
1527017083892023298
1527012034784677901
1526989297106272258
1526982797868539904
1526976153096966149
1526974398820909056
1526969354557997057
1526964552415453184
1526959918368030722
1526935496143917061
1526916547276570624
1526669751342321664
1526653970734784518
1526643799715373058
1526608190481350656
1526601114078044162
1526589380240056320
1526564834539720704
1526556244114284544
1526307851081240579
1526292027436064769
1526276414848356355
1526276409240563713
1526241225233276930
1526232750348546048
1526210044643233792
1526190393985011712
1525896518036856835
1525887125136232450
1525875026154688512
1525858974784008192
1525842689912197121
1525825466627653634
1525598142456111104
1525505626503360516
1525489543033630720
1525475188984397824
1525460055939764226
1525300974914609152
1525300964424548353
1525200667274629120
1525189532844539906
1525183177979043840
1525159383159738368
1525151236634427392
1525145013130231810
1525142799372500993
1525122521732980736
1524866253172707328
1524819122818891776
1524819118658138112
1524819115059331073
1524819113457090563
1524819110672097281
1524819108902100997
1524770713659482113
1524770395479592963
1524769696637149192
1524752827045797889
1524752800885915649
1524737741094801408
1524546431679438850
1524504954479722496
1524504953229819905
1524504951615102981
1524504950310592513
1524478730248278017
1524471962856308736
1524467749195558913
1524463377166356482
1524463375656308738
1524463374037311488
1524463371940151299
1524443762990239746
1524383333848858625
1524377236371034112
1524377235150544897
1524376212222746624
1524139898659348482
1524127994578710529
1524127993282629633
1524108737342017538
1524095707375882240
1524078279338168320
1523760753882599424
1523749397150191616
1523725847127293953
1523704989784633344
1523652285951209472
1523324804320878596
1523309567676985348
1523295635574718465
1523295632479318017
1523275437828411392
1523025137594814464
1522997180751314946
1522977586271326208
1522939786402873345
1522682068462972928
1522669849578807296
1522632901409529858
1522615528048795648
1522571445150310401
1522288018438115330
1522258799758917632
1522229437072355329
1522229435734364162
1522217079679512579
1522205171903836161
1521978800497696770
1521978798396387338
1521978791064707072
1521978786899578881
1521978783183613953
1521978778544709632
1521920524426874882
1521888498961334273
1521882440591101955
1521868277651316746
1521848673797349377
1521559515593854976
1521550583659905025
1521526096029704193
1521509248861093889
1521498001797271557
1521477442246000642
1521329346274897920
1521329344416825345
1521249022916321280
1521189188711813120
1521172070998192129
1521172069781753859
1521172068355743745
1521158741793460225
1521143859807408133
1521143821198839808
1521143138189930497
1521126769180372995
1520805627404054529
1520791471619665920
1520775936903315457
1520762508188930049
1520474067572207616
1520455881539825664
1520439978651578368
1520354462077960192
1520162830623940609
1520162829604638724
1520162828602290176
1520162827041976321
1520129734440632323
1520105626138984451
1520088606362251264
1520081736478208001
1520056298922033157
1520027484137394176
1519776377754558466
1519757368816541697
1519757340580450305
1519756835250651136
1519744782381244422
1519730123037106177
1519707119599161349
1519691325171511296
1519686942333583361
1519470736439664640
1519437866547482625
1519426993883951104
1519426987437215746
1519409058587025408
1519389024259133440
1519353105959333890
1519335812747382784
1519335810935492609
1519316087942307840
1519055005004750849
1519025898518990848
1519000769462157312
1518967275575025668
1518689127612493827
1518670066841128960
1518627303806406656
1518603939045851138
1518589584279576576
1518378478562852864
1518288724643229696
1518269836924801026
1518247213041868800
1518224300406448132
1518042277154897920
1518041397655445505
1517992581371674625
1517907572476502018
1517885007385305090
1517861996468789249
1517611310439141381
1517588732613955589
1517577792220717060
1517565297930166274
1517555738633289730
1517555736733233153
1517555729909047296
1517551108255854594
1517520501144539137
1517487526516346881
1517284316761497606
1517281154033930240
1517245385353347073
1517236254366183426
1517204025996886016
1517179414613794816
1517162947277111296
1517162945653915649
1517127384398454784
1516882946673758208
1516860513765969921
1516839701772177417
1516830205456920583
1516811717627502604
1516793107286745092
1516771023097634816
1516514360692256771
1516498490666409985
1516482723526938627
1516447357663076361
1516429301163376656
1516423778200391687
1516423734860603401
1516181398217969666
1516180004291366929
1516175852777713683
1516136732504248324
1516102865697316864
1516087672384675848
1516080311645478918
1516064786978689028
1516051342619467781
1516038404051505153
1515743241005682693
1515720794810331140
1515687860036382723
1515657267751919622
1515400740600168455
1515400739195174912
1515400737840369665
1515400735856513030
1515382041537396737
1515359403280670732
1515344388075012104
1515313389337198594
1515038547010629633
1515018367647821830
1514996042407755788
1514975746741125130
1514959264342806544
1514698197461082117
1514696673120903172
1514679557760114695
1514670600840753156
1514650030933741568
1514619582245396481
1514592103124320260
1514357319215243267
1514342925190189066
1514320713234235398
1514303847132454929
1514286238337060881
1514252834593726467
1514228701835284481
1514018408202911744
1513979765857914889
1513961163859669001
1513937645386309642
1513913942023684096
1513901302065025028
1513618490342707202
1513618472416206858
1513617504450535425
1513616828479815689
1513600991677063169
1513595124302888962
1513575048384323585
1513547274156220429
1513516015946248200
1513515534108790789
1513215331665428484
1513192685569519618
1513169799639097345
1513140044831375369
1512821568438784005
1512807632318480399
1512792396353921036
1512777399804510208
1512501816474411009
1512486479431454722
1512471769839554562
1512451619488768001
1512434738354606084
1512419118842011665
1512217021731287050
1512200011144208386
1512192362403012612
1512184698902089728
1512177883346874370
1512129891906560001
1512129029666705412
1512126989821526022
1512120612893958145
1512098095483572236
1512077435637940243
1512066795221397510
1511844656262361099
1511834761836347392
1511817299556245508
1511815984411299843
1511815196968316928
1511815194435112965
1511803468058615810
1511788478748581901
1511771015625555973
1511748267431936011
1511737929588264965
1511720146804559873
1511698327359963138
1511456252571926532
1511429733900292106
1511411545527537664
1511396910606819334
1511369330449076227
1511345776303169543
1511071080869466118
1511053051070754819
1511019994532003840
1510985663352651777
1510966254449967113
1510756696108539909
1510671625611526145
1510652482770419716
1510631895431843844
1510601906724483080
1510587952786808838
1510351136116592643
1510298019912200197
1510288918318563335
1510288916645130247
1509988421296664579
1509916226990051333
1509897345458188330
1509880738484789257
1509665916098859009
1509654498771447820
1509642476063186946
1509642474461052931
1509599429334028290
1509599422379966464
1509599416742785026
1509599412129083396
1509599407179800579
1509582972378394634
1509567520356904966
1509560480582483979
1509551018694090761
1509523735870689287
1509515978970910726
1509240943249170441
1509221958847799305
1509198971788566530
1509171938698182658
1509156078310895616
1508924588289368068
1508918014669955081
1508917676734918658
1508910857585057808
1508894952083894276
1508890414375485445
1508870211688181762
1508847726641000459
1508826819943964674
1508803334924345349
1508536262243794954
1508518907673554954
1508503684950511621
1508491181302468611
1508491169264816128
1508491102181068803
1508491093482127371
1508474023260397573
1508457303896432646
1508153494208974852
1508119265597173776
1508088829986721797
1507851569403998217
1507847930945974273
1507804924138164227
1507780809067008003
1507726545955213312
1507685664787251204
1507685663205908488
1507467558189875204
1507466142629126144
1507447284358860808
1507447282366652424
1507447278986047492
1507418626403434497
1507379521271611396
1507351859056500742
1507351858016403461
1507351856812638227
1507351855126482946
1507351787447238659
1507351164484046851
1507351163318022148
1507351161980035081
1507101945990942721
1507085743516233730
1507065038527512581
1507031516152479744
1507013272884502547
1506982647498784773
1506965705819885568
1506763292068519948
1506740327335755778
1506736536099991559
1506733871303376899
1506733869478948872
1506722592849281028
1506722591402340358
1506722589946830859
1506722588155916292
1506715112274636819
1506706138343129092
1506706137625907205
1506706135755202569
1506705745819090945
1506683896716566531
1506673040096178181
1506635835407544326
1506635831318089740
1506635826616274959
1506635824070336529
1506635822006734849
1506635820098334722
1506635818038964230
1506435575452160007
1506428294182363136
1506410984864423944
1506376064863457284
1506372958692024330
1506372445770588161
1506360134641061895
1506360132204171270
1506343723898183684
1506325116556394501
1506325114786398213
1506307349610389504
1506286274042335241
1506007954994180102
1506007953639358466
1506007952087416837
1505997884390584324
1505989761974087689
1505982594877476872
1505975897601437699
1505959023757176837
1505948580783218692
1505917439585959938
1505917438562611212
1505917437413371915
1505917327317082119
1505896390844628998
1505896328848719880
1505601840095899648
1505584985356525571
1505561962054397953
1505538905470390275
1505538903247396865
1505538901166989319
1505538898876940289
1505354154352562178
1505234364376006657
1505219647938994182
1505204685791236100
1504856684522622982
1504821851545079810
1504821397260050438
1504804128693882882
1504507241084379141
1504487263031332871
1504464720920784900
1504438983555788802
1504190320778563585
1504171012463681541
1504171010802827268
1504171009422897155
1504171008051367943
1504171006608519171
1504171004381339656
1504148880023302149
1504125666513588232
1504110841448353797
1504092898215792656
1504092897083277317
1504085641344307205
1503832224294215685
1503816911544590343
1503816910244352000
1503816908797366275
1503816907383881729
1503816905798430734
1503794787459104770
1503773104295841796
1503752514948194314
1503464680093802509
1503430641983102984
1503430640590544902
1503399123164217350
1503363985533513739
1503362990426537990
1503362988799057929
1503362987335340041
1503362985821102085
1503362984114114562
1503362982369460224
1503362980163072002
1503362977256378369
1503041542407262209
1503024046287556617
1502993774515044357
1502752563233538059
1502752562306498570
1502733793194651648
1502720930560229381
1502707351970885638
1502671149527977993
1502671104439160837
1502395582022881292
1502389881762463746
1502380177631944710
1502365020306526211
1502347863837356040
1502332335571849230
1502332330836434947
1502332326361055234
1502332324746248200
1502332323190255624
1502332321315311616
1502332318379388937
1502332313581015049
1502332311995658248
1502332309722349571
1502310748999102465
1502108504496164867
1502108449089503235
1502076393114460160
1502040749856243712
1502040748350480387
1502034370634436613
1502026813266141187
1502019241259806729
1502011465938706440
1501996416461385731
1501988854462652422
1501981290232430595
1501973665046577164
1501966098857660417
1501958541820661760
1501950912327303168
1501942351379374087
1501780551623233538
1501644287045472257
1501644285577474049
1501596470256058370
1501573270390325250
1501572669648605193
1501326197732614150
1501326196671451137
1501315663234838532
1501299210339164163
1501269967420932104
1501211925866287108
1501198348476420099
1500951881706885120
1500929695889690627
1500929472874307589
1500929469233696773
1500922357891977226
1500894876136886285
1500875389484294144
1500850963581702150
1500163142176980997
1499799745291825158
1499763750274011136
1499546814646824960
1499524542217302024
1499505542712250368
1499505541185421312
1499463970935250949
1499423266519363588
1499404942691475456
1499404941097590784
1499177695015485446
1499135510819876867
1499134036362641410
1499134034705850371
1499102600297422848
1499092934133796870
1499092825509711872
1499092376723378184
1499071235086589959
1499021700448624643
1498856465628602381
1498856464697503748
1498856294375211008
1498855211779211277
1498854934233681922
1498854271697264644
1498854083784024065
1498853786089144323
1498851684298199043
1498850224986632194
1498849669350318082
1498848802018582541
1498848677460430852
1498847063815172099
1498846184806535169
1498846183657250826
1498845622354554882
1498845454716579845
1498845453382737926
1498844547954192384
1498843907362275330
1498843832884076549
1498830820517326848
1498830819514798080
1498830818348785665
1498810464423321603
1498810434291482631
1498809470566211584
1498698262693519366
1498696348614467589
1498675759451451396
1498373407062306824
1497751118088003584
1497626011432677377
1497343779577212937
1497307029056196615
1497219224862818308
1497216124085276674
1497042883219795974
1496954526573555715
1496938838769672192
1496938837502660618
1496938836231864321
1496938130863181829
1496937014930939908
1496937013345460231
1496936737599373323
1496882092302651398
1496882090977206275
1496873583288918016
1496873582126903297
1496873581313245188
1496685932191305729
1496636962966487046
1496636960802230274
1496605254946799621
1496604311014498310
1496598093114007555
1496592198699302914
1496585716587020288
1496585532406697984
1496581935669428230
1496562884758888448
1496562672611074050
1496556701876695041
1496556615545331716
1496499839689015302
1496491336349978635
1496491335351771140
1496491334269648897
1496491333120372737
1496230009719173129
1496229163635810306
1496227947006603270
1496210977360076811
1496210976286388232
1496210975179034631
1496210974117879826
1496146015187050511
1496128144025210884
1495785383560466433
1495784357004460032
1495498044283965440
1495497728608112640
1495104546145718277
1495104540135366658
1495104535605485575
1494754888957505541
1494754884905746433
1494754880614981632
1494754879058984961
1494754875619434497
1494752926853697536
1494722616099282950
1494718291457286144
1494418832017997827
1494410629867839494
1494402843079548939
1494384115256283139
1494336653711720457
1494318337035227138
1494068335167823873
1494068333242724354
1494062619128434693
1494062617589129222
1494047457881296896
1494047456425873417
1494047454928453636
1494030750617944073
1494022586208071683
1494010217708797956
1494001171517911047
1493992689813049345
1493977112155496452
1493948676745707522
1493703686475943943
1493703552237289472
1493703484138471439
1493703301497597956
1493702952321753091
1493702811460247555
1493691575553216522
1493680385510813699
1493653283956797443
1493642555010998274
1493629183976747015
1493614539593682944
1493614537869860871
1493614536078897161
1493614534484967440
1493614532543062018
1493614530886348808
1493614527556067342
1493600151415447556
1493340172359983106
1493333124620730375
1493317296919568387
1493295181835218951
1493277776333479938
1493261937483911175
1493261445840179202
1493241697429557251
1493241696246808586
1493241694963253249
1493241693805723651
1493241692341874692
1493219555140935680
1492996813867175937
1492931682189684737
1492914792444698629
1492898699634163725
1492881350269054979
1492873516919705607
1492856162018078725
1492856159774167046
1492856157836398593
1492856155911208962
1492856152874373120
1492856149829378056
1492856146243248128
1492856143726661635
1492856140534800384
1492856137254907911
1492570207361159169
1492553961550848011
1492536937495814146
1492519264150032391
1492511741133352967
1492490549416402952
1492275648978632707
1492275647984640005
1492275646990585859
1492275646046871552
1492275644788584450
1492234686642499602
1492233926701686790
1492230658185441281
1492208822328434690
1492187236816891910
1492169595528040454
1492163035045244928
1492142598521241601
1492142590774423556
1492137236384653325
1491929467844972552
1491924373275656209
1491924372097011712
1491923262456184833
1491920236190310402
1491881553370173443
1491866998615248900
1491866062987665412
1491866061318369283
1491845551805149186
1491845545501114370
1491845544095977479
1491845542611230721
1491845541013114882
1491845539478048768
1491845538001608708
1491845535724154881
1491808247862509571
1491790906680246274
1491754032163078148
1491576805869989888
