1534323837810122760
1534012491226918912
1534012442786861058
1534012357613084673
1534012308216811520
1533835617943138306
1533675330187280384
1533674235578687493
1533634047154454533
1533634007237287937
1533633345778851843
1533633042593497089
1533177547239964672
1532798627994820609
1532775427428720642
1532775425616797700
1532774653298675712
1532774651486777346
1532773454478442496
1532769507286056960
1532769244466884609
1532768307098566657
1532768305848758273
1532768304640704513
1532768303067848706
1532562737548693504
1532562176753508352
1532562175579103243
1532562174190555136
1532377212933918720
1532376899321704450
1532030583693578240
1532030259683549185
1532014274998059011
1531786953850511361
1531786520616656899
1531648413649055746
1531648380971139073
1531648282891538434
1531490955030843394
1531490953919352834
1531490952707198976
1531443880205332480
1531416631888515072
1531416523583127553
1531406044387229698
1531355663170928640
1531111707141087233
1531111412164067329
1531073996036485120
1531066183298031619
1531039039796785153
1530997306706771968
1529990355369840658
1529711314704207872
1529711251479314433
1529711174547300352
1529668638973779968
1529574567554973697
1529569348783902721
1529430171442348032
1529430170351828994
1529430169001369601
1529313631992782848
1529313574979571713
1529313560425283585
1529252472509849601
1529251917943250949
1529251625407242240
1529237853208727552
1529122325987213312
1529122322396872704
1528964119960993793
1528863172102602753
1528431422716973057
1528431134966693890
1528415034178682881
1528201416698908674
1528152464188383234
1528070028196827138
1528069975096926208
1528069902514507782
1528069825175736321
1528034937466720263
1528034902628872193
1527790880349904898
1527790354216505344
1527790349950799879
1527789963596660744
1527657353755123712
1527657049743626241
1527458872356753420
1527458790102155264
1527458549588283411
1527458139523764241
1527458011580620800
1527457667870085124
1527366310924955661
1527080229809836037
1527080193847922688
1527080111534653444
1527079786199367683
1527079658738548738
1526742360608104450
1526589766204006400
1526360527609503744
1526360373464530945
1526360093473775616
1526359665126395905
1526359571547185157
1526359402533502980
1526204825754648576
1525824577321975808
1525822135851180032
1525677152754192384
1525677151621722112
1525677150661115904
1525677149428015105
1525587425774686208
1525587417859776513
1525544713838809091
1525325791839518727
1525325790883225606
1525316083804258304
1525309503025172480
1525302154009137152
1525301597512912896
1525301569163517952
1525301503380144129
1525301375831261184
1525301374723964928
1525288290366242818
1525244035522256900
1525244034024972288
1525242455729266692
1525242228268011520
1525172203028992000
1525172187363168261
1525172069096468490
1525149808310239234
1525149806666072065
1525149805424562177
1525149803574878213
1525149800609505282
1524812822189842434
1524800243627343872
1524491614642655236
1524318099398397954
1524317168359428098
1524316266198089728
1524315499517120514
1524075125720633344
1524075121979314178
1523868576951803904
1523785538318200832
1523785537039253505
1523785328603320321
1523387613012324352
1523237949550505985
1523155643259318272
1522756587055689729
1522414984772395009
1522414084599296000
1522412790077698051
1522410197305733121
1522408408426631168
1522398011342655490
1522384878817456128
1522333999477239810
1522332972510240773
1522027147627573248
1521485802039132160
1521385540234452994
1521385538523119616
1521236954985250818
1521236951218769920
1521124896658665472
1521124894536355840
1521124891147259904
1520945034803224576
1520943355521294337
1520943167570386944
1520632323976351746
1519718153554640896
1519708389932257281
1519708388980109317
1519708386618712065
1519480642182000641
1519439973438611457
1519439971517612033
1519439969005277189
1519104684903911424
1519078244208816130
1519045367995801600
1519044073268596736
1519044059536539648
1519031248978591748
1518798698922364928
1518798697500401665
1518588148611272705
1517695112356274177
1517365477240152064
1517357726363533314
1517339107063734273
1517333721724170240
1517333720465825792
1517333718142177289
1517296009973571585
1516999030307446786
1516984015357714437
1516782726455738375
1516782723985248274
1516219490396221452
1515883266192125952
1515875266190487557
1515860506300538884
1515713822157377542
1515542544406528007
1515445662665560064
1515098760661114881
1514714835648454658
1514714834461360140
1514714833203208192
1514714832142057473
1514714829252141061
1514686414272831489
1514678892963024898
1514678891532759044
1514297248670175242
1514297246019252224
1514292031690092548
1513641202620551171
1513641201408299020
1513641199659274269
1513641198359093249
1513641197021151241
1513641195557298178
1513638321502752776
1513638320412237833
1513600331522920458
1513600330298236936
1513148036389744642
1513110327688323076
1512912398553862145
1512557618484686849
1512557617431916556
1512534160417726469
1512534146677104641
1512513211832147975
1512470937958068227
1512470936141844483
1512216436445487104
1512168793451159564
1512101835267624965
1511831506553085953
1511831254190153736
1511417038643806214
1511388569641889807
1511103371587031052
1511097060455600128
1511097057356001315
1511057515693420545
1511057514560901120
1511057512086347776
1510708159467425797
1510708013874749455
1510091787305684998
1509656757768966154
1509557717219823624
1509557716339068935
1509542793169051656
1509542640043319304
1509542639032586258
1509542637635837957
1509242001157496839
1509241998301184014
1508929906507452430
1508929905127571460
1508929890816561152
1508928848582385671
1508928845554069504
1508882622918889476
1508882538474975233
1508882376675495940
1507581235979341826
1507407440236761088
1507407438177132547
1507407435136348160
1507407432720556044
1506740081025069062
1506644270572265472
1506641685752819717
1506641683148066821
1506374689148571652
1506352686442205185
1506350918673088522
1506350916529803276
1506287502801440768
1506287501446627341
1506074740141735944
1506074175261319170
1506074174246297603
1506074171452887041
1506012342756450310
1505996564287926279
1505995691759439879
1505357121646477315
1504256272429993998
1504255606739423238
1504255323355463686
1504255320243191809
1504197781510045698
1504197561812504577
1504197559086166025
1504102737155436545
1504094585408135171
1504093084656807946
1504093082689716234
1503902828917665798
1503883009224847362
1503869250993377284
1503866700957110273
1503864872924336128
1503816793554624518
1503816790203318282
1503476432860860421
1503476375214297092
1503476225414778881
1503438489983008770
1503104610105536513
1503104505122111489
1502671828870959105
1502671827918888974
1502333217327747079
1502064943104942081
1502013022008754190
1501695438294073347
1501430926810796032
1501404874164031490
1501392799123619847
1501392798188249094
1501392797265453056
1501392795625570309
1501385297438949378
1501385296482639873
1501385295576670208
1501385294662225920
1501385293722800134
1500686203221417986
1500536090914140163
1500519907057971200
1500518329164967942
1500518325885063169
1500518323951480849
1500505584923258887
1500505584059179010
1500505582956163079
1500504814022705163
1500504813263630337
1500504811569041418
1498698203268628484
1497767471964725249
1497646088110682112
1497633682638655498
1497409487896027136
1497407125315850240
1497407124170752004
1497405512568213510
1497405507757350913
1497373278985494532
1497279790121828355
1497279786216873988
1497279784786829314
1497246177225580575
1497246128621850626
1497030934356447235
1497030932406186000
1497030928211668996
1497030926500605956
1497030920213344272
1496505054215479301
1496505052919390211
1496143031354941442
1496143029312397318
1496143026661515273
1496143021980725250
1496136784178204680
1496133517918547971
1496127667099295746
1495971285746294790
1495814247720361985
1495516656906424326
1495516655643942912
1495063377936330758
1493996877599342592
1493820190374641671
1493820189439401989
1493820188583772171
1493820187744911360
1493820186624937988
1493820185731641345
1493689053543346180
1493689051320406024
1493689050221490176
1493689048820588552
1493689043489546248
1492278974503964673
1492222664454381571
1492222663087034370
1492222661983883270
1492222660956278788
1492222659853230080
1491899105123127297
1491899104124977154
1491899102266892289
