1534608862942224384
1534551136249815043
1534537174758182912
1534227931324633088
1533833445507584003
1532747612230647808
1532712986560892929
1532004630594461696
1531674369814151169
1531228939309330433
1529868134252937217
1529208938474110977
1529182207885164545
1529141427229302785
1528768455238991873
1528023716780822529
1527369174703452180
1527322535045451777
1527289415499821056
1527050821606809601
1526983749375754242
1526949627899138055
1526711118475014144
1526624555007201280
1526262755728277504
1525220011975053314
1525213465723404289
1525197763708846081
1524793034784784385
1524758516661211142
1524741159024746497
1524423294862172164
1524099700189806592
1524068831081213953
1524053085718552577
1524040176309264385
1524026916096851968
1524004842494119938
1523728469758476289
1523293942728601605
1522304029342277632
1522229719948746753
1522208723753750529
1519758261783875586
1519731153590231040
1519703563437580295
1519385683604951040
1519346011055042560
1519324777315553283
1519041222484140032
1519003124350033921
1518609919204904960
1517629286827675654
1517154893584289792
1516845098360791046
1516844718759555075
1516207220786036736
1516127440258621440
1516093527255662592
1516068554004652032
1515691933489840135
1515090103324090368
1514995062891061255
1514951719536533505
1514668701395701772
1514616958787878924
1514257673147097094
1513914397592367104
1513886745942802435
1513658992324657156
1513570394678214660
1512462138715127809
1512430999937994757
1512416717783416832
1512161523300544519
1511774860325888016
1511748545195515913
1511722983198539781
1511397431371517954
1511371372861313042
1509622069306220553
1509563331862011923
1509274844923408385
1509255785783644163
1508925501422850053
1508904147839504384
1508873846593658889
1508458366699458575
1507417251531882497
1507387007743397888
1507361260253425685
1507010819967500289
1507001873844293636
1506707049694048270
1506284886730100737
1506246338400464897
1505945698650533894
1505007763365187590
1504887475101061121
1504572600315518977
1504549510684590096
1504549502811836417
1504109441980981255
1503854921157914626
1503850487816368132
1503807236564566030
1503749685051334658
1503749491815587852
1503749413071732743
1503425372976816136
1503422385764155392
1503422349252730882
1503418498197995525
1503357893613129729
1503338053498249218
1501976416824537090
1501644146146168840
1501578136340910089
1501304856585383941
1500950960763543554
1500937525627854849
1500906682125373440
1500851611807236101
1499502180738510854
1499417317293367302
1499403220883423236
1499402925143175169
1499099521485266949
1499073499457019907
1499050432022433794
1499048218105196544
1499034560578863104
1498861613201432579
1498859926562684928
1498855633382162434
1498852762959990785
1498850220658073605
1498848949968457732
1498720604882706437
1498408125019340805
1497233246404366339
1496841158407852034
1496539123850567684
1495755122177155073
1494685293462568965
1494006445679034372
1493957108752080896
1493660686181937165
1493297632265003018
1492183230702833673
1491860435804504075
1491801329957699592
1491541657866670085
