1534675830605062145
1534655609714487296
1534631486313332736
1534297133398081539
1534186125656473600
1534176666150477832
1534176664309190657
1533875781323071488
1533813919298494464
1532833293640638464
1532784183692578816
1532773385243066369
1532750361920000000
1532080534167363585
1532072676977610753
1530228602012319747
1530176786151133184
1529865773690372096
1529616707559510016
1529483241211809792
1529481189605748737
1529221698985558016
1529111536316436481
1528751124882366467
1528119135720329216
1527806013612642305
1527734785715720193
1527699039541665793
1527414642837966859
1527364486079754251
1527075357815341058
1527015006562304000
1526718378861281285
1526669847026974721
1526648478230781953
1526643553031659523
1526554857775194112
1526304874954203139
1526304871040835584
1526036369100922881
1525876062642659328
1525876060641951744
1525189730605858821
1525153623554113537
1524522575245807617
1524498184357167109
1523727540904374272
1523701665014054913
1523701663508303880
1522709202866638849
1522695082570301440
1521973400398438402
1521581556720148483
1521547469267603458
1521495388771033099
1521495386518605824
1521314968955670529
1521233004122808320
1520150200035291137
1520150198948925441
1520123979226390530
1520119926022885377
1520119924542394370
1520119923024044034
1520119921455210497
1520119919748300801
1520119918137688064
1520119916665397248
1520119915088392199
1520119913616228352
1520119911989018624
1520119909702938624
1520061032613519360
1519694884919259137
1519517078742568961
1519353826431623168
1518624535251197952
1517631509645176844
1517331452425293824
1516870571161751554
1516477082385235970
1516447047024615428
1516173196638183431
1516154467959414786
1515728477063942156
1515019527611990018
1515009757807058950
1514750713351581703
1514713259282206724
1513934669783437327
1513911983900401665
1513647327428464645
1513568896741224459
1512890706997694468
1512576983682715648
1512571970927407110
1512502914887135238
1512463293566394372
1512104754507354113
1512104614711152643
1512094235239006215
1512078403985313795
1512078400495624204
1511863066497007620
1511858251243167747
1511819050460008448
1511812673616465928
1511782592810569729
1511715197198774272
1511388550272622600
1511387189929783301
1511365221285249031
1511022372714958861
1510656476511195149
1510277267427143688
1510277266038792214
1510020217816104964
1510014099903717381
1510013964100546560
1509967440062648329
1509723483051368448
1509592200824430594
1509553480020725765
1509535978389708803
1508851986812354563
1508840069406285825
1508536709125922823
1507482271544225801
1507130727401508872
1507091430774345732
1507019522796048388
1506721833382551553
1506663679399497731
1506365373100306434
1505978460426186757
1504927488698466320
1504906371350896646
1504831983104495620
1504546722281832451
1504532695405187073
1504514617048973317
1504436573722587144
1504177796393930752
1504158139800817668
1503473244573257730
1502431451228352513
1501635756867174408
1501624664208072705
1501581960690479115
1501578356420071426
1501255457163284486
1501246990335844352
1501236034989965320
1501232760190607364
1500972478029574152
1500183322617597954
1499891851939168259
1499888217100800000
1499821735595716608
1499806689809383427
1499805680731144195
1499773640916754434
1499423578617491457
1499419839714279424
1499409964284141572
1499073592926957570
1499045947875155970
1498856764179206154
1498850094321438722
1498740925035696135
1498736649588686848
1498692138195898369
1498439223275311113
1498408100432334853
1497317170325377025
1497306088441630723
1497268643536809988
1497237634862784519
1496960028091293703
1496913012682371079
1496608901474705417
1496485264839086082
1496236303561728009
1495168260454637569
1494804948365762561
1494731246051680265
1494459556260372482
1494435052071043076
1494435050355576838
1494352104324050957
1494032082800193546
1493976069258547200
1493691839496568835
1493600597324533761
1493352113543524354
1493304607879184388
1493304587905908736
1493301027814191108
1493300963964334088
1492884839007244291
1492296494183026692
1492287647133446147
1492258856390516737
1492247623541170176
1492234753772298241
1492229028551532547
1492221027551694848
1492211706524798976
1492202328136503303
1492202326760861701
1491914968140234756
