1534626317290721280
1534569692899094528
1534297904457736192
1534220432144056325
1533958162637651968
1533898810749079555
1533844918153531393
1533558026107465728
1533505178103685124
1533195638556397568
1533142790447804418
1532863718719111168
1532819930617462784
1532452129507508225
1532395584073646083
1531783836090019841
1531731107095494656
1531700245683486724
1531330851182632960
1531021311526555650
1530658923518185472
1530326734347702273
1530295367958413314
1530221318213353472
1530020977400107008
1529911498671280133
1529861562076483584
1529270992253726720
1529190949338882056
1529145630324670468
1528933806748598273
1528874866883317760
1528798185589723136
1528499695680638977
1528137307710275584
1527790019439738880
1527688266455166978
1527425429983768576
1527381361769598990
1527322192836321284
1527013656055009280
1526759487457177601
1526717955827965955
1526674465903546370
1526397789629886465
1526287619549564929
1526237277264936961
1525207952331882496
1524862064744972300
1524806038603579392
1524463546821619713
1524422832867917828
1524222769315008512
1524166140896890880
1524113292427374593
1524060444322930689
1523860380371480577
1523803752788025345
1523717600043175936
1523441364804984834
1523373417126195201
1523063877830955013
1523011030158249984
1522720364601786368
1522666372894973952
1522613457979383809
1522389936753807361
1522330582801387523
1522306918823473154
1521944236299628544
1521891355001331712
1521686056302784513
1521636975555399683
1521596578997362691
1521234660428288000
1521184148643368962
1520889550620352512
1520866129043935237
1520836702352265216
1520527162339602433
1520474314209853441
1520179874538958849
1520094455361122311
1519817633343979522
1519788839610499072
1519712126054584322
1519511721357971459
1519468753389604867
1519426114275483648
1519095453748539392
1519045919181791234
1519000625073303558
1518654531348930563
1518388929816276992
1517268726483095552
1516789421579718662
1516773434402910213
1516523251840831497
1516459289497460739
1516225192292462598
1516168577816137731
1516119483970117640
1515816120107757569
1515763271885737985
1515453732510707712
1515400884183728129
1515163067994284037
1515097458560299008
1514759391492325378
1514641029814796292
1514278267880103940
1514023056460550146
1513988293402234887
1513935161481641993
1513660669454815233
1513605649623617541
1513553901513068549
1513279405245796362
1513226557162246157
1512917017233444865
1512864169246089216
1512517089306849281
1512465818596089866
1512136422492409858
1511792104938246145
1511739257307631616
1511437024141717512
1511378618659840013
1511176804416909320
1511014895122321409
1510689841868156928
1510380302278955011
1509963005345284103
1509670626054737934
1509621571945734144
1509565170745581575
1509308238482882570
1509203522453135364
1509014293068529669
1508899299089915917
1508849502534651911
1508541411188162572
1508495034987028488
1508205975315963905
1508153127056384006
1507790738951753729
1507515174290305024
1507480582162423811
1507133911347785736
1507086189765013524
1507034898170884099
1506752896154677250
1506666033020645386
1506409135717322752
1506359028703764487
1506311097988567049
1506025059168759818
1505948104037654540
1505669260185686016
1505616412072587264
1505306252708044806
1505268668099399681
1505254023993040897
1504959583869030401
1504906735948947458
1504888379359612928
1504857790426370050
1504653819011117091
1504604745767469056
1504568010652139527
1504291436094627841
1504234808020451329
1504183012212318208
1504132991706095623
1503929044609519620
1503875086167781383
1503827711684395013
1503766873430806529
1503459024179798022
1503414610820481024
1503117445493633025
1503064597275844608
1502770157290070016
1502717309084786691
1502479495432966154
1502423319878021126
1502371470584000513
1502060730539208707
1502021619367260166
1501955607905116165
1501773998258069508
1501672775534186502
1501597106494226438
1501342088620769284
1501284271171985408
1501232786270826498
1500992191581282307
1500944580069498881
1500542981652242443
1500233442109399049
1500180594080190467
1499897485262614529
1499855351532953610
1499580399277723663
1499506471733800965
1499423757827465226
1499066570580140039
1498878881381584900
1498807871001481216
1498747477549269000
1498713684079693824
1498438208887136258
1498402050102673413
1498337741179957251
1498006267066998786
1497784933053575174
1497696727033253894
1497643879360774148
1497406062504333316
1497383412281323522
1497320675769393154
1497247927286341642
1496896292903010304
1496681534212001795
1496624873967435779
1496572212647800837
1496526201782943755
1496322412690161664
1496238448713342979
1495522400003313673
1495469551554740225
1495160012020363274
1495107163806593024
1494869359172497408
1494779695996485634
1494699594042728452
1494461901849477122
1494389142872072192
1494144574054359046
1494091966509989888
1494057425934110731
1493726067751886848
1493626566701723651
1493369984940187650
1493311040477671432
1492985684763754500
1492932836747186178
1492623297460125699
1492570449028386818
1492332639847542787
1492279784130461697
1492240426023141381
1492197991100436484
1491917962248396800
1491860906720075781
1491809182449864705
1491556814240063495
