1534680348482752513
1534627893514575872
1534607041972654081
1534549015685214213
1534298970461282304
1534273894881939456
1534244284119109634
1534191542134575105
1533918458638893056
1533893773280874496
1533853069439651847
1533557272852537346
1533469191281463301
1533179532408152069
1533092961713528834
1532831764024111107
1532774975983304705
1532389520137670656
1532114470381797376
1532064212687912961
1531782828941254656
1531758019629010945
1531701851900477441
1531390810960322568
1531331118473125888
1530570339566047232
1530296951878602752
1529962081650241536
1529929653883895809
1529877516554489856
1529590885708611589
1529556693528584193
1529526230030090243
1529223356003794945
1529186988766658563
1529159705976774658
1529145766819799040
1528780001843335168
1528398231318810630
1528121453182337026
1528031359658127360
1527756488315396096
1527723296296411137
1527676336847966208
1527417313825280021
1527402488701280263
1527383973642571776
1527339306230042635
1527322146648649736
1527064488582709248
1527049645884588035
1527038168444375052
1527014843798142980
1527014839180316672
1526985315562446859
1526942824595333121
1526711160472469506
1526698850307690498
1526682378462109696
1526668527213719554
1526651991019204615
1526651988963991553
1526634485718073345
1526618975790321664
1526291661994745861
1526269972070158336
1526220534949859334
1525926219128221697
1525926216930312192
1525856780877586432
1525645879557996546
1525557558970155008
1525492379997847553
1525213996848234500
1525213995157823492
1525213993576669184
1525178269020082180
1525145726853971969
1524902744573628416
1524879242793738244
1524852731785142273
1524852729985761280
1524828487747518464
1524795454399074309
1524788468978704385
1524754611785117696
1524542873084915712
1524525760706359298
1524512389240172546
1524494800283656194
1524437282438135809
1524424372085272576
1524397170048352257
1524182939524685824
1524162656445337602
1524135638148202496
1524106544912244743
1524076230559113218
1523803501096095744
1523779899722706944
1523763836062507008
1523748168202334209
1523673850072137730
1523418212481777669
1523378953649541127
1523311005949857792
1523078171461304321
1523051805751627782
1523021986225549316
1523002206676566017
1522780131261042702
1522719860853297152
1522699532403974144
1522683425915817986
1522647338891849730
1522614983854542849
1522361537440231425
1522350412489269248
1522338151964020738
1522337283948654595
1522328663911505922
1522328367680434177
1522302533066240001
1522302531392704515
1522302529555427328
1522302527710109696
1522302525449416705
1522302522995716098
1522283539861020673
1522245723152175106
1522041579590062080
1522005906308972548
1521989045659787270
1521973119619059713
1521959065672458243
1521895446981001216
1521614699959402496
1521587891138347009
1521554718669033475
1521518889737371648
1521244989208018949
1521221599747350528
1521199194127613958
1521140311619211266
1520777059223539712
1520421466180751361
1520167839897903104
1520152052470628353
1520135766663385088
1520117242389831680
1520090620437700609
1519802771662426112
1519742398892584961
1519717690075664386
1519461893152423936
1519439093565898752
1519415014649700353
1519380385326678016
1519358913606569985
1519091945968181248
1519071406885117954
1519047329843658756
1519012651795419139
1518983596392030208
1518685639541149698
1518334716344156163
1518291616070615040
1518238834319785984
1517881731717734400
1517640139391967232
1517623015294570497
1517591626478243840
1517554809951465474
1517508348085776384
1517281526257537025
1517260541563179009
1517244660221153280
1517216787040980994
1517211831642865664
1517205880785281027
1517205564492849164
1516918289582149633
1516899225828794370
1516883833769111553
1516859412849299459
1516812975302135812
1516782288926875657
1516547006268854275
1516514658269675546
1516483751601131525
1516446070737457160
1516201350069116929
1516154239592054793
1515778623554293763
1515707152517672965
1515689787700617217
1515468657148710915
1515414977091293187
1515347532850896900
1515108457170448385
1515087927503638532
1515079645464612870
1515061367002349580
1515036279087456259
1515014706410446852
1514979385547313159
1514760718469545988
1514699404103540739
1514669423025606662
1514610287344689156
1514366957801377796
1514340743841820674
1514280911742939143
1514251176715304961
1513939461591248903
1513903734748852228
1513645620267032577
1513522325227978761
1513254742633418757
1513163139172474887
1512900156332589056
1512859349168926727
1512799241311195138
1512546800376467458
1512493453606891530
1512458183926820866
1512434458384871424
1512221685566648335
1512188727891791872
1512161334082912263
1512132865185693699
1512121924398293000
1512070489597886474
1511875907174100993
1511859801109708801
1511846873786728461
1511825700747194373
1511770419786829831
1511709823167045641
1511474512272891905
1511455492710797314
1511408433311924232
1511350535366103052
1511099455344463872
1511073787411849219
1511042006176444419
1510750324310659079
1510627179020918785
1510398404568006660
1510354129855598596
1510310844629889027
1510262777960673283
1510024457460469762
1510008903194578946
1509990742202146819
1509965804661583872
1509903410421764101
1509683460750807054
1509666497769181188
1509650423375872004
1509617771721773057
1509592671098089472
1509543442766041090
1509260126494117893
1509228363591958542
1508950632081727489
1508931414741458950
1508904535292579840
1508880839039410183
1508859764134006791
1508837227677335559
1508566605541871617
1508507121503068168
1508175776356581377
1507844342144241667
1507793758754152450
1507739904272265219
1507467549574795264
1507447868717735942
1507433284942581762
1507140384857677833
1507118056597860357
1507087753560928257
1507062093215842320
1507033522384551936
1506795705670770698
1506779180750753792
1506742791262683144
1506727110794170375
1506710655629471770
1506663280009437187
1506404467096395785
1506379498454986759
1506336771482734599
1506313505133244426
1506294033022439436
1506038952658096131
1505975685709508612
1505917416664088577
1505590994724696065
1505251255781892096
1505200420930654211
1505188028352024577
1504980722947436547
1504934693397012485
1504887021931745288
1504848623405776900
1504599601332031500
1504575082240348168
1504555789268262931
1504511979213529092
1504470287428947979
1504255419987935232
1504220287025704962
1504192716460199937
1504169025500323846
1504132373637652484
1504093271261421573
1503873678462922756
1503833121338318860
1503803236477718529
1503492164973699072
1503449488425459726
1503105869197844481
1503013762495827971
1502759084474478605
1502672765823897602
1502389224422592513
1502326784905338885
1502123545048096770
1502078203246039073
1502046902220730369
1502013773950894082
1501709921255055361
1501680598129205255
1501656379219755020
1501585856418795520
1501357347716820997
1501341673376256001
1501317238325977093
1501296396246437889
1501264437050851332
1501227176318083072
1500967975159013384
1500939640450297858
1500923108361912320
1500899451409416195
1500869249803472904
1500507498146455552
1500142090180726786
1499887683723841544
1499785993703936003
1499525779104927744
1499498600182607883
1499411274530127874
1499178920545030146
1499158314688688131
1499132905972539397
1499075278693404674
1499042795792871428
1498859172322070532
1498798942120656898
1498762072125059077
1498716517629890561
1498694155933032449
1498441501923319810
1498396154144374791
1498357962057912326
1498346638921846789
1498046783561293828
1497953670184407041
1497689428919209994
1497672518135685121
1497593043859361797
1497346442154979333
1497323840183181321
1497304519855820804
1497236813160792064
1496976522611236866
1496711823713837059
1496615380802019330
1496595232774934531
1496562236499836933
1496257456707719174
1496212983164325895
1496178286682161158
1496147320081207309
1495797308037943297
1495530452903333890
1495429286714511360
1495161521789415433
1495062117023629315
1494873747412733957
1494802310832300035
1494768311476920326
1494735639270637570
1494457237204525063
1494427662424711169
1494367715875860484
1494340142919680011
1494103044103020549
1494074543425691654
1494046108133244930
1493974147445182473
1493739327054036992
1493702804770377732
1493654525068165122
1493609467556114445
1493363924129009665
1493312969014484993
1493246372639920135
1492992731110645763
1492936528963813377
1492884266644033541
1492628078400393217
1492519613820592128
1492325337094574084
1492293170566213635
1492269789330427908
1492230549154504705
1492201859469168640
1492154878982033414
1491885053281984517
1491837723023486981
1491818245409624068
1491559523303235586
