1534681936152649732
1534672992239771650
1534660087490420736
1534626407149707265
1534613382124511235
1534613159457312772
1534603194143281153
1534560623207538688
1534309421899255808
1534279189418987520
1534249195086938113
1534234228132552705
1534218980742807552
1534212346654105600
1534181250419793920
1534181171973734400
1534174079909040130
1533946965435858944
1533932207219277825
1533916811078533120
1533901632987086849
1533886691013959684
1533871446619049990
1533866313260711939
1533852480215339012
1533817224305299460
1533811608471969795
1533569466272997379
1533524180267827201
1533479088299581441
1533207087903539200
1533199694112903170
1533191953474527233
1533161796432973824
1533116709921497089
1533086807675510789
1532859771958738945
1532844814022193153
1532829672404357121
1532818162852536320
1532784691543252995
1532724503247310849
1532482453260193816
1532467366420000768
1532459573285732358
1532452324177854466
1532415505222574080
1532360258747879425
1532135043354836993
1532127716987785218
1532127707303124992
1532127663468515329
1532104894949253120
1532090005417517068
1532074755276390405
1532059983822499841
1532044675745566720
1532030022441177088
1531999844927250434
1531767488299548674
1531757684902580227
1531742497214431237
1531717322708328448
1531712618293084160
1531682232792154112
1531674418564722688
1531637230883807233
1531319877390286848
1531303635413516289
1531244924204720129
1530912181537185793
1530680093734993921
1530670379139796994
1530640211272732679
1530610107901427714
1530564799314251776
1530323077070045192
1530292931436986369
1530278016126959617
1530218023252000771
1530187827639730177
1529960709051801636
1529945726247223315
1529930543860686848
1529900414342246425
1529885543038844930
1529870334358347778
1529855541509599234
1529583362817531904
1529575489890836480
1529568143458312194
1529538040581996545
1529533571974762497
1529523177784848385
1529515187191136256
1529508513139015680
1529486528983990273
1529223522844745728
1529219066715570176
1529190871492698112
1529160766267457537
1529130798452031488
1529100612297707521
1529096418430005249
1529096350704492544
1528873540484841474
1528843370512191489
1528828437175074817
1528798352225230854
1528783127623221249
1528760220410863619
1528405630565945344
1528375448945758209
1528148701205733376
1528118520822775809
1528088366448885763
1528058218420875266
1528013129656983552
1527771413750419458
1527756206152069127
1527741307090771968
1527711264759234560
1527696002165137409
1527651129651347463
1527637093329080321
1527488752943243265
1527439237800419338
1527409014828580864
1527393840231026689
1527367095243026454
1527363716131328000
1527348928768725004
1527291793829949441
1527288755844878340
1527061614695960578
1527031452503875586
1527016538041196551
1527001115191033857
1526996668817756166
1526996622248386562
1526996470829920258
1526986453347082241
1526971224643014660
1526941084001222656
1526699213706371075
1526692839916175362
1526669042953641985
1526652226692861955
1526648351797682176
1526624062260248578
1526594105945608192
1526563900984070147
1526321862812352513
1526306656962990085
1526291738444316673
1526290033728274432
1526276529864458244
1526254909959577600
1526209615322652673
1526209351928754182
1525974384736976896
1525929149298262021
1525883873774690304
1525838755214540801
1525611980698140674
1525581806027870208
1525551653100867586
1525506585711333381
1525476447749562370
1525249649795338241
1525216845384523778
1525189381681815553
1525159274418159617
1525144249406304261
1525128920324001794
1525127154236805123
1525116162664714240
1524906022325964803
1524887325284655125
1524857135569555456
1524812174459289604
1524796967280418818
1524782273413120000
1524752052936716289
1524539902389637120
1524532323794014209
1524524886860906497
1524509910620377088
1524479850437881857
1524449780780486662
1524434577443508226
1524419802219036673
1524415739914080256
1524404425246265345
1524390972813197313
1524374203826421760
1524162491449810949
1524132356818411528
1524117432616562694
1524102244592988160
1524087136672178177
1524072152445726721
1524057400185135104
1524049228087050240
1524027291982086147
1523785117902446594
1523769944521035778
1523754771848572929
1523724970660179970
1523694959760658432
1523664883635662849
1523452847832002560
1523407475349016576
1523377331905064961
1523362328200491008
1523332386896891906
1523287065894350849
1523075289643098112
1523045096803168258
1523025951852056576
1523007280010383360
1522969912037507072
1522939731847352320
1522712939303739393
1522682785475014656
1522668838785007622
1522667844705693700
1522637813371613186
1522622619060686848
1522607912484577281
1522577726913273857
1522350572581629952
1522320408069947393
1522305473306898433
1522290298608627715
1522275387396562944
1522260194146795522
1522245431329185792
1522218327786938370
1522003416272232452
1521988173508788226
1521973139307220994
1521958086575104009
1521943132992114693
1521913089804972032
1521897821439410176
1521883184518111234
1521867666503487490
1521859752849981440
1521858246360895489
1521852965463724037
1521838423325253632
1521628652034793472
1521625793792823298
1521604964270940160
1521604900492398598
1521595649774469126
1521580711576276992
1521576590278283264
1521565527205978112
1521538845749260290
1521535432802119681
1521520622785990659
1521505309767962624
1521494799374770176
1521342485670338560
1521337634555113475
1521337451045961729
1521337398164140034
1521336928767025152
1521336902313553925
1521336276510720001
1521336135104049152
1521330484416065537
1521319241336737792
1521251037226708994
1521233260210266114
1521203112354140161
1521173038036922368
1521158174451060737
1521128016335802370
1520916164636983296
1520874460252983299
1520840615168294912
1520824847802462208
1520810478506815491
1520780316025184256
1520765370348576768
1520750119511113730
1520553705023713280
1520523522501664768
1520508391763943424
1520493358812123137
1520463274185306114
1520448128155066370
1520433197942669312
1520417956374663169
1520387773634646018
1520191447076585473
1520176238156996608
1520168569044099073
1520146095334117377
1520131198592466944
1520116010027732996
1520101120869376002
1520101107028176897
1520085905536602113
1520078016143151105
1520071125786583042
1520055794515030016
1520047814620983297
1520040995261661184
1520034092728958976
1520025573468344321
1519873287458856962
1519873286527672321
1519873285567229954
1519873284619255808
1519873283683987458
1519873282757046279
1519873281549119490
1519873280391487488
1519873279263182848
1519873278126526469
1519873276759228416
1519873274599071744
1519873273265364997
1519873272015470594
1519873270908137472
1519873269792395264
1519873267422703616
1519829084943101956
1519813870667419649
1519801136538177541
1519783727517343755
1519753608882970624
1519738685901709318
1519723511211769859
1519708884537073665
1519694196478722049
1519678578484518913
1519535083362922496
1519451473280647169
1519434826645913601
1519421336615108608
1519391222477074432
1519376296136126464
1519361150458241026
1519358215057780736
1519355920198901760
1519335574687076353
1519316173787181064
1519300785376481281
1519089069514444801
1519074117198229505
1519058997407621122
1519051216612909062
1519028839283937282
1518998719609380865
1518983949497864193
1518968581328973824
1518946045165776898
1518923344871100418
1518730334346657793
1518725295775301632
1518696546925268998
1518681599084314627
1518674873811447808
1518636340061122562
1518620742736302081
1518591327478423552
1518560946729463809
1518355187517341696
1518334078306734087
1518322645309218816
1518303918878511104
1518273757500092420
1518213395836772352
1518183118771003393
1517971685835747328
1517941545193943042
1517928290807341058
1517926527765295105
1517911410277236736
1517896444459560961
1517881245757329408
1517866342099079168
1517639531838820355
1517628070009745408
1517609399262527490
1517602899769143298
1517594453288136704
1517590327628079109
1517564432888512512
1517549319632662529
1517519928210898944
1517519348189044736
1517458548749385732
1517317659351830531
1517277205780443138
1517247021132001282
1517245037586923521
1517232036318175238
1517172031137230855
1517141915057016833
1516899757586882562
1516884628870766592
1516877182508978176
1516860337584320517
1516844031254450181
1516839548231188486
1516830736808091650
1516824455552643072
1516786407188148232
1516779444878422023
1516567600066711556
1516507278110826502
1516492116234575879
1516477215176802310
1516462017426731010
1516447235910914059
1516374814067462144
1516211100445982729
1516189992946737161
1516174956920459266
1516144907618066440
1516133226393350146
1516129708068515860
1516120660413759490
1516084734241263616
1516024162850062342
1515827536072167427
1515812459898093583
1515782292207288324
1515737106722734087
1515701625721085957
1515438642319265799
1515404845599145986
1515374717410193422
1515359694407315463
1515329589152731142
1515299247867977737
1515284039204327427
1515087836084682758
1515042591242399747
1515012520095932424
1514982483284086787
1514952326993305607
1514740462191628293
1514710312435470339
1514696254038683648
1514680223521984514
1514679794721505291
1514679793479999490
1514679792041353225
1514665280752001029
1514652211112034316
1514635407488598018
1514605832138223624
1514605293870596104
1514559413478121482
1514393273057660932
1514378069032976391
1514363057568419842
1514352182438551555
1514347929116549124
1514347905620058125
1514317848612642831
1514302905016369161
1514299898644021256
1514273079769321483
1514257728578936833
1514227427496583171
1514212300051427328
1514015672329818113
1513995966378033163
1513989093256056843
1513955462600966146
1513953447892205573
1513932832439259136
1513925336836325382
1513918013883486216
1513910505752178695
1513895281846329348
1513880324018692105
1513849868837695499
1513653271369502720
1513638246013620224
1513589485250002944
1513519802790428680
1513517877667708933
1513487495698305030
1513478229738274822
1513275745128398855
1513230490765041668
1513155147106603014
1512913350354784265
1512868131458498570
1512838027789443081
1512749673647382530
1512589867439603717
1512551063278211078
1512520974712942597
1512520020781322243
1512420930819182599
1512404606273400832
1512388923238014977
1512173585988739079
1512158606300430340
1512145694286663688
1512133518893236236
1512128473078325251
1512119512593747976
1512111114670256142
1512083465042231308
1512078765286834179
1512068959721336843
1512053164861755400
1512022757579665411
1511827066613870594
1511826310435377156
1511781151161167872
1511766101096603652
1511751150059593732
1511708463629541377
1511705964189257733
1511690753499664395
1511463920342487041
1511433820200914946
1511418511125622803
1511409632069267466
1511403704074780676
1511373773336985611
1511343500918468615
1511313120173727747
1511297945521512454
1511058506169913350
1511056418723536899
1511026437528207362
1510996320143687681
1510981225267277827
1510950810775130121
1510723945556811789
1510698186884751364
1510697399613898755
1510678718800351232
1510655900691968005
1510618409733664772
1510603286277242885
1510391736299831302
1510351369882017802
1510331403560538117
1510316359464493063
1510301326651056129
1510286258697875459
1510256065723740173
1510091945133195276
1510002825471967236
1509984205987631109
1509969221849128960
1509946808906223625
1509939256264900608
1509927342822629378
1509909216852598786
1509878950591352833
1509863557038592051
1509670801691361281
1509655534764494858
1509621848249614350
1509610252475506696
1509602028368146432
1509602014589767692
1509586328912019469
1509561669286084608
1509546800868438019
1509541321152864267
1509519619593224194
1509500846916214787
1509486062594314243
1509339707053953029
1509315800561238018
1509293149478432773
1509292229436788742
1509285641682665481
1509274527381041159
1509262950888099848
1509244102671540236
1509232756190060561
1509214447860072450
1509199360051093521
1509189792491257858
1509184406749122561
1509177468510523405
1509169164132495366
1509168234100105224
1509167381792403459
1509157271128977412
1509123668026273795
1508997858858610693
1508932020294012936
1508899325870546954
1508882132428591104
1508871617904054282
1508859071876718592
1508841429149360130
1508821964621856770
1508791844150333442
1508776380296744962
1508761255053570051
1508579997455421442
1508536912302202887
1508504563157979136
1508474521602465795
1508459554685833220
1508439297875234819
1508429283613712391
1508232552921903111
1508157076731740170
1508111857109934087
1508081640261799944
1508066583050084359
1507839933909774336
1507813396493787149
1507781937997524994
1507764622987825155
1507749516031766535
1507719360797974541
1507492714555789315
1507466114359447557
1507447521668390914
1507435918738796546
1507389360014073862
1507372402681991175
1507342174513471491
1507136433542283279
1507135560632131585
1507109685849202701
1507100254784610310
1507055096475099141
1507021646661627912
1506994855318331398
1506982504410066953
1506767979937214475
1506761462693482497
1506714946251501569
1506707809727127562
1506692789131751426
1506677736433238028
1506675903144894474
1506665267379777538
1506663760018214923
1506652000431267848
1506617421494472713
1506405554931093509
1506377282327400450
1506365105730113549
1506330299650740230
1506316040225050630
1506307554577731586
1506254898341502979
1506249476465430532
1505982994485583876
1505971267496726539
1505957423856730112
1505937804555165699
1505926884181393411
1505862085707714561
1505680694701350915
1505620383906545668
1505575204214517771
1505529928736981001
1505303213142122498
1505264655127699463
1505242926611316737
1505220081307033601
1505182604533895171
1505036291309817864
1504953297853112321
1504949970545389576
1504944498345918470
1504913037429518348
1504895872508833799
1504880704504668160
1504865823906840579
1504853909747253257
1504851392447528968
1504835067419443218
1504831252272193544
1504811114764320768
1504603498628980736
1504578523125665793
1504564427747741696
1504518340605272072
1504500319497211914
1504490259790413832
1504472655059062794
1504463828742025217
1504448727125315585
1504243212768194572
1504216196803174403
1504201142913404931
1504189510531395595
1504171103391989765
1504161837306327042
1504141019134181390
1504100184166445057
1504095651491205128
1503872427184504838
1503825871647432714
1503808704646426628
1503800745044422659
1503794711638822921
1503794631376572425
1503778601816457217
1503763468100546565
1503718309056888837
1503506470989705222
1503449654847057931
1503434554635337728
1503416249161768961
1503377978415362061
1503083661633142800
1503023400624795657
1502786520272584710
1502766571000848393
1502721266540695558
1502660945046343685
1502390160557850630
1502348643361296390
1502318749986213889
1502307552729706498
1502298747224612871
1502080542971416583
1502056870760099846
1502041924898889735
1502026724854353928
1502011896920219655
1502000092093558797
1501988814465769485
1501966498205782016
1501954811679453188
1501906002072977410
1501694473872592896
1501683003877396480
1501650291040657413
1501622620768415745
1501617569933017093
1501599967382839304
1501317175914680326
1501301995671625728
1501279145195618308
1501267757886697472
1501230035730108418
1501214949623934982
1501196151177027594
1501181302808195077
1500984994918977538
1500969705837895681
1500954750103302150
1500924720014929921
1500914189174513664
1500894261784588291
1500879367911653381
1500849213445484546
1500623520891609088
1500592206935113729
1500564379946868741
1500535442357334029
1500501800755122181
1500486556775292945
1500248547932966920
1500217092855021581
1500199705669775362
1500184532963762182
1500124209938419720
1500093951444979719
1499897826641424384
1499867622678138888
1499856913466593281
1499855968196251648
1499840872460046340
1499840180425043970
1499822269333393420
1499811924871204867
1499805714633609218
1499780485219815427
1499765385167519753
1499747279921635331
1499731699705462789
1499505252143448075
1499494835300061185
1499475203302342662
1499462117732368395
1499445145309167617
1499434435304992772
1499416834411577348
1499399656874266630
1499384729111568386
1499204267328028676
1499190318586941446
1499182271949066241
1499173098301665282
1499162643105517569
1499142849601974273
1499131190003093506
1499115375421792261
1499114829625311243
1499099560169414658
1499097504935260171
1499083377852440576
1499067473060143109
1499055703528546316
1499043109786861575
1498991935863861250
1498829199720783874
1498819135337340931
1498810690160762882
1498798998253191170
1498767532777373697
1498753707516862467
1498737341262974976
1498690347660201990
1498678219192647701
1498659989187141633
1498629550913249286
1498421513925664769
1498391320502714371
1498357340705329157
1498342615254716429
1498322110523056130
1498086804427264003
1498026406537797639
1497995213662531584
1497967268764045315
1497955719798300675
1497793163448225793
1497743976262246402
1497734006774894595
1497721550828617729
1497719659738578948
1497715061753880584
1497710573651431427
1497656469126328323
1497622801263509517
1497602774665736195
1497574681754411011
1497445127522037760
1497287788248678400
1497267658781339650
1497226143610683395
1497210681476755459
1496982028801163265
1496910307561775104
1496871298835886085
1496848051025104904
1496712747177947138
1496617128270651396
1496576105230262273
1496560495674806272
1496539108239421440
1496515195002245126
1496505136809664515
1496473685670219787
1496455255915180038
1496245923076354062
1496232913632997378
1496228518811865094
1496203151254466565
1496190575787266055
1496123285075070978
1495791358128308241
1495420517708410885
1495178896974790661
1495149951436918785
1495114727265030147
1495053065438826499
1494815247856775168
1494797631649988612
1494785052273745931
1494769948245254157
1494767064128659458
1494760960816472065
1494734157271945216
1494718830622425089
1494715842034024452
1494681868201250820
1494421409640194049
1494403786026196997
1494392306744627200
1494366041811689474
1494355558878560260
1494348490629173250
1494340289657380879
1494326268090720258
1494310790425452544
1494307323598315521
1494299356291346443
1494280912900702213
1494069427029086208
1494059017605427205
1494039370747285504
1494027570177884161
1494009380425056259
1493997380986933259
1493980945321500676
1493933531294322688
1493918555875729409
1493737262823137283
1493701659377160197
1493665641248792582
1493621130799816709
1493594047587434507
1493586551342829572
1493344650094161929
1493332991262744576
1493322914749464577
1493316625659047937
1493299319549661185
1493266972632666116
1493252252097732610
1493248680505352195
1493224462338215942
1492985693039206408
1492969332560781314
1492939133882445829
1492876451187765248
1492861510263128069
1492634721636990981
1492609461688717316
1492589570382352386
1492529392244994049
1492493715121885186
1492244561636302864
1492167472040005633
1492155237729284098
1492140142466936833
1492139141554970634
1492131314438479874
1492118731522293760
1491927467870887937
1491898531296296965
1491887236178132993
1491865079125626883
1491839395825168401
1491831457509265415
1491810450811629570
1491789514947260421
1491774692033765384
1491761391694450690
1491563033516199936
