1534664064474832897
1534577732419477506
1534540265461100544
1534524727137542145
1534342949940539392
1534303885774536705
1534201516373860353
1534129039253852161
1533949103385653248
1533910694789365766
1533853368191528964
1533829818742996996
1533799043935223809
1533601312507449345
1533542172623925248
1533465165626318849
1533412819697287169
1533208724529025025
1533135492102750208
1533089187188158464
1532889173966848002
1532861611714699265
1532843853610467330
1532843851576229888
1532499551931682817
1532454253062766619
1532361826792521728
1532361822925377536
1532327140863234050
1532145216844709889
1532125084361662464
1532098876324315137
1531772037668151297
1531671344823382017
1531605464236040194
1531381434178478080
1531284314243178497
1530991112223178753
1530960158205124609
1530930462901813258
1530688619031277568
1530628724546277378
1530567571493097473
1530535107773091841
1530324721107091458
1530310628253937665
1530278416468955136
1529962584920756224
1529933392753463296
1529888345882382336
1529860871660478465
1529600448646238211
1529566152543854594
1529551799912366080
1529204635898191873
1529160478202667014
1529105028841017345
1529071463180996610
1528861328554831879
1528804305398120448
1528728156521250821
1528521121242525699
1528378144624975874
1528175220237950976
1528096539016474624
1528030652817358855
1527770624902545409
1527758562524401665
1527728614829178881
1527699515762954242
1527427379714572290
1527404849842769938
1527366227479277568
1527324311895171075
1527259322845212672
1527020471639752707
1527000835103899650
1526980941268262915
1526962840460050433
1526929415866916864
1526900257442914305
1526701094444883969
1526666080353144832
1526648737539534850
1526577079508209665
1526533179728879619
1526308004294864896
1526266619994972161
1526261419016130561
1526251307304198147
1526171091978395648
1525938569939783680
1525889496272756736
1525826330125803522
1525623082504884227
1525545240089731072
1525491135476469761
1525265384143732738
1525252045925625856
1525236946360057859
1525212588665077762
1525089978132340738
1524890664785399812
1524855981246713857
1524830119717740547
1524805778640711693
1524759299712446464
1524730700695494656
1524554304299966465
1524501544221261825
1524500557221834752
1524500526607519748
1524436673378996226
1524416674262405120
1524370497395380224
1524348844577808386
1524178220689547265
1524162178437328896
1524132736549724160
1524077557498404869
1524064868793524233
1523996637621886977
1523817890574749697
1523804400791306240
1523645208147206144
1523443538674864128
1523279178249883649
1523105640692002816
1523030500029472768
1522985135091732480
1522653279037140992
1522627428564279297
1522369804161724417
1522337340307513345
1522324002395627522
1521988793766662150
1521951548196151299
1521936628717178883
1521895931720966145
1521819768520597508
1521626406005919745
1521588634410967046
1521587514166984705
1521510744696754178
1521494228672598016
1521494227640897537
1521494225531121667
1521264269655875584
1521234825570627585
1521225887211048962
1521152912990388224
1521093737681727488
1521093393488613377
1520905908238393345
1520892093023010817
1520809919712268288
1520743085298180096
1520521374267228163
1520478844800565248
1520417693320597506
1520181384072941568
1520154186679214080
1520057065045037056
1520004699868573697
1519852378115170305
1519808799829331969
1519798613429301248
1519797288188751873
1519774686732853249
1519756585115045889
1519727075443318789
1519719455487676416
1519671175986782210
1519667898628907010
1519667819373371395
1519660753296494592
1519467932979392512
1519443775893893120
1519411953667653633
1519383749091282944
1519103280424513536
1519033337159028736
1518957926114893829
1518909251858665473
1518729316288188416
1518712707163340800
1518706368080924678
1518706005193994240
1518652431340556288
1518561209053696000
1518376777378418690
1518256982028922880
1518210245729955846
1518004160687480833
1517611953602002944
1517549291077660674
1517524997102653442
1517513692392349698
1517509303602663425
1517496797245149184
1517250320560267265
1517193897574862848
1517177073579737092
1517113166857076736
1517096557706985472
1516918254169735169
1516917628337459201
1516871613689516036
1516751534133891073
1516546935766667265
1516545368070279174
1516521854541905929
1516499987714170888
1516218105067974656
1516174736132300822
1516094202572013575
1516043591193350144
1515804795818422285
1515661362046808064
1515466315808399360
1515442407977926660
1515393335183114243
1515337207590137865
1515053952060084231
1515048969067499526
1515007280932171777
1514947336170000388
1514726219362799620
1514590655825199104
1514562107236405249
1514386925377011715
1514338942547542020
1514296887549083648
1514273581513027593
1514249057195237381
1514222244326739970
1514019532117098515
1513999714143854594
1513917165933633536
1513862798765346817
1513670985333026822
1513536721534828554
1513501238096236548
1513256755869859845
1513208042812227586
1513178739647078406
1512940421709713408
1512904808533012484
1512846553492250626
1512807551401803783
1512583821736091649
1512551861542277120
1512473643640664066
1512171479470907393
1512108687426473985
1512068313509101583
1512053819374710786
1511843694982225922
1511782850441404419
1511782803582636039
1511744793575051274
1511686650757320710
1511490870113042432
1511470543626772489
1511465796832276481
1511372301878583297
1511347096313634828
1511303154276708353
1511127727495073792
1511102813241290760
1511058521353175040
1510987910425849866
1510709723036717057
1510606543032655877
1510400434825011210
1510270831577993219
1510228552305848322
1510045848473935875
1510013132818710529
1509932602408505348
1509674875530661888
1509659804872097795
1509639168791494657
1509553598350434311
1509512108093943815
1509320569736601603
1509314278049783811
1509292132179197952
1509207160676405248
1509181975768276996
1509178307195064325
1509173980472750086
1509161700314042368
1509161672409296900
1508981585860866049
1508963184316760066
1508890234196414465
1508880057720262656
1508845696224538630
1508830017370927104
1508797226319065092
1508570627849957376
1508538667194675202
1508488678619897869
1508488645442949123
1508430058389712901
1508423659538444289
1508251273480482816
1508218397531725830
1508084172505563143
1507853010323619841
1507797533665509378
1507715124961886218
1507481199425597444
1507433133288923146
1507425214258364460
1507420549823225856
1507099945433763855
1507067095275692046
1507026512523968512
1506979741244473346
1506788704983076867
1506670228373049346
1506668576463273986
1506668039382650883
1506646193182498826
1506625190171660291
1506625189005643778
1506407625583439872
1506299931669237760
1506289597478625281
1506275211385229318
1506274095356329988
1506257637024927744
1506080749635751937
1506074933172088836
1506030892946321410
1506001856614518792
1505651140859514886
1505592755933921290
1505532369599610889
1505291017750122496
1505008747235745794
1504942722767073283
1504893410800541697
1504844549591547931
1504809847509954564
1504801039127617536
1504587884459749395
1504562718698717217
1504529637224984582
1504514249418321932
1504510582833176579
1504493501366611970
1504493500213170179
1504220371876200448
1504220323033583623
1504120067566489600
1504120017436172290
1504090940234948616
1504073558250635265
1504073521823207429
1503846023734738944
1503829220270784513
1503780358390702088
1503752356248305676
1503510032800833547
1503493108117426189
1503470018851491841
1503406532603654154
1503400346240143362
1503125346706673670
1502995107984945154
1502795282811129864
1502747508212125696
1502675793289252864
1502448457155497989
1502369412799737859
1502280178772451334
1502068785485795329
1502016089731088386
1501918797388828672
1501701869521059843
1501666119752507393
1501556661101555712
1501343758083756033
1501285949787058183
1501268280518004741
1500981873593442308
1500931038566141959
1500894758075523077
1500818974442938372
1500653459766349824
1500605641827786753
1500489127183237129
1500255897691598852
1500151870366572558
1500151837697191936
1500139074954436611
1499885902041993218
1499854078553333775
1499790591617638411
1499561011728236545
1499538830776578048
1499538828780052482
1499523514121867273
1499498626703364096
1499498625432539142
1499471858885922817
1499411033730994180
1499181258999484417
1499149688204939265
1499110577544773638
1499085118358630400
1499068696282685443
1499052583096397832
1498890623595732994
1498857906661376005
1498854012489277444
1498852257051389959
1498847168249143303
1498846627423006722
1498845208196403200
1498843884293656577
1498829334659973125
1498788350957871104
1498780871016386563
1498752936649773056
1498726255168000007
1498719471934050315
1498696990821171210
1498693696988098561
1498660288740143105
1498450695292399617
1498388032713629698
1498372532856135699
1498370231051378688
1497937815660810245
1497725919397486595
1497695972113195013
1497632302293127168
1497589017407377413
1497426182173827080
1497361518668619781
1497336634286739456
1497294746347266060
1497241392632012801
1496988085145550853
1496920188457033735
1496917786618384384
1496878671008874500
1496849142232006662
1496831615133175809
1496831613891751938
1496831612738314241
1496831611526123523
1496831610154487811
1496638000792489988
1496608808575119364
1496573022240653318
1496277374522044428
1496252208991592454
1496210936834801665
1496178685220696071
1495884787612934144
1495777078091739143
1495537499774468098
1495491380319297538
1495428783221870593
1495173128334491649
1495068911687151618
1495060646731431936
1494832604503162880
1494798630817042435
1494747331455074306
1494728469699338242
1494476760469184516
1494444541029584900
1494424666760376323
1494385885273640964
1494360326980214787
1494095245977350144
1494093981017419779
1494035871393271815
1493951549151744002
1493741781652938764
1493704797366767618
1493628456399212547
1493628454646030341
1493355873950908417
1493306965224792069
1493259738590625792
1493015380415041538
1492951207425363968
1492871372841889794
1492871371361300483
1492862121029169152
1492653244211892225
1492594356263530508
1492528929151795200
1492274246910988288
1492214603970842624
1492176488023695366
1492122246076411912
1491835854205112330
1491829361942618112
1491825558065405958
1491822058053029891
1491822044585115653
1491775127842959363
1491580676717559813
1491556266132582405
1491536190142615552
