1534661547741544448
1534645391857156099
1534630593459372033
1534626251150958593
1534562852350181378
1534562645902172162
1534525920123428866
1534525918915571712
1534321809201549312
1534295134711316480
1534293905960730630
1534271158316670983
1534271154487271425
1534249332370591744
1534230915894976513
1534206732750176258
1534186084590026753
1534162264663674883
1534162254882607104
1534125405829050370
1534115272134733824
1533918996256407552
1533918994251530240
1533870182204047360
1533824482179153920
1533824480614694912
1533792742370951169
1533792740957462528
1533438427609325568
1533438422769188867
1533074240001478658
1533074237564633094
1532829484113608707
1532814968235622402
1532788016254705665
1532788014493073408
1532711107911208966
1532711103821651970
1532695640999968768
1532695639561216000
1532692710104367104
1532432946715578397
1532348533994553346
1532348530001584130
1532077644816457728
1532013087120924672
1532013082674962434
1531985650035064834
1531985646038003712
1531729865736699904
1531729863643635713
1531716950400835587
1531694731369058308
1531694729976487937
1531692492432760832
1531692490776096768
1531692489500917760
1531692487990968323
1531637178694045703
1531355884785438721
1531355882293968899
1531318354870521856
1531318352584515584
1531249929728974854
1531249927732572160
1531051893077721088
1531051889114087424
1530962423217213440
1530917799673069568
1530917797567549440
1530913450079264768
1530902380748890117
1530902377196314624
1530655893020352512
1530655890403106818
1530587704110587905
1530547922349215744
1530547920025571329
1530537372546482177
1530335183219699712
1530335179327275013
1530275858405007360
1530275857515814916
1530275855469092869
1530220092407042049
1530220090016378881
1530196629328121857
1530196627729924098
1529974916065513486
1529946290225922076
1529946288409788482
1529930114649186304
1529930111201562625
1529907210364538893
1529887432107339787
1529887364398600192
1529887277836558336
1529887153089650689
1529854081484857344
1529811086656122880
1529787564705603584
1529551768698363906
1529551766479687681
1529439636086456322
1529439634643640321
1529214429308624898
1529152402384900097
1529115092477935618
1529115090850545667
1529090580776685570
1529090578255847424
1528792256764956672
1528784995938099200
1528784994281345025
1528749659363098624
1528744815948705793
1528744754955132929
1528725092750053378
1528725088845107200
1528361312832610305
1528361308139175936
1528174221037391872
1528032155766558721
1528001379138211840
1528001375275188224
1527756169460297728
1527756167891517446
1527689796151398403
1527689791751569410
1527671673444519937
1527671620747382784
1527637028397015040
1527637025934934016
1527464119795961871
1527463037199962123
1527409707203403776
1527381381688475648
1527377729779138560
1527377635000471562
1527348845700534273
1527348843477471232
1527288310858600448
1527288307184390145
1527274167342612480
1527274164444311555
1527253424827469826
1527050793018335233
1527006463486566407
1526969796398567424
1526964277315350529
1526921364317274112
1526921359888089089
1526917401400549376
1526917399148208128
1526693510824484864
1526693506542075904
1526684027960303618
1526656197666955274
1526656196039651336
1526656194374471681
1526654353280577538
1526645369840586758
1526633809642405893
1526633807021068288
1526598669885222912
1526589572087525376
1526589570380447744
1526589568308465664
1526556240511475712
1526556238259027972
1526539568769556480
1526315230325784576
1526285443901407233
1526285442324340743
1526267985312329729
1526267983257034758
1526262861298814982
1526005460393943040
1525891400025395200
1525859266380419077
1525662293937295360
1525602482017259520
1525467497289613313
1525467494621884417
1525272398613860352
1525263121039892480
1525263119727177729
1525263118640766976
1525263117609054209
1525263114291318789
1525184212067880960
1525118489744355330
1525118482320441345
1524938661128708116
1524938623979757576
1524938570414301187
1524860201236676608
1524849908154568704
1524849905411448838
1524838506790539287
1524837169965191183
1524837166697828379
1524829308895776787
1524777061000306688
1524777060002037761
1524777058685140993
1524510719647043586
1524510718166454273
1524510716312662016
1524508401308471296
1524488425415614465
1524488423070912512
1524486558564429824
1524411110643929089
1524391917647273991
1524186971190480902
1524050833566048256
1524045846077136899
1524016288837902337
1524016286581379073
1523821999646294020
1523821997419118601
1523821990624350211
1523821983733096448
1523821976439205888
1523790364527951873
1523722977833291776
1523722971483107328
1523671750998851584
1523671749316935680
1523385755535478784
1523385752402673664
1523371035751448576
1523286684984483840
1523131705128853504
1523021488265199616
1523021485719588864
1523009220857241601
1523009219141660672
1522984520211120133
1522984516423458818
1522974478959001600
1522974477193203712
1522641864897216515
1522641862187704321
1522616341181702144
1522616339143311360
1522616335905304577
1522607095849406465
1522607081706168322
1522601057804763138
1522601056588423168
1522601054789160960
1522373941305782272
1522337783179886597
1522337779899936768
1522318652485390337
1522285408721195012
1522272875297886209
1522216315171184640
1522216313065598984
1522214348613054468
1522214346289401858
1521996036289536005
1521996034355957760
1521965382537551872
1521961850694516736
1521907398558031872
1521828800111255552
1521828796642570240
1521635095152631808
1521568969798397953
1521568968313610240
1521336715402792961
1521269616743489537
1521205402439925761
1521201853165449223
1521197336650731521
1521176637601107968
1521176635818528769
1521176605003067393
1521123168513105921
1521123165803618304
1520836778093068289
1520836776780345345
1520805267306389505
1520805265985183744
1520491551478198274
1520436559165669377
1520436557416919041
1520436555143385088
1520436406451113986
1520412843962732545
1520412842570264576
1520409194100318210
1520201952788893697
1520194470452490241
1520159100319014912
1520159096598581248
1520097690507436032
1520097688464900101
1520053793290739712
1520025465620213760
1520025464051544064
1519828332665262083
1519787035636035585
1519771566539780102
1519739917634613248
1519739915713585153
1519708182599417860
1519707816596054017
1519707814398148609
1519693598115180544
1519645984799744001
1519645959768190976
1519502126032068611
1519497400053862401
1519497397583372289
1519438237579816970
1519423582375403520
1519381219338772480
1519377839241408513
1519353177702871043
1519345678442536964
1519302983279910912
1519139203766009856
1519066745767661572
1519066743678947329
1519021806652375042
1518925830390521856
1518925828884733953
1518920220576219138
1518665449436811264
1518665445234073600
1518407050967007234
1518270850272833537
1518270849027084288
1518270845747146753
1518229789160652800
1518229787969564673
1517554215438233603
1517160733108281345
1517160731933908993
1517160730621005824
1517136686207094784
1516885164701274112
1516864442956488708
1516864441786187781
1516864438686650372
1516530714426187782
1516530711095922689
1516530709258768386
1516530704728928261
1516231045519134729
1516215790470672388
1516215786498625539
1516098386667184130
1516098384595148807
1515673810145583114
1515432707576279048
1515432611140837378
1515341064126844929
1515341032291979272
1515327180150128649
1515061648788127744
1515012827571961861
1514967812049145863
1514667463090356228
1514667461085474818
1514625793388916739
1514625791501418499
1514400262764568583
1514385054310481920
1514385053152948230
1514385051974344710
1514306553880641536
1514306551393275917
1514246276337991683
1513959385936142347
1513898011147001865
1513892807206912000
1513892804816216072
1513628013874847753
1513567747350966273
1513567737687298050
1513533017809207297
1513533016190160909
1513533011719069704
1513336108809084928
1513336107521433603
1513335773533200386
1513290643891707909
1513193108636319747
1513193106455375878
1512912329880576004
1512912328022441988
1512832432621428738
1512547231630512138
1512547230791708682
1512547229021708291
1512523373036945412
1512523368121126918
1512451063101730816
1512450932902146050
1512392738469199880
1512387674048507906
1512183150713126916
1512179825129185283
1512130797691715595
1512130794155913218
1512079784741801990
1512079782606823430
1512079777636651015
1512058089394028544
1512058085048782850
1511794413529440260
1511794412413763587
1511794406612946951
1511775678869520393
1511466872209911817
1511447081537314817
1511431163352604676
1511357749556359168
1511357747845025795
1511147876499533826
1511147814486777860
1511078613436833796
1511061358783172618
1511061356904173570
1510802647409905670
1510802594414870532
1510802533597552643
1510698171751706632
1510698170753368070
1510662171088371713
1510604366721560584
1510604364762783744
1510325282783309827
1510325279461363715
1510016873341100032
1510011005463678984
1510000678059626501
1510000675631026180
1509978404304662531
1509943423683358726
1509888173974953987
1509627697416265739
1509627695252049928
1509577009667751945
1509568421691801609
1509530066786476043
1509530062944542723
1509520806245715972
1509520802143690758
1509342378636853248
1509342376665489408
1509212079059787786
1509168193947983880
1509168192362532868
1508958433432809479
1508917544882778124
1508917543116980231
1508893514834321409
1508893513072664580
1508884174270251018
1508884173112713222
1508884171539849220
1508880008609210381
1508837366261329928
1508837363778297857
1508837361857224706
1508793344184438784
1508793342347382788
1508589069659525128
1508574470298087436
1508574468356063237
1508557453746745355
1508557452089991172
1508528268458213381
1508528266096881676
1508447295808880640
1508447294357745670
1508272700753596423
1508272699084316672
1508221851264335874
1508221849930547211
1508221848517058561
1508197000419893256
1508163914986627075
1508163913875087367
1508163910930780173
1508088008150552583
1508088007185907719
1508088005403238401
1508084623359758346
1508084621833121802
1508084619970813956
1507860951600619527
1507779918154764296
1507760826270236677
1507728145968996352
1507540270811955200
1507512225820520448
1507512223975055367
1507463080300748811
1507404024760446978
1507400031602720775
1507400030185005085
1507391105976860676
1507356856527765512
1507074107782930435
1507074106163965964
1507074104863735816
1507074103311806477
1507074100090617861
1507003909243486210
1507003907393798147
1507003905804320774
1506979246501150726
1506785937916846090
1506785935979073541
1506746142708670471
1506744513146101763
1506640023403352079
1506640021838872581
1506640019573850115
1506640015778107396
1506640013617938441
1506453801049415681
1506453799682064384
1506365994763173895
1506365992817070087
1506305677312069641
1506241748326129665
1505922857746018316
1505907274140860431
1505907272538546179
1505614729552748550
1505612206653718528
1505612205110304778
1505548062340571136
1505321791484567553
1505262776008294400
1505262774531895299
1505196344436269058
1505196343601643522
1505196342636863493
1505196161489162245
1505006214891061248
1504957962502168578
1504957961273286662
1504868322264944665
1504868319576395790
1504826611455172609
1504826610263990275
1504643576470417421
1504586812567732225
1504586811456241668
1504586810235756547
1504586808964825091
1504520940675338240
1504520938678890512
1504494581668368387
1504494576974934017
1504492682432987136
1504492681522724865
1504492679488585732
1504480620600123401
1504480617815183376
1504248221207601157
1504248220326711297
1504248218460299269
1504239167219322883
1504203930284265477
1504203927721500673
1504161644435410944
1504161642979995653
1504161641407070211
1504158111329927176
1504158109228544001
1504126311295557636
1504090361685331969
1504090360385048584
1504090359080574984
1504090356849197059
1504082254548586498
1504074530305814538
1504074528930123779
1503923184764133378
1503834799089270786
1503834797709352970
1503834795243102208
1503781999101845512
1503781996878876673
1503707443574063113
1503707442038906888
1503707440298221577
1503488250693959681
1503488249171480584
1503476905592426507
1503476876798566401
1503476836327731203
1503476800810332162
1503476446664269825
1503445861879099392
1503409232187731975
1503400566734557187
1503373931482394626
1503339683744473088
1503168188032471040
1503168049859465223
1503035359298560002
1503035357859831813
1503035356635095045
1503035354969952258
1502999396719415297
1502999395817689093
1502999394806870022
1502999393464639495
1502801111173980164
1502739958309740548
1502738638286766081
1502693653164220419
1502692877473771524
1502692876010065924
1502663310038163462
1502663308800892931
1502468705929805839
1502347785043124228
1502283831897903105
1502283830228627464
1502283828869705742
1502283827154145285
1502001421423681543
1501993042433257479
1501993041091080192
1501993039992139776
1501993037609811983
1501967344599502855
1501967343190167552
1501967342091350017
1501967340619145222
1501950320393347075
1501603893788172288
1501579201375260673
1501579198955200512
1501561112231305221
1501361014528520198
1501361012322279425
1501336209783672835
1501305757756641288
1501292580268560387
1501292578431455236
1501267522271784967
1501267520329711619
1501259231135109121
1501237060606337036
1501237058568060928
1501237056311377920
1501224339689336832
1501224337134665738
1501195496555171842
1501195495062089735
1501195493682167810
1501195491115212802
1500972844079095816
1500972842623635458
1500972840912314374
1500972839096274947
1500962628331528193
1500942226490380291
1500942225240428545
1500942224049283073
1500942222640009217
1500942221364932613
1500942219246723075
1500890451292966917
1500890450105937921
1500890447954206731
1500598051232231428
1500597847959474179
1500538154960527361
1500538120902742020
1500538074522075143
1500503917217648648
1500477888990171136
1500477887526445056
1500249828202323981
1500249826730123266
1500242630541815809
1500220433072902145
1500170349069152256
1500170347684974592
1500132606859530244
1500132515222372352
1499923264415612929
1499923261794271235
1499923258585587712
1499867693637324800
1499769563596136455
1499768505234776064
1499723163856519168
1499481116926951436
1499452644066271239
1499452642816405512
1499410251484852230
1499410248771280897
1499392652160217089
1499375093583069189
1499375092052152324
1499187806400172033
1499111162734071812
1499111067607306245
1499098464151609353
1499031578655211520
1499031574880432128
1498857134443933705
1498857133118533633
1498857130945921031
1498853949994147841
1498853948756836359
1498853947485954049
1498846911616499717
1498846910358171649
1498814410621702154
1498814409698861056
1498814408084135936
1498799873994465286
1498799872815812610
1498799871293337602
1498795971009921026
1498762998546108419
1498762996125995015
1498740109369393152
1498739347201298437
1498702856664330242
1498688260536688644
1498673412549459968
1498418159514267651
1498418155055689728
1498389747387015169
1498389746086776841
1498353112029011970
1498353110821056512
1498353109252386820
1498292016849035264
1498292015536254978
1498292014076637186
1498122892269268997
1497963272141737989
1497963271244156929
1497602858820280320
1497360026117230596
1497207881904627723
1497207881225183235
1497207880109408271
1496895873292374028
1496861568117747722
1496719713405177858
1496627431024652290
1496536331039625221
1496491032346697730
1496181155317616641
1496181153514074114
1496129651315462153
1495901115216539651
1495877118773043201
1495876909561008134
1495771793147056131
1495507176948916228
1495507165901201415
1495507163711778816
1495444729370234880
1495177376250089479
1495042487626481667
1494759693704736777
1494750564072230912
1494677395110088711
1494677391259668485
1494457633776021510
1494402017657344003
1494337592803803141
1494084928366993411
1494059952679399427
1494059951085559814
1494032079947853824
1493985522816978944
1493955830848241664
1493721254439927813
1493675161916170246
1493664571323826178
1493631995112534016
1493613810292248591
1493589357705535489
1493341139205828611
1493320680447873027
1493309498110484480
1493251328902152194
1493045135436926985
1492880850790277129
1492603197151662085
1492578645638004737
1492521930775318538
1492521927495278595
1492238404213526531
1492218964684034048
1492192061247873026
1491917361435361285
1491836435984535558
1491836340186587153
1491796677623095302
1491796676075347970
1491554252740780039
