1534679163642204163
1534664064009314305
1534645190203527172
1534633866492772352
1534614990916829192
1534584791810588676
1534573468640874497
1534554593618628609
1534543269513797633
1534524496798961664
1534331875073875968
1534313001217429504
1534301676160667652
1534283533807656966
1534282802417438720
1534271482334916608
1534252603537821696
1534248565236703232
1534241281450254336
1534222404473524224
1534211080523853827
1534198186344062986
1534192205149220871
1534180882923327488
1534165158364323840
1534162306304823300
1533969489460609024
1533950614710849536
1533939289125437441
1533920414195392515
1533909091000516608
1533900960887709697
1533890217752481792
1533878894540910593
1533860018445029379
1533848691391361024
1533829817887383552
1533810951450816513
1533542821961125891
1533480044152213508
1533136040445239299
1533055803199987713
1533047754544521218
1533014900531941376
1532838787096530945
1532818825850376199
1532776124048199685
1532761527949959172
1532724595450687488
1532467424913661952
1532123574458146816
1532078276419543043
1532036755985137670
1532016555873247232
1531991183593025536
1531732593900650499
1531700788556439555
1531674365242359808
1531624375337816067
1531349731628179464
1531304437980930048
1530987343015882753
1530942042737586177
1530624955297193990
1530579652435234816
1530322961600610305
1530292764562206720
1530262568090075139
1530232366781804544
1530202171957948416
1529983222783676416
1529945477524774912
1529926597884530691
1529900178555252738
1529881299220955136
1529877805030428672
1529862426857857034
1529843551416115201
1529824694756528129
1529650027433299968
1529613289654583298
1529594408999432193
1529556660120788992
1529537788995149826
1529518911410012163
1529500037880893445
1529481162808254466
1529462296799485952
1529292361276108801
1529203080486694919
1529194272272130053
1529175399648960512
1529172158924087298
1529158165895565314
1529156523636641793
1529137650791288832
1529118775462731776
1529099906761166848
1528911156588318729
1528892282606391296
1528881229218516993
1528873415310024704
1528850760074555392
1528848492873105410
1528831884582473729
1528813012378963968
1528812600376578048
1528794537849675776
1528794135775350786
1528783728956391425
1528783640385269760
1528775264020451332
1528756387399884800
1528737523492696065
1528541812213927936
1528541682484105216
1528450628862738442
1528405330975244292
1528396091565039616
1528131162580738050
1528088240682590210
1528042940827742208
1527839089851920384
1527808896173109248
1527801707245121536
1527790019896741889
1527772521638121475
1527771147227365376
1527763596972740608
1527744721107529729
1527733302387425284
1527725847657988096
1527706973239529472
1527688099802886144
1527669223891386371
1527435181824655362
1527421292533669889
1527416307011883008
1527397432480235523
1527381365339082752
1527380664856629254
1527378561799049219
1527352134085365761
1527346952144568321
1527325712587309056
1527306835702652994
1527287971723956225
1527280414384984064
1527065243523829760
1527046372440039434
1527027494934781952
1527008622986788866
1527002217148194816
1526989746475438080
1526972869728673799
1526970880173146113
1526951997605224450
1526946575141961728
1526933124172591104
1526928306548916226
1526908365066014720
1526721731410284544
1526691533897859075
1526672658842103808
1526664189326008322
1526661333671878656
1526634908902465539
1526600935983702016
1526582059824779265
1526563193245556736
1526359342211125248
1526329143293378560
1526298947232276481
1526280575799201795
1526274042352656384
1526270003728744449
1526238550680817664
1526220075237355520
1526200805925306368
1526190470656716808
1526185741646286849
1525913911530225668
1525868609662177282
1525660377106857985
1525660325298819073
1525608687699640323
1525596822546182144
1525551519201955842
1525506225596600321
1525451747338100737
1525278894169137155
1525272179297775618
1525253304418070529
1525228147561615367
1525219334402060288
1525211782616211458
1525192906872483840
1525186756022349825
1525181583870857217
1525162707724341248
1525153458587848704
1525148093930414080
1525139531657269250
1525125218779516928
1525125142921330689
1525122963879694338
1525113649643130880
1524890916506451969
1524879593282277376
1524864723610746910
1524860717630996486
1524849395723689984
1524843235474034711
1524830518474428418
1524826114459373568
1524819281980030977
1524805549501648898
1524800319435288583
1524790293979095042
1524788995049259008
1524782002922192897
1524780665912414208
1524770121192980480
1524751259563032577
1524743120222568448
1524566278127558656
1524542703345840129
1524528528489865216
1524517205001613312
1524486208574967809
1524482520489861120
1524478471266836486
1524477160064487424
1524476406054494210
1524474935363739649
1524474536074305538
1524474391257657344
1524474272588210177
1524468130839420930
1524460747539070979
1524456807929839617
1524452621058195456
1524447009771560960
1524437931905064961
1524426609528213506
1524426440422404098
1524407732710916096
1524407423771070465
1524404017027235843
1524403958713827330
1524388869621403649
1524203889569980416
1524190681253699585
1524166140808728576
1524163478277300225
1524154816624214022
1524151295652904961
1524135941895602176
1524134745369677828
1524124618201706500
1524118341018869762
1524105742856462337
1524096229524791298
1524094688172646403
1524075543947268097
1524064219095871488
1524055751966220288
1524045345419714561
1524026480514240513
1523803752821571586
1523792428041326594
1523773554130657280
1523762229442531330
1523743355011624962
1523732031330557953
1523713155922284547
1523688549664845825
1523682957281480707
1523664092568834048
1523377198232588288
1523374112705376256
1523060105985466369
1523014808517414917
1522989754488262657
1522969516149334017
1522716589447020544
1522705266122235904
1522686390156242944
1522675067993219072
1522658680164003840
1522656191209521158
1522648793220530178
1522644866538295297
1522625992510091264
1522614667629277184
1522613529823657984
1522595793399603204
1522576927244132358
1522373077664878592
1522354201287815169
1522342877359091712
1522334637804109826
1522333006685483008
1522331843965693953
1522324002571644929
1522312677867110403
1522293803394211843
1522282478672613376
1522273182157312002
1522263604422234114
1522252283060183040
1522233405642985472
1522217555519148033
1522214531774177280
1521985404517376001
1521985307851251713
1521980490340716544
1521961614374629377
1521950289670160385
1521944945136914434
1521944385730060291
1521931415444631553
1521922085806825479
1521920091142635520
1521909366433239043
1521901216816455680
1521889893923770369
1521886242379649024
1521871363308412929
1521850177547608065
1521850131032719361
1521834461939257345
1521667174229856256
1521648299832401921
1521629425942507520
1521628840057094144
1521615044399747073
1521610308137234432
1521599226832031745
1521587903335309312
1521572087550418946
1521569277412888576
1521569027583201281
1521558006332280832
1521556883965886466
1521547082548629504
1521530022783340545
1521527504661536770
1521508817678344192
1521489763013828608
1521318840797483008
1521318716356583424
1521318715249373186
1521318714188120064
1521318713093505024
1521318712011329536
1521318710635642885
1521267037896646658
1521255712986263552
1521244191715643393
1521236838651817987
1521225637196967937
1521225515813638144
1521206639587590144
1521195315973398531
1521165116103794690
1521146241815498752
1521127372350578688
1521115118842507265
1521110327357804549
1520923473584996352
1520840481445457920
1520839329773412353
1520795179267108864
1520568688071647232
1520567383361945601
1520523389353537536
1520478092631822336
1520432799760760836
1520179874568171520
1520168551524421632
1520149675407462401
1520138352095285249
1520119476707991552
1520108151860834304
1520107306456952832
1520098518312095744
1520089277257994246
1520082767949844483
1520077955178778624
1520066629010219008
1520040215087251456
1520029849049604096
1519982711338938368
1519836360869306369
1519820244977606658
1519817486652293124
1519806164392894464
1519792431964856321
1519787287663493127
1519776690435760128
1519770942918037505
1519770888262017025
1519770824529661952
1519769095394234368
1519768515820982272
1519768423705808898
1519767792630870016
1519757088905330688
1519746252795228161
1519745763722551297
1519735546054074374
1519727161908895744
1519725300044734470
1519704945431359492
1519696712520118273
1519696710901063681
1519696709131112449
1519681423287988225
1519677820959485952
1519473973779652608
1519455098434461697
1519443775604465666
1519428666815660037
1519424899726512128
1519419086228402177
1519413575156215809
1519394700934795264
1519383377060659201
1519364502629851138
1519353177765675009
1519349948487245824
1519321579624308738
1519315439674867712
1519311476258975745
1519310813328257025
1519310709728980992
1519092710518317056
1519081386124222464
1519062634074714114
1519062627837689856
1519051186854268929
1519032312905805825
1519020989866160128
1519002248268943360
1518990789698797569
1518971914810642432
1518953047883362305
1518768071439118336
1518730322593996800
1518706315429924865
1518700123664003073
1518688801756901376
1518658602390618112
1518628401644544002
1518609888682942464
1518590663016779777
1518394367182000128
1518349060280750081
1518303763475353600
1518273850114560001
1518258470134456320
1517941379283886080
1517941375018455041
1517896084286181376
1517616734823325696
1517548788709306369
1517526141258461184
1517503493157834754
1517303350198513664
1517277003929554945
1517254347196882945
1517231706754797569
1517209051448414209
1517186402777108483
1517163750716968960
1517141103018844160
1516914610594410496
1516891962099605504
1516869310680948736
1516858075071844356
1516846662756540423
1516824015997833220
1516801362708905984
1516778722245832705
1516774519482077191
1516768202017189898
1516552228005425163
1516529573785182209
1516506923125952512
1516487703109541892
1516481675450101768
1516457848737251330
1516457178076434440
1516438976319602698
1516416569999568905
1516212481944866826
1516189839066075146
1516167184397082625
1516144538196357125
1516121886073126914
1516099241407623169
1516076586675494914
1516053942958018560
1515812349952753665
1515767102107496451
1515721752566849536
1515404665466224641
1515359370846130190
1515102672080146432
1515057376918876162
1515034722266537991
1515012079001821185
1514990681499922436
1514966789209444353
1514740292330663951
1514717634713034753
1514694984666034178
1514686630325596160
1514672335189688320
1514649691585060890
1514608162078220288
1514598614256926732
1514377898668396545
1514348241080442891
1514309945843404805
1514287296354283525
1514287025180090371
1514264649474064385
1514242000819736582
1514236587768438788
1513992857954172936
1513970210662879232
1513968209787072521
1513965332024725508
1513947557780615169
1513924913047900166
1513902259368726529
1513879619950153732
1513653123549696004
1513630468922519553
1513607822487048194
1513585172586942464
1513560968512614409
1513539871331127297
1513519328964059136
1513517233162522628
1513230331989483521
1513198425554173956
1513003841683439618
1512958541690294276
1512867943872401414
1512822651772755977
1512550858969399296
1512528207437729797
1512506646483898373
1512486682519486466
1512467810856931331
1512448933221396482
1512417241412874246
1512196016702988288
1512183623755223052
1512177142842466304
1512165817386946564
1512146944277331970
1512132551976095746
1512121795712798735
1512105420252487683
1512086545523613712
1512067677480796160
1512059261479702528
1512046365626572801
1512037531935727622
1511863827461287936
1511844953420283909
1511833628480839689
1511814754221887489
1511814229371858944
1511803430540566538
1511784555824435204
1511754356248379393
1511743034982952966
1511724264289980424
1511724226377572353
1511724157704179723
1511706639526735872
1511694996189200384
1511501440849653761
1511482565374341120
1511471243626692609
1511456099433689097
1511452366561681408
1511441042024779777
1511437083289825283
1511422423509479427
1511404092287070217
1511391968835915777
1511380647922655232
1511361770127978503
1511354220821233669
1511337990773170186
1511337549083680776
1511335346650456076
1511139052384251906
1511108852858736650
1511094696084488197
1511087583824068612
1511083825652244480
1511078655434362895
1511059779443122178
1511048456814571521
1511029581024686083
1511018258236952579
1511002073550233608
1510999381897453569
1510980509110734849
1510956327543230469
1510784217352839170
1510723820633554945
1510656015947161601
1510417466463338498
1510417373437870080
1510417164913762306
1510285932808835083
1510044341477146628
1510021689442111490
1509991492022116358
1509972616404254722
1509961293406474240
1509950906623741962
1509950905361350658
1509950904216301571
1509950903213858816
1509942416861671427
1509931096573714439
1509912218820829189
1509906069132304388
1509893358457610241
1509883617060737036
1509875152284274690
1509875122294996995
1509689501194498048
1509670626533027848
1509659301299646503
1509629102965211162
1509615025283289090
1509614390051733507
1509610228307791874
1509598904991420419
1509598491231850502
1509598359644000258
1509581942311866374
1509580029407027217
1509572479236427781
1509567319961391108
1509567318887706630
1509556289319444483
1509555617316450311
1509549830292529155
1509547590504882179
1509530957220507659
1509528821304901637
1509522145713561603
1509511644275171336
1509327746127876096
1509308238700826632
1509289371958226951
1509266807403724800
1509266715330240513
1509236516215824393
1509206318774583298
1509187442586267653
1509168577252790275
1509159150663700488
1508964724678955009
1508945850311098373
1508934527850221568
1508915651385053186
1508907857936330767
1508904328173694987
1508885452392210432
1508882880344301574
1508874131143462912
1508860896969429002
1508860506664226817
1508860174144086031
1508860155030556676
1508843930569355272
1508825055161106436
1508820469184671754
1508818954730582026
1508807220271755269
1508806309692551178
1508801434803920902
1508774221580845057
1508602337492811776
1508583462772502529
1508572139368026112
1508561399202656256
1508553263372804112
1508541939934711812
1508523064975192066
1508512620973895687
1508499964590182407
1508492866162724877
1508481542770905088
1508462667069018114
1508443956899688450
1508206208179703814
1508111607272026115
1507839817203150851
1507794514236231681
1507749217111969798
1507747560164937728
1507585968055848966
1507503848998334469
1507484974060036096
1507476660127354886
1507466099880861696
1507459124837113857
1507454269095559172
1507454133548326913
1507447230617239561
1507436041929740288
1507428405238800384
1507428351278944256
1507428056654401544
1507395170286944262
1507395169439694855
1507383078062370825
1507382418919116806
1507375503287672835
1507370251494858755
1507356633155969036
1507343781938573312
1507144568529117187
1507115040574476289
1507096162389663745
1507077141078458374
1507058413468983296
1507053872350695429
1507053522893910019
1507039543542833156
1507014462812741632
1507013115132596227
1506994245567197187
1506982079002783745
1506786622594945027
1506737551364837376
1506718675537219600
1506699802926465025
1506669603547664394
1506651985629515777
1506639404453928971
1506619919693193221
1506424234624573442
1506389548225413124
1506386485926240261
1506367613949120521
1506356348476444682
1506348737358024704
1506337414565957633
1506316842754842625
1506315019360907281
1506315005007998985
1506307216495845380
1506288340038946816
1506277647575404551
1506277015216926738
1506257407550402563
1506039197974544388
1506016548829360129
1505986349370953738
1505974727126441988
1505948899734872068
1505944827627593728
1505926111800311811
1505907085141331968
1505905147595087880
1505892537566965762
1505675941846171652
1505675884958822412
1505635479361925129
1505574894687326211
1505303101573529601
1505212505139806208
1505206072633528323
1505205018084843528
1505204151529050114
1504970908473118722
1504952034105049090
1504929384829968394
1504918060993458176
1504899186164215808
1504894808682377223
1504887862591987713
1504868987347238916
1504857662550331393
1504841945306251289
1504838788048048129
1504832532134641698
1504819926263078915
1504818398861139968
1504818366795685946
1504579997306134529
1504553414218469377
1504517949511639057
1504496626659901442
1504490308230258688
1504489345620889603
1504473761289932811
1504452908418576385
1504452514346901511
1504253684296921092
1504204609094627329
1504193285643911170
1504174411061993475
1504163085422055439
1504144211880329216
1504114012610600964
1504095137978146823
1503872420112871424
1503861968565907461
1503847390666756102
1503842221174501386
1503830899611209728
1503781823310086153
1503770502896230406
1503751624577015808
1503740302669975552
1503687954409078785
1503681135422976000
1503528907185655810
1503510032482144257
1503498710004731912
1503479833317281803
1503468510135136269
1503434534892802051
1503389236476657675
1503370367833808903
1503346094088011778
1503164260112904193
1503118988418727954
1503083472310583298
1502781485840887810
1502759197112516610
1502745906298372107
1502690893760978945
1502437968128053248
1502426645386387464
1502407769370079235
1502396445843853313
1502377570742026243
1502366247991738368
1502347472894578692
1502347371266523137
1502336048151478275
1502317172273692673
1502298310060777485
1502286860156117003
1502286820092096516
1502102591022538752
1502094456358465538
1502080064992780289
1502075580476502021
1502064256916807681
1502045381605142530
1502037529582870531
1502037442894905349
1502034553468248066
1502034057584021508
1502032217748426752
1502024794262417411
1502019694726983685
1502015182343585793
1502003859136278528
1502001710683856900
1501978527012474882
1501977194700189699
1501973856717881345
1501973661011496967
1501963569553883142
1501958560367857672
1501952030234927112
1501951956465635328
1501951905148321795
1501951808645865472
1501951530420686850
1501951517238177792
1501951405510201350
1501935925281968135
1501787544740061186
1501682993882042368
1501660344573251586
1501641472835158021
1501618821399932928
1501602215378755591
1501581074211778567
1501568210352623616
1501362180188483584
1501361958678892550
1501316837312659456
1501308156626059269
1501290406839042049
1501288568987295747
1501279082490875905
1501272027440816137
1501260208571441152
1501248886194638854
1501230031506313219
1501230029971537922
1501230027567861764
1501211141212626965
1500988416971841538
1500977093630468100
1500958218284982273
1500946893299335173
1500916694381830145
1500886496634617872
1500867621360701440
1500856297721409539
1500802797771628544
1500605983713804288
1500561861384847364
1500524108496388106
1500275618356895750
1500257938576977924
1500235910524420098
1500221466805256207
1500221424644112384
1500154177787367424
1500132720344813568
1499882379707617281
1499843010393219072
1499840573552877573
1499799335600463872
1499786086989635584
1499772967051534338
1499755269190045698
1499754049222201348
1499752117514428420
1499593274390110212
1499555820459241506
1499510227204509699
1499507008378216458
1499501116463017991
1499489830354526215
1499463368184254479
1499452045564137481
1499441874729410561
1499403019183656961
1499217834399965186
1499207394513108993
1499202903805874177
1499191577033404416
1499165153794805762
1499146278445400067
1499134956894924802
1499116080064835593
1499104757805457409
1499085880513998851
1499079826107518977
1499079705395400704
1499067399177486338
1499063309450072072
1499055681525239823
1499037076976713729
1498888062478266368
1498881113971908608
1498878338563203072
1498856354034991109
1498855780942028802
1498855319027474433
1498854641924284423
1498853812962050054
1498851988355915781
1498851965140455427
1498851105979121668
1498850688260055040
1498850540339576834
1498849670373810177
1498849650337591300
1498849523342491661
1498848724918882306
1498846522980683783
1498838909593214982
1498832334698823680
1498802765908389891
1498783890890276865
1498765022427852811
1498731505434116104
1498715943517634562
1498697068654874625
1498694493306032129
1498688385896095745
1498688265490243589
1498677094859120654
1498674420520529929
1498463030774054913
1498428369171537925
1498410179079008256
1498391303775604739
1498380453828603904
1498372432008257542
1498349780128309252
1498338455952273416
1498326449450741761
1498312040976465931
1498097241235537926
1498028466654134274
1497979846051434505
1497623969683279872
1497617454570217476
1497444197783113730
1497306601157496839
1497296606386925568
1497273941743788038
1497255073788796931
1496952183522160651
1496877830432514053
1496871050138865665
1496643537403883524
1496634307577847811
1496620896554942464
1496583142114676738
1496568040137400327
1496530297520799745
1496507641895350274
1496487292365594628
1496300023767654402
1496281150783778816
1496247175772348416
1496239404117106689
1496228308513611776
1496198768793993219
1496198104424456200
1496186493861347334
1496166357305544708
1496156578646429697
1496137704953819150
1495880464594313224
1495880432025489427
1495879198359052289
1495805523060527111
1495553987180851201
1495462349469208577
1495443127649329163
1495195071016284162
1495171340550094850
1495080739607564288
1494913298944376833
1494912894567272449
1494912388780503041
1494873840119271427
1494827822921117697
1494808950847459330
1494790074600407040
1494776714718846977
1494767143149137920
1494744776393904129
1494744352425676800
1494725903619821571
1494707027410628617
1494688154476945408
1494472984882524162
1494454110585827329
1494427687103852574
1494405038034374656
1494393714134769665
1494374838290436105
1494351659014656001
1494344639284924417
1494330448310272004
1494325777428623360
1494110597327335432
1494091722569043972
1494077826630356992
1494061524008243203
1494042649766117377
1494004901671694336
1494004164531310594
1493986028373393413
1493971085913690115
1493759533637947393
1493740659739480066
1493723043792764928
1493716155617484800
1493699137031737345
1493676812853039105
1493661390476775426
1493638739033165825
1493619863620927489
1493619473714073606
1493600991597445121
1493594418527494158
1493588379962859521
1493408944110321666
1493401779597463552
1493378271592914944
1493359405491834880
1493355439240667137
1493350592231653379
1493336748893560834
1493329306323492869
1493317873619509249
1493295224327741447
1493276352375492608
1493256777328054272
1493238614888615937
1493045856718700544
1493045376412233732
1492994860344819720
1492951716190318592
1492659903550349318
1492596873521250304
1492562898886938624
1492546902621102084
1492294883956064258
1492272241555517446
1492271733889540103
1492253359172063236
1492234484736876548
1492215610821931011
1492196723011330052
1492170312166879237
1492151445868761091
1491951369389027333
1491928720134881301
1491908449810239497
1491898521217388548
1491892426423873540
1491887606493327365
1491887196445544452
1491868322090029057
1491858229202145282
1491856998459068417
1491852442539110406
1491838123969429504
1491836155616182277
1491807924167094275
1491790905975590913
1491790758709379079
1491790617994612737
1491789053133422592
1491585206490439685
1491566332344770562
1491547461608898562
1491534226319187976
