1534561327062163461
1533869324032688129
1532783348866863107
1531968137016623105
1531306812515004418
1529988836457173095
1529988835123384338
1529824444658593793
1529820247162859520
1529224901084823553
1529087428903981062
1529087169423364096
1528099447330295812
1527022315032150016
1527022244450521093
1527021899892592642
1526369263728177155
1524941793103585293
1523721286991872000
1523720657762078720
1523389294454657024
1523059068083990529
1522693830167957519
1522214817678852109
1522214615182053386
1521650852200648706
1520160020666720257
1519706331825029120
1519106711935672320
1519018218488320001
1519018174817177600
1518948724063576064
1518692602027167749
1518686461159223296
1518068974495449088
1518028635831246848
1517517352321142785
1516202033392533508
1515781458815864832
1515070267072131076
1514598722470035457
1512609048885182464
1512608614871191562
1512608573985017860
1512092808479481867
1511523269362561026
1511024476095488001
1510059469111238659
1509361398442348560
1508934448871522306
1508493091392602114
1507417439016927234
1507046311127826434
1506277494852304904
1505212655887335425
1505211477141213195
1504919324573769731
1504825887631585287
1504562519981150213
1504247951283081219
1504120263142694914
1502407299603779585
1502100811949694980
1502100618802085893
1502100466288807937
1501288789452505096
1501288271778697219
1501264540956340225
1501264080216244227
1501045402136723459
1501001451472146442
1500935484364804097
1500838940038909952
1500674229997613066
1500674188515762177
1500657944370855938
1500656928174886915
1500656876857569280
1500273462492946439
1500273205017198592
1500273165351669760
1500273109357764612
1500225789752709120
1500225768521187345
1500225753081954307
1500225738024304647
1500225700405686274
1500154080802578434
1499950072951365634
1499842725620899840
1499842626148872194
1499523541523439620
1499436070123053059
1499435744397565966
1499136564533858304
1499136514680315911
1498858798290776071
1498857889884217347
1498857540054097920
1498857277587173378
1498855433511002115
1498853401672757251
1498852720299724806
1498852377276948484
1498851276079177729
1498851096743317504
1498849314164125699
1498848691712667654
1498847426647580676
1498845132250132486
1498780725029580806
1498751325919666187
1498730141744353291
1498726136112582656
1498707878114385920
1498678968148504584
1498414509668638723
1498376314314760192
1498344438397079558
1496696486788218881
1496332116510097409
1496321652401090569
1496155731917250571
1494856252865798144
1494540123798659092
1494540045595861007
1494539799537016845
1494539691080704034
1494539419151392771
1494539291430731778
1494538890245464068
1494538745390981123
1492334767186063375
1492333074234978304
