1534351886974914560
1534212762922016769
1533954716203372544
1531720650875883523
1531302379294949379
1531302376744833026
1531302367869673472
1531302358986149894
1531302354271731712
1531302349532278792
1531302345107283969
1530212516361605121
1529226400993247232
1529173804333039616
1528816403742081027
1527347722134888448
1527022562215084032
1527008122690277381
1526996692628918277
1526990692899340288
1526976088689238018
1526958630326702082
1526952566780747776
1526677747413786624
1526601918088454144
1526575339421540355
1526243488194609152
1525110591739813889
1524869508799815681
1524855192059101184
1524811962823188481
1524811934436052993
1524799465667936257
1524791449790910464
1524459537251639296
1524444011628531713
1524418240616800256
1524401036890456065
1524170577287733249
1524153228513972224
1524065853775527937
1524015559435771904
1523785196222439424
1523741428748193793
1523692770615087106
1523050795930832896
1522671679868129280
1522667001814077445
1522652002681073670
1522650384006844419
1522645451044016130
1522615696810774531
1522290332456599554
1522290330183385088
1522228386336231427
1521972946771890177
1521899731978539008
1521880770155102210
1521596806223831040
1521561780845174787
1521175901496614912
1520149750795935744
1520116551768231939
1520063735129329664
1519698941226405888
1519100668866445313
1519027679714070528
1518981025023594499
1518968068835266564
1517587617046351872
1517569594701062144
1517279380363517952
1516908936347230211
1516895439936704512
1516876953202184194
1516868839102943232
1516780324222558215
1516751385076936705
1516751382640005121
1516551207745118209
1516529609986166789
1516520305086410762
1516494583252897793
1516476826473926658
1516457170027618307
1516412262801719304
1516404365069856773
1516162158849138699
1516162155892125702
1516039429634367495
1515738866501799939
1515045040955047937
1514968256083333122
1514939083906334725
1514757034293530633
1514377328054444036
1514269292862259204
1513949219241009160
1513949199288745986
1513940205065183242
1513561563575242754
1512479309323194374
1512105916337995784
1512089347603972096
1511843099831640075
1511747802350690307
1511713375218245640
1511472012061028360
1511451431651487758
1511354133797818373
1511337107708682250
1511337104323891218
1511322168336031745
1511080592192032769
1511036196855717888
1510993775342104588
1510982333247246349
1510348696092913665
1509990028491083780
1509966283357528071
1509942826645299204
1509909041543274498
1509895579303882753
1509888998939975682
1509619695145660419
1509540522968367113
1509251926910713862
1509210071703691268
1509198123511566337
1509197507691257859
1509196725755559936
1509188199041622022
1509173243684569096
1508961934087172098
1508886439488016391
1508853031969996811
1508821825559613442
1508586261765926917
1508583381084393472
1508515665396871169
1508475296248479747
1508442879404183564
1508431087126650890
1507887374394609665
1507837959013339137
1507417656366108674
1507390144902488064
1507349429795315712
1507099546035408910
1507086623602839558
1506657973921275905
1506637693056397320
1506607806400638977
1506323803273674761
1506272178840477707
1505961913074733061
1505957580098703367
1505919365920829444
1504891083431501825
1504876227567538176
1504849878362599424
1504597390183051264
1504557417195085827
1504535164805955587
1504517933522894848
1504492105451937797
1504486095999811593
1504457683637874690
1504123046344413189
1504106721580564483
1503876732780224512
1503845554975092738
1503812222820225030
1503750442026688520
1503718988743946252
1503703364609224704
1503496036119203852
1503391217056468992
1503072579690582029
1502383012968812544
1502019223949881348
1502003634594320387
1501941910830661634
1501689294930468864
1501669681282920451
1501665029602656270
1501656770661560336
1501618664822423552
1501576391875182595
1501326700583559176
1501231118640500737
1501230355986399238
1501230353973137411
1501222391401402368
1501212465648091151
1500922730153226245
1500856464709197827
1500845903703420929
1500832256746790912
1500497557860007943
1500180255851659264
1500128478112501764
1499922014538194944
1499876431056322560
1499871013286387714
1499851678144729091
1499772219546873863
1499772084351815680
1499767599013539846
1499761499983777798
1499760708438929418
1499495758801817605
1499487269803245568
1499453674552238093
1499393216050712593
1499171263343910916
1499028207370223619
1498863000769413123
1498794178200977410
1498737899130560520
1498664655736258560
1498650109994799104
1498415943613100042
1498405617584771074
1498390950007263237
1498310747230810118
1498026574477725700
1497307457412116489
1497284340098736129
1497277228920578048
1496958241909182467
1496865689172336647
1496865438172692484
1496830865187377152
1496602748179128322
1496583722665230337
1496557090508361733
1496522039020113924
1496492502152626182
1496268010721533954
1496237217244667911
1495124487158870016
1495124485720219661
1494763012435156995
1494706697142775815
1494469545330937856
1494441720389455875
1494426630437146633
1494405259980124164
1494374345061326860
1494363652169814022
1494359054575144961
1494355815456817152
1494354481340952578
1494354444812759040
1494349182638899206
1494347514992078850
1494340889421901824
1494327270961336327
1494325617856106498
1494321540288036870
1494316061927170050
1494134173199646723
1494125656766128136
1494125614198145024
1493998547762561030
1493998546147848192
1493973382077026307
1493679691223420928
1493336303647301640
1493287272858505230
1493281289868357633
1493228949014515717
1492566361679269892
1492230896598011905
1492230852306214915
1492215377337724933
1492185592716795904
1491881413636935701
1491873587384492042
1491833496083611649
1491635718493548545
1491535190199521281
