1534632290344640513
1534595614742290435
1534229771705524225
1531285578834137091
1530253341699100672
1530017034637135872
1529209389197967363
1529209387314827264
1528776359979499520
1528751967287267328
1528745967360655363
1527793072402272257
1526922088103165954
1526922085808881669
1526645993172779008
1526645989913899008
1525834268429139969
1525314232635559938
1525159268864901120
1525131945189023745
1525096007297646593
1524908823584071680
1524880111480233997
1524068015108759552
1524056291261493251
1522627945063452673
1522627941515120643
1521497518672130048
1521205313092952065
1520078717346885632
1519701568752390145
1519066960868294657
1518662528796184577
1517617779687321600
1517605177682845707
1517352935696396289
1517246825543049216
1516905542924439552
1516880710119792640
1516874463962271744
1516851553579151362
1516459447010283523
1516251276480155650
1516164047783092224
1514737438899716096
1514015610627264516
1513927573448716288
1513927571120922624
1513587422105255937
1512512824387547136
1512491618280030209
1512141247527456774
1512100614699946005
1512093592554254342
1511802275009859586
1511768930880270339
1511435284822560779
1511093895878295558
1511053417439174657
1509934465770045440
1509650857465462789
1509620376275501059
1509250702270423040
1509250700727013386
1509246929749913612
1509205256001007623
1509205254675513358
1509132747348054017
1508262329112162310
1507100447257079811
1506785830295244803
1506785826801389573
1506713117811691529
1506305176784752641
1506305174016602120
1505987496148189196
1505242703298117633
1504583104807190531
1504583103251103745
1504113048474243078
1504089051825065984
1503846236071342085
1503718325632872455
1503718324202618888
1503147607887020041
1503145486944931842
1502376760805056519
1502273703664668673
1502066945876758532
1502027674641915907
1501613980003016709
1501565334255452167
1501565331868946440
1501239328302936070
1500992868680413186
1500992867376025605
1500946461915291649
1499797626799202305
1499777347658125317
1499503760913145862
1499459328847368200
1499110174958706688
1499107004681441287
1498863728674185220
1498856785846939648
1498856208345743364
1498856021749600261
1498855083349524481
1498853218507534338
1498850041498329092
1498847372033601541
1498844960589860870
1498843757747355653
1498713301072629761
1498430974711021571
1498430745572184064
1498430592433676294
1498406567468838916
1497314504182431745
1497303062859239424
1496901632633753601
1496607357886947334
1496607356263845891
1496507629815881733
1496131813210738691
1494716485213822977
1494386768137027587
1493723552859803649
1493409849228550153
1493314234712834054
1491921107611439104
1491819651399135239
