1534682155049275396
1534623444922519555
1534623442770739200
1534549247172956161
1534308379941818369
1533891516250333184
1533883289857032193
1533864012252864517
1533855395021832196
1533532010605694986
1532750704753926145
1532729323089797120
1532442422759899138
1532400047362547712
1532060937275863041
1531744441698070529
1531744439584145408
1531711919798763521
1531329001301614594
1530954118432448515
1530564559945158656
1530257871568617472
1529862956774789120
1529576260120334341
1529576258576711681
1529566346622685193
1529210187214725120
1529173291415609348
1528390233728892933
1528027846291116035
1527710780245819392
1527375939557961751
1527335594845945861
1527113119675428864
1527105162136936448
1527075066692911104
1526994948679245824
1526722833740701697
1526693723165319169
1526687668326760451
1526659326449950721
1526659319391035392
1526642619039744000
1526333964386021379
1526333962662060037
1526333960908849153
1526333958581002242
1526330556509716481
1526330554475589640
1526330551052947461
1526294482790014983
1526241791804067841
1525851831791980546
1525640666579099648
1525503416528683010
1525503401303367691
1525503380101144576
1525201965919129600
1525155363821068289
1525113246746923009
1524869356731129877
1524519849497698305
1524519848168017921
1524510066497490944
1524452111227965440
1524216017593016326
1524095555827339266
1523768553345671169
1523314810326294528
1522675435980697601
1522667121423044608
1522643887180898307
1522631215995670530
1522625579685666817
1522579295859847168
1522367181899677696
1522347809877504003
1522347643258691585
1522302144342278146
1522242445085450240
1521925817311412225
1521912913166012418
1521867882329780227
1521594743519694849
1521592470475321351
1521548268198666241
1521548266789343234
1521548265442971649
1521486273533333504
1520056773675208705
1520033756421275648
1519782482454921218
1519437446114680840
1519413586078150658
1519367264084058112
1518705214701936642
1518679511595950080
1518677338166382592
1518391524521918465
1518297218876325890
1517553290589970432
1517497449375432705
1517237308378038279
1517236564560171010
1517207911721799685
1517181855623270400
1517181773746262016
1516841596200890369
1516802444126310400
1516799478115840006
1516510745311203328
1516499794189074435
1516482982881775616
1516482730221088772
1516155486667739140
1515740293240430593
1515042130170978307
1515041217762971652
1515027253314433037
1515026409923698699
1515009007085367305
1514960482712657923
1514685625886470144
1514685092957933579
1514626724276883463
1514404715462860816
1514404714011574286
1514270668917026821
1513615544544542723
1513525528896192519
1512532509443166208
1512504048146165772
1512494920518537219
1512481828724436994
1512154404950052871
1512141705679626246
1512105329303109636
1512079079410872322
1511846552482066436
1511761319153876999
1511733093950017538
1511449461733605380
1511441923927687174
1511358868424699905
1511008858994618371
1509979645919346690
1509945416657342474
1509649985876414470
1509591910121459720
1509541323472347138
1509530729243308048
1509244187123896330
1509179448297500677
1508944790095900672
1508926632555384835
1508482219433672705
1507441189523443721
1507414755425849350
1507379375053983747
1507062055626498057
1507055383491358736
1506730351233835009
1506716190886051841
1506367828731080715
1506353132367978507
1506339085031546881
1506307419017732109
1506291519124381701
1505976581566652423
1505584451224547328
1505564679485235200
1505198407970873344
1505196418797121539
1504917880651059208
1504899461390163971
1504885814286766094
1504841848984059914
1504550059580534789
1504550057462439943
1504544454904098825
1504505538519969792
1504480656104968197
1504206989714468865
1504181529286746118
1504161296857673730
1503837710364073986
1503823347582443530
1503805273072410625
1503746613780656138
1502405943333732359
1502405869060988936
1502405865193750528
1502098751409864713
1501778595932524544
1501775809052352515
1501767819234619394
1501361221634826240
1501361220741472258
1501317017265131521
1501280425779642369
1501259716663595010
1500524610818826240
1500243001028890625
1500155911553392646
1499865815776215044
1499838225409613829
1499541885077135361
1499517827673374727
1499506694640001025
1499505836275777537
1499445548084080642
1499433851097165830
1499158771712643073
1499134324200943617
1499091664903847939
1498859999191257089
1498795307177549828
1498787580518842368
1498672406105231360
1498457621522751490
1497738729372459016
1497369888318447621
1497308166853378048
1497281875735461897
1496693212114821120
1496624369723973632
1496564111601192966
1496250446347972612
1496208271610372100
1496198685050474504
1495896670902665219
1495096594471006209
1494779513997303817
1494676073170145289
1494427198614298631
1494097623606824967
1494054308417097734
1494024756085108742
1493988323140030470
1493959573232889860
1493959571345391624
1493746604590960645
1493724792553418752
1493341022784475150
1493341021257797641
1493331714814488577
1493321277553225731
1493249596809793537
1493243383002787846
1492904902321967107
1492555349274112007
1492224418570924036
1492211390987309059
1491864204210589698
