1534667199582961666
1534626227738255360
1534282692543582215
1534156436271415297
1533894534551281664
1533812249864855555
1532771686147411968
1532429508485206027
1532014828147167233
1531935678832984069
1531238316330328066
1529225184414081025
1529196183440216064
1528883328119713792
1528781669083361283
1528113935819362304
1528073108464312321
1528047144636137472
1528024518886928384
1527397427447218177
1527360435829506048
1527323926061531138
1526946187483484161
1526686256490496001
1526607854026768388
1526274914558279682
1526232598846099457
1525915526911905799
1525907454340616193
1525869614802030593
1525549246077972482
1525137952686362624
1524861725081845776
1524826121484869638
1524796617114767361
1524768975602831368
1524745225087954944
1524439290847055873
1524389845124194306
1524176487997444097
1524090994559524866
1523747221329825792
1523705290939531264
1523688704023592960
1523286603828920322
1522707254402764801
1522673395321688067
1522292169998053376
1522238142102790148
1521966005353857030
1521931766218559498
1521911203194408961
1521579584663261190
1521551497389129728
1521518182024065026
1521157089107886080
1520434399971622914
1520109862256005121
1519776535397515265
1519712804600782848
1519692608188076032
1519425125141073920
1519381568946647040
1519346480557043714
1519094188515762179
1519052133441708038
1518614320036339713
1517616790863499264
1517179254198386689
1516874382261510145
1516488164751421443
1516468883548516356
1516139765459927041
1516072509107576837
1515671457644298249
1515486929378283520
1515080503149408256
1515042275801325570
1514747659512422410
1514693036088901643
1514607078395895808
1514392954022080516
1514392950884687886
1514220453379907586
1513951422605402126
1513564296411762695
1512886159961202689
1512579908664541190
1512511516502900736
1512484922795380737
1512466353826975744
1512169939842605066
1512088236369321984
1511819810123960321
1511777975322222605
1511754579188277249
1511717920560320514
1511448476856508421
1511428885816266753
1511379709959061508
1511347018349916175
1511280808702656512
1511008330617077766
1510633902641135630
1510304805096415242
1509999399694487558
1509653903289339906
1509612653194653698
1509559284270514190
1509215758768820226
1509179761213517842
1508897547284320257
1508876898482405385
1508827707160903683
1508814058400759808
1508560714646138881
1508505572068450304
1508112052895768577
1507363613039865868
1507078530496139264
1506737996124540934
1506716180429606917
1506665695974768650
1506347900258902025
1506328741156634624
1506305277469016073
1505972221495414784
1505215404007903234
1505020474753007617
1504897001489588227
1504564842384007176
1504533037912104965
1504107623133728773
1503833580958531586
1503422329422032901
1503066033204117515
1502756337557680130
1502393838949871619
1502350631692025866
1502037250019844103
1502023990654783490
1502010915084025859
1501935822190247943
1501699875624345605
1501651001849389061
1501603872359473155
1501567751030198277
1501258749683679241
1501225398692110337
1501149613394661376
1501015621017944067
1500970687598632963
1500870827373469699
1500193577061728257
1499838913430663175
1499817659831103494
1499789820809338884
1499475753817325571
1499444916212092943
1499412630058029058
1499387842409435139
1499065038329593856
1499049246770794497
1498869193873231885
1498858355477123076
1498855172189138944
1498848599303766019
1498846057572229126
1498844627385954307
1498837783351279618
1498759194610122761
1498403624225058820
1497267618427850760
1496953692553363458
1496580382338256899
1496235179760881670
1495786313957658625
1495116644816928774
1495086698023239689
1494813648992231427
1494737179159015428
1494367888957919241
1494031067044536328
1493980756640681988
1493714394919931909
1493686623669825537
1493669488457404416
1493658295063748613
1493622068847513602
1493277713817296899
1492528927285329932
1492206842688286723
1492152475654184961
1492091905810829321
1491839272713924620
1491795980894670856
