1534616006450106368
1534591689771335681
1534559358561959937
1534298690998833153
1534249655776706560
1534234620576911360
1533983766523195394
1533951566528425989
1533926715868815360
1533892824764227585
1533611780416544768
1533526196654247936
1533238276366094336
1533177370810544129
1533127298085310464
1532893914864070657
1532854228485451776
1532801077170475008
1532762436117229569
1532485585427845120
1532443425953521665
1532420870165127170
1532159561238339584
1532121581429792768
1532097394375921664
1532061643211165697
1531799768157958144
1531765463004356609
1531732464946798593
1531319504805851136
1531064553856856064
1531034786956881920
1530979892275257345
1530721048152244224
1530676683417612288
1530627913506205696
1530344685654249472
1530292740176719872
1530272574931730432
1530239286288580608
1530221515081408516
1530014265305800704
1529993856439099392
1529920054720090126
1529878930194411522
1529877902048772096
1529872383544152064
1529634118622797826
1529597492689571841
1529596788075798531
1529529348470067200
1529529306619191296
1529499065662070784
1529228173296033792
1529228105356759040
1529176844582330368
1528910403085869057
1528867662394101760
1528801292822495235
1528524040763080704
1528457917426331649
1528196203074097152
1528090344662786048
1528013893657821185
1527798608845631488
1527751139038330880
1527459340289863680
1527448770606161922
1527400883352387586
1527362774590193665
1527294808510943232
1527110408196304900
1527100055173357570
1527038104036589568
1527006863321186304
1526961057058525185
1526929715373686786
1526717956390019072
1526687001122070529
1526609717338025986
1526352295914504193
1526332720011411463
1526300454899965952
1526229154693357570
1525947522459525120
1525635513432014849
1525531292636520449
1525286599830949888
1525208434278285315
1525182716068737025
1524910545689669632
1524888925730398215
1524864568144674836
1524843555059007488
1524795687434698753
1524571640646012935
1524560495352717313
1524550681763491840
1524540869726158854
1524513324360245248
1524499404660559872
1524472626302828544
1524427303459201024
1524414384290025472
1524347946535424005
1524216569861226500
1524182750072393729
1524157880961748992
1524123586826489858
1524085805471481863
1523832672941924352
1523777328714821634
1523735361645469698
1523308403619033088
1522984436240818176
1522714302410502145
1522653205888262145
1522638146692730880
1522602514515779587
1522330196417855488
1522239226762330112
1522019884799959040
1521972155394650112
1521932806376542208
1521908401986584580
1521865010439409664
1521653613281439744
1521585152429891586
1521546815140777985
1521337494901514241
1521337493077082112
1521280878948851714
1521248918570344449
1521176075602116608
1520524897692241922
1520487903960473603
1520189688878972930
1520155211813122049
1520124939772305408
1520124937847062528
1520124935636766726
1520124933422170121
1520090426346287104
1519839380692684800
1519772711614136328
1519718880058433537
1519715922969350144
1519499019197767686
1519472462832054272
1519388857996914688
1519111333161181186
1519085915829719040
1519035836033085444
1518783180056064000
1518742905808166915
1518300174547779584
1518021904728092673
1517965281628495875
1517885967343910913
1517625257145819138
1517581567924781056
1517331112447516672
1517262911055355904
1516937509384556545
1516917376838770689
1516877682176311296
1516604364554588160
1516573863097757701
1516544922723274757
1516499538055290893
1516128283946983425
1516115884212834306
1515877672605216768
1515792364689715202
1515143437711908869
1515097887629324294
1515097384245612547
1515045039470264324
1514757897300848673
1514725937291558949
1514690201330855938
1514661009159430173
1514374873677643776
1514339151306448898
1514322277000568832
1514061056099819523
1514021545512820740
1513991550774099972
1513684071737540611
1513654627618594816
1513608078641479694
1513284438372757504
1513236179721678853
1512914780956160003
1512846804714283011
1512571742195261444
1512544831574261760
1512526696800526343
1512484165375172616
1512249116478218246
1512223698773716993
1512196268277309440
1512174122331111453
1512133244313083912
1512073673653379082
1511852251358240768
1511846070397067266
1511827337582723073
1511796383623245829
1511777005603201029
1511739973074042880
1511524096076619781
1511508992014499841
1511471995849957377
1511432752918323209
1511134270328385552
1511104574811213829
1511079404113473540
1511057393907552260
1510745458343301123
1510376275692732417
1510347292355686407
1510078312302858242
1510044338415357954
1510033013979156487
1509987463757910017
1509946720347697153
1509690255649161223
1509653325033132038
1509651300128075777
1509600413540048897
1509599406785409025
1509584881621377032
1509323338006421504
1509295403707113479
1509282569854107660
1509259416989835276
1509246926285418497
1508974099309096965
1508939033241563138
1508899826171355139
1508801870894096393
1508801869598150668
1508801868171989006
1508572139020038161
1508555668625641478
1508535898895355905
1508201193482252288
1508179551494586375
1507833017816911873
1507515173329907718
1507478179715244035
1507409477896613891
1507152786194108424
1507089619329986560
1507080644999860235
1507069745526296587
1506801959365488642
1506763973491834884
1506714901569441793
1506646139852005383
1506428011402334210
1506392777407582211
1506315267193909271
1506088276628627456
1506076059946536963
1506018697751760897
1505964683823624192
1505943654346616832
1505169696626204674
1504978458912468997
1504904083915911168
1504612588423983105
1504502759696977928
1504252805510533127
1504114085130125318
1504114084224159745
1504114083066437635
1504114080294047744
1503883749783601154
1503864379850297346
1503807809451962368
1503491162501369862
1503365480123412484
1503137075410919430
1502804131148451844
1502455836022493187
1502409010594689025
1502095528536023041
1501971645518561280
1501747412322471940
1501745584742572041
1501668481846157313
1501631640103264259
1501369341492834313
1501294182928986123
1501246974372294659
1501007291113476100
1500977983707918338
1500951923742150659
1500554306176487424
1500172289215590402
1499927679205666816
1499882882449375234
1499860493518921731
1499780165760696325
1499543175467261953
1499491705879412739
1499450718335508495
1499163820744486914
1499151675952615425
1499143741872951299
1499070805199798274
1498880248041119744
1498857472148320257
1498856496091869185
1498855706342137861
1498854402442113027
1498852220359565312
1498849727839981579
1498846465120215041
1498843611110453252
1498834079797682176
1498824839020302338
1498768663515738119
1498702266680987652
1498466549472153600
1498460610224439300
1498408854937387019
1498085358218760197
1497671238688206848
1497379137035587586
1497293313442865158
1497033055965351942
1497033054497300481
1497033049015422976
1497033047547342848
1496899860003364878
1496605668148658182
1496288391071252483
1495847870016151552
1495474804245291010
1494891466782609408
1494771201004257296
1494511724753567744
1494372004031574018
1493992786747604999
1493705178574426116
1492963693302267906
1492892319913168900
1492578250215673856
1491972892195794944
1491874339221876741
1491800877694435328
