1534639777672200194
1534631420362117122
1534630219704897536
1534617270491619328
1534539905010917376
1534524658875260929
1534353435721617409
1534352399560753152
1534338095176368129
1534298136486854667
1534284107219345409
1534261436507164673
1534257221634297856
1534240330429648897
1534202360599306241
1533917616472989702
1533905692121260033
1533870104370462721
1533862806252044292
1533840418865139712
1533836428341288960
1533831575007289344
1533780369547444224
1533644446041944065
1533637824871747589
1533625998679240704
1533606424345034756
1533572916062867457
1533554004105449472
1533549906303909888
1532847938623389697
1532807736894816262
1532801805947658240
1532475155728982024
1532467669424906240
1532466993009401857
1532466499931316224
1532465526341001216
1532401736974991360
1532363826204745729
1532354433069219843
1532134066199400448
1532082086923976704
1531714291862216705
1531681644347854851
1531662983356731394
1531659459809910785
1531645375999770625
1531607730024325127
1531389533509525506
1531389225374994432
1531265636449632256
1530901270059417601
1530886695675207681
1530886469178511360
1530406202513014788
1530322642477129728
1530319666551349248
1530286401778028545
1530260117081534464
1530255997922684929
1530205801192865794
1530204581816328193
1530203961491435520
1530173682059984897
1529952620617531392
1529941171518292019
1529927775615868929
1529926919961165828
1529923097629011968
1529922911091539992
1529922901750824984
1529900143285350422
1529882818591002625
1529838269566943232
1529632508979167233
1529590904230649857
1529562492388663299
1529557691730997248
1529542035992199169
1529492370881929217
1529490438666784776
1529489248520372224
1529483801197436928
1529261196133670915
1529153398813114370
1529149223773536257
1529147936407535617
1529134309772238851
1528882545978331136
1528866358695706624
1528858142343569408
1528786389768314881
1527707101698703360
1527703134075756546
1527668512877076482
1527662483061743617
1527648780413292544
1527645872577716224
1527633146237394946
1527440437480415243
1527362643387789321
1527335219136585753
1527322439788597248
1527279187723165696
1527277391806369792
1527112285549998080
1527096586211311616
1527087200646594560
1527031941165350912
1526995788089503745
1526969502793187330
1526939768520642560
1526930366937845763
1526911735734706179
1526710829608931330
1526710765448732674
1526666795205431296
1526665652358025216
1526617709672378370
1526588435309506563
1526556806889218051
1526541489161048064
1526524166081585152
1526330195032023042
1526316560498958337
1526314830000422913
1526278505050300417
1526235569378009090
1526233864674451457
1525229863191433216
1525205236935163907
1525193200561971203
1525181237035270144
1525165697323700231
1525138275979108352
1525130320235864069
1524910372775395328
1524892192694849584
1524871146390409216
1524845787091456013
1524831076975362048
1524820617928785923
1524816683336192000
1524812255401062400
1524810002615222274
1524803513880043525
1524770127962644482
1524758654536372227
1524752463277998081
1524719797723963393
1524714731575164933
1524448708879859720
1524439429603110912
1524418191665119232
1524414094161457155
1524222638285074433
1524198632542588930
1524127333078155264
1524107490077679616
1524094271128805377
1524057049436413952
1524054161217708036
1524017830383046656
1523765237610024960
1523756163908603904
1523681981782892545
1523673246134312960
1523483673894346752
1523478061529714688
1523331435515449344
1522947935197138945
1522635170666500098
1522408549934153729
1522406237383581696
1522323289422667778
1522319194318151682
1522281792346152962
1522263359848075265
1522211588278738945
1522004417956007941
1521968469780090883
1521958254410141707
1521934472127647745
1521876185428467714
1521865444474372096
1521593882823299073
1521572513846804481
1521532700577914882
1521521697421094914
1521520296985047041
1521510711066869761
1521504347863101443
1521497614558060545
1521302395178868736
1521293174869839872
1521280981864308736
1521279095950254084
1521217350124687360
1521213818054971397
1521199946019524608
1521181052596801537
1521152738448527362
1521143223888003072
1521140417449840640
1520893468914106370
1520890998385225729
1520885748630757384
1520854658780176389
1520756393749487616
1520753332863836160
1520752563506798592
1520750684345442304
1520195287335247872
1520135668005060608
1520108161570689029
1520096824505294849
1520089602240958466
1520078573184462852
1520057134116913153
1520043366360178688
1520027537736355841
1519800678427811843
1519796408378875906
1519786686800084993
1519756151168057346
1519754244164923396
1519731996024610818
1519709311421018112
1519707976495472644
1519688197743206401
1519683890977325057
1519469304630198274
1519461613983707136
1519458917000040448
1519458831398584322
1519458748607127564
1519458676351946752
1519439641631461381
1519380840911941637
1519376817886482435
1519344622669115404
1519336087264628737
1519303779203567617
1519144220518408198
1519141525376180224
1519090394637733888
1519085934855266304
1519073721872523266
1519049897089146884
1519048528185774093
1519043456856952839
1519033455442542592
1519032260757970947
1518991225986166785
1518983820091011075
1518975012199411715
1518961652762386432
1518961261723242498
1518953854292922368
1518700903213187072
1518700875803463680
1518674693133410312
1518664945013075969
1518655875698860032
1518634743746772993
1518628963404419075
1518622781138784262
1518588954353750018
1518366814006398978
1517915387526107137
1517889228696399874
1517887275664912386
1517869127829966850
1517603604923924480
1517592025511694336
1517585820777078786
1517574236268904449
1517556605713362946
1517326622063476737
1517282713371348996
1517172981356806144
1517172326223290368
1517163604293959682
1517147594568265740
1517137495598632960
1516852016361922570
1516849809608613892
1516831929475248130
1516806185030144009
1516794578053083147
1516776942279745538
1516577959939047426
1516572818552537092
1516555204837134338
1516537059594412033
1516481750599446536
1516467911224958989
1516457687931838464
1516441079880503296
1516197132503592964
1516136450424811536
1516124217221255169
1516114704250331138
1516103571103703041
1516091855833862153
1515662510950653957
1515324448404119554
1514969722080612358
1514945081370976264
1514693735686287376
1514641652853493770
1514631294604529668
1514617511991422991
1514609561415532546
1514606871092477958
1514597610178453507
1514597184850870274
1514582735754600457
1514578826164158476
1514389061875740672
1514288895596367876
1514272722477531138
1514251183803842567
1513978684759228424
1513927059768291336
1513919288788275208
1513914837717422086
1513900841761189892
1513871976632311815
1513621332885487616
1513598748756258827
1513579952293175298
1513578385297088521
1513576626176634885
1513574995678564354
1513568704801484814
1513552659059732481
1513532193380962315
1513523299506085894
1513519945681883141
1513502850449645574
1513499035864346628
1513499001466806279
1513497728310988803
1513488356168060940
1513210303416311808
1513193771630047237
1512926029295362049
1512517722931974150
1512495005117648902
1512172388854771716
1512158565330526213
1512136410484068357
1512122725342580747
1512098593330577411
1512086581913567233
1512082079969800201
1512078908472004611
1512078907549229063
1512077480760283142
1511896644710719490
1511796990413361172
1511796735294808066
1511721773255045126
1511702510288916481
1511686919532470275
1511476312707416074
1511452755021467650
1511450483277377537
1511412834202275849
1511383393723891715
1511350258546225159
1511157451797798912
1511077608473124871
1511070432576913410
1511042372070739979
1511032654539407362
1511032232890224651
1511000955885699073
1510997913933168647
1510966365540294665
1510943396298473479
1510940087856635905
1510780670297137156
1510658887287980044
1510625702235848707
1510426257690931201
1510411216140877826
1510395933602762761
1510226120049893377
1510050796813135872
1509997482792693765
1509989635602235394
1509983935404691457
1509980579680370694
1509978271869505539
1509973050007203843
1509972843932618770
1509971977913704459
1509959359564075009
1509934642245296137
1509934097367506956
1509917979416403985
1509910942959685635
1509905977751056422
1509904864964456475
1509902610039545862
1509898278078398466
1509894953832488964
1509650166223187969
1509601015003234314
1509600633216806915
1509589723886542851
1509585910861639685
1509566853198356495
1509520175854403584
1509498910141788168
1509352722063151109
1509287013723344899
1509275630344495104
1509249921467273228
1509231454814932998
1509231351525953548
1509224620527960065
1509217669123350528
1509195554169016321
1509189817590067201
1509182197579792393
1509123253671014402
1508926158447988742
1508873558822469641
1508861689084760064
1508839329195565063
1508835302785400842
1508829050139287554
1508828555328868355
1508818282601721862
1508815285742190600
1508571289702785025
1508559499765952524
1508522607196491778
1508491775626854400
1508489043599839234
1508095677854892040
1507801149742751747
1507513051687362568
1507488686316965895
1507466393503076354
1507449389870161922
1507444841348800513
1507354814589644817
1507150328482963456
1507076973662773250
1507076848672546817
1507062329623683084
1507048411689889795
1507032703044046853
1507029724320645127
1506775263002218502
1506729498464694275
1506710775922311169
1506710636537036809
1506685788926447618
1506685535640858627
1506660205383360521
1506658187436601361
1506438895038312453
1506399486796603394
1506369023335931905
1506363855659798529
1506362665760874502
1506361032343789572
1506357666997800968
1506342038245191692
1506327465693786137
1506287043994951689
1506227112604221440
1506091094299353088
1506088862170374154
1506058043808796678
1506031824874598401
1506019673954918400
1506017261450055684
1505998709670219782
1505996719921770506
1505975241935310858
1505926881509523457
1505882104487464961
1505723361011380225
1505655959515017216
1505262424542396417
1505204002287411200
1505198302840635398
1504998228932050947
1504988508703932422
1504985187695808512
1504922718688485382
1504922226298175492
1504887603031646221
1504882461733441544
1504847352410091523
1504845219707109399
1504550854527008772
1504522433059033089
1504520108697337858
1504515647090405381
1504497901472555011
1504494708566990854
1504485280711012353
1504478143934992403
1504474580307484679
1504474452825763853
1504474353802481676
1504469765414277130
1504459706022178819
1504459422021652480
1504173357905977346
1504138860372058113
1504123287273717762
1504118268436619265
1504108092719570953
1504088560231665672
1504072884599332865
1503939865330782210
1503938590572789767
1503883160916054017
1503826759862603778
1503798901702373381
1503744557565059079
1503738174232834053
1503503976805056512
1503481689888083971
1503458354475245572
1503392719074430983
1503383240169725952
1503194561207754753
1503177656573083651
1503174054777434112
1503122014927732737
1503088637294043139
1503084199024250884
1503083492606980104
1503047207334957061
1503032871497486336
1502821434065833987
1502807680901165062
1502750897633435652
1502711954653298693
1502691733594947593
1502486644544393217
1502445380335718404
1502373359530692608
1502363439171309573
1502363212192403464
1502352044023238668
1502339450935861249
1502332136518524928
1502321705783488512
1502316437804826624
1502137778364108802
1502136488062066691
1502128658344988674
1502008376598929413
1501965664034205699
1501932706145320968
1501931929549123585
1501919158430322690
1501743778410991622
1501690335700869130
1501659838228664320
1501633327404621830
1501608144505647109
1501600241598046215
1501599773203345408
1501594581414121477
1501584990454398989
1501572223076868108
1501566133941452800
1501545770692104194
1501386527934406663
1501344040272420868
1501331865365581824
1501307929776955393
1501303795191631876
1501283626390114306
1501276200911749121
1501273276869394441
1501261599260217351
1501258443423899652
1501223190219132933
1501214365374111748
1501207348223918080
1500977335440396290
1500968015973822467
1500959739534004228
1500957535871901696
1500948220050128902
1500898091477745670
1500856006661844992
1500839915411718146
1500838320271679488
1500835524868722688
1500587450028146691
1500553755087052800
1500481537556594688
1500476827969720320
1500205234072825858
1500203785070813190
1500200529275891712
1500152431489036289
1500127366924075013
1499919725417086976
1499908232130830336
1499848901079228421
1499847441536933892
1499811576429301760
1499791197249970176
1499785757103427587
1499747309659303938
1499559297302376469
1499525354645565445
1499492345074663428
1499455434658361350
1499455312302125064
1499423570967027719
1499366857509412867
1499228452393824259
1499184512470814722
1499159439143809027
1499100349583577101
1499093194604167168
1499045516209963016
1498880939526705154
1498872230436122626
1498857131788931077
1498855395577798669
1498854049738801156
1498852002532450305
1498850916681891843
1498850068262236160
1498850060569915393
1498849193586458627
1498848147447201801
1498846553829781516
1498817083190169600
1498815656246091779
1498810965986627589
1498810825078935557
1498803753029414914
1498796727113072642
1498750230203969537
1498735777685065729
1498731476602572802
1498707938806018061
1498705536023465993
1498696507310153735
1498685700547518469
1498679363230912522
1498677330125934595
1498676707263406080
1498629207030706180
1498516581231570949
1498465667581976582
1498445652346425355
1498356115855319051
1498321600478957569
1498295488864477192
1498289324558856201
1498285912169586689
1498119123389362176
1498116639358918663
1498115177543356419
1498107675896205316
1498106676095983616
1498090340716269575
1498090324786352130
1498008755572813825
1497997416146116612
1497996297697169412
1497962733895143429
1497917969908867073
1497757880593829890
1497752714360639490
1497727205706809344
1497640131712454660
1497624320771862529
1497613741856333835
1497574564800434191
1497572468294365186
1497570282286063616
1497568906998951937
1497566634843725827
1497387823745454081
1497350962499014659
1497347904297648130
1497335622679281665
1497332544429170690
1497332339256528907
1497312116088389634
1497299935116636164
1497298899656220683
1497297328247435264
1497221688550899723
1497049757109432322
1497047515346219034
1497011479933034500
1497007198320439298
1497006419488514052
1496995578995253253
1496959665846067202
1496878817788710913
1496841667030233092
1496841237902544908
1496699710677135362
1496601112257957888
1496598209866698758
1496577135871512577
1496568310636363785
1496550477638643713
1496548465425461252
1496536867201814536
1496528028368879626
1496527590890352652
1496524800445005836
1496523025323376641
1496482595475013632
1496480811180249092
1496476835584040965
1496466289237311489
1496332877616795650
1496332707042926593
1496323555604238338
1496199711719632906
1496185377090150401
1496184284947832834
1496176592661405697
1496134234045562881
1496117524093624322
1496106620396445702
1495916948789547010
1495851458843054083
1495850167970455561
1495752672561008649
1495099954456629260
1495049618182348811
1494787958464987142
1494760653701189636
1494750418932584450
1494727339661479942
1494715831409860612
1494703648634556416
1494683942145957888
1494677839228112898
1494575217628360704
1494556543546802176
1494437971382132737
1494425534515793924
1494419229055070212
1494392908673593344
1494379760683819015
1494350052323692550
1494343508253159425
1494342829551849477
1494331613118799874
1494139697748131846
1494113845689913344
1494067536824049673
1494061927529652230
1494050545396502532
1494047636193746946
1494046997795516416
1494040556997156870
1494032024344137741
1494006756535635968
1493983341921681415
1493974284481540096
1493788724408188932
1493693465397501957
1493685426128883713
1493653677650886666
1493630237661450246
1493622645463691266
1493600264703651843
1493334088673079299
1493304497791197188
1493286376468582403
1493263503888637952
1493233972037537795
1492946749891170306
1492897773167038466
1492896858028531712
1492630566134554624
1492160859010908168
1492154621057511430
1492147533673545729
1491885425790787585
1491868032456695814
1491866595140022274
1491844163582713867
1491777244716572677
