1534595876605382659
1534246049665138692
1534246020644753408
1534245998939217921
1534223912258641920
1533886997143633920
1533886360649715713
1533867441742397440
1532804946541875201
1532791492099592192
1532726262204080128
1532513876666875905
1532513875245006871
1532513873646977035
1532454700267741185
1532454212680007706
1532454152076500992
1532109491168477184
1532087708360769539
1531259137119485953
1530911844868583425
1530541902474489857
1530283828803166208
1530283731172343811
1530189508020404226
1529934262228729868
1529913055949246476
1529569997420433410
1529532453177655297
1529532412878852096
1529532362496811008
1529532333254234113
1529500155338162180
1529220312272863233
1529220310310223872
1529172952297652230
1529172890230394885
1528747881947095040
1528747549158416385
1528375133559173120
1527731454351921153
1527693392666316801
1527411638961328142
1527411543821930496
1527411514545688576
1527374317247311877
1527350889249329164
1527282772481409024
1527071155152109568
1527044723956977664
1526990209421922307
1526686169437708291
1526608606619131909
1526274723247693825
1526274688233750531
1526274106777288706
1526227138516492288
1526227082463911937
1525221656129638400
1524806619602866179
1524806566968541185
1524497713550741505
1524497625290088448
1524377677553184773
1524150456473329673
1524149896709877761
1524149773154107392
1524082416222154755
1524082388300705794
1523739639323922434
1523404849307471873
1523033123260612608
1522660341368471552
1522574385105801217
1522320595924529153
1522320029672431616
1522295845353316354
1522295801963241472
1521950399661498373
1521927932217860099
1521927663828545538
1521605179677806594
1521604299314372608
1521559629548896256
1521559571164278785
1521513275007111169
1521513231889616897
1521140592322953216
1520096982785798145
1519812954585276416
1519812882225061888
1519719611993886722
1519402651557011459
1519364712265396224
1519067747929530370
1519043511500394497
1518666972933890050
1518216941286080514
1517858998514597890
1517579193751642112
1517572775464083461
1517572734691078145
1516866888801869825
1516523629915295744
1516523545182023687
1516476914101555202
1516448877242720273
1516115365318823943
1515746226049855494
1515676454838673413
1515028681613352963
1515000461820141574
1514755520024002561
1514741754729275399
1514735913628282883
1514735695688085510
1514735646396588035
1514735592617226250
1514678463877238787
1514678090328334341
1514678051036086275
1514677973886156802
1514336816152854528
1514300795885395974
1513996448353828864
1513996385493958662
1513996276899233794
1513609789355573259
1513609729133666304
1513148040034484239
1512777353792872449
1512512751331119113
1512512677368717324
1512481307305164808
1512478430037942285
1512182290138419200
1512182288754356226
1512170279182684177
1512170180578889734
1512153824303239179
1512153362510266369
1512144635052892161
1512144587917303812
1512136173468143623
1512136143080460288
1512120804112322561
1512120733199183875
1512113018582310912
1512077010654298116
1511757146051985417
1511731255292964871
1511445237981454339
1511445219010654215
1511431935234646017
1511077379430617088
1511028228483395598
1510648322540797954
1510406728961052673
1510364984357883905
1510364488138215435
1509968405029429259
1509951779668119556
1509650167980568577
1509586062343081993
1509573816523108357
1509229092364767236
1509206598815789065
1508902388568141826
1508887662865928198
1508877641591541761
1508524683875995655
1508513266535997440
1507772226262736903
1507724527714852867
1507721003971100682
1507443137836421145
1507442344844480515
1507418634213523456
1507092190455078919
1507090549412704258
1507043756238852106
1507043568787021846
1506734570787512323
1506721127820894218
1506698949058613248
1506362896191836165
1506362777140711432
1506289277625319424
1506268637153443844
1506068298848428034
1505994253721387019
1505994252538589198
1505994251267624969
1505950540697636866
1505944981248294917
1505931972346105862
1505902754333708298
1505902753104674820
1505723827258634242
1505365713782984707
1505353049430233094
1504999990346792961
1504872231880609792
1504871923913789460
1504847376346984450
1504528159089340425
1504518782953435136
1504181187778170886
1504181067154137095
1504086770132131840
1503824270929108994
1503809372983549956
1503454536882655245
1503413387581181964
1503008226228330500
1502781481999118341
1502720139736895495
1502720072460247043
1502660696454041602
1502324539132456972
1502324424858554371
1501927754664759304
1501927383133208577
1501608830207246337
1501314068455596034
1501274823334379521
1500944663620034568
1500944661598326786
1500216783474679809
1500199734388088838
1500199728583262208
1500154929222197253
1499411726617526276
1499157604118892544
1499152085845225482
1498873187588878336
1498873141388623875
1498873030625406977
1498862053355888644
1498858589024403465
1498858538004852743
1498857569309315074
1498857520508682241
1498857439227224064
1498857065527316485
1498856538852712451
1498856424880934916
1498855262207287301
1498854757900898307
1498854715425230856
1498854236515352579
1498853504579944450
1498852739786358786
1498852507367452679
1498852325984808967
1498852012271845382
1498851318886281216
1498851260216365059
1498850731805323265
1498849908320874503
1498849766704304129
1498849293490339841
1498848809840955393
1498848736721653762
1498847403222441987
1498847030646657024
1498846543566278658
1498846092762525696
1498844819279470597
1498844258899480580
1498843790836174848
1498837284841525248
1498773802695671813
1498773647221264389
1498773541201846275
1498728724040192003
1498728669807792134
1498458441916035073
1498417733200982020
1498417658978611208
1498403046455402506
1498380475131441156
1498068046711300099
1497616890809757701
1497265909408350210
1496978779826278403
1496944033255460875
1496884393037766665
1496884352680341505
1496695478553096194
1496527983137406976
1496203650255011845
1496175072725413893
1496175015217270785
1496174907272667145
1495760225168674820
1495412931244220416
1495154267925192707
1495080746519826440
1494741282895413256
1494696853929185285
1494686443733671937
1494391584871354370
1494361235638439937
1494327362015485955
1494063806473019398
1494015820854398983
1493656694773198854
1493656648442908674
1493644050934734851
1493643625917554689
1493623987758379010
1493600331468623884
1493357032954634243
1493352589072678917
1493326110641299463
1493288933513441285
1493288887954952203
1492891323539628035
1492542947157495808
1492528931022544898
1492204286209626113
1491882039259316226
1491827762713268230
1491821076862717952
