1533138032085417984
1532515468493324289
1532515467167924227
1532496504879042577
1532477382694690844
1531338514448654336
1531338505263230976
1530889203776634881
1530705504716083200
1530572026980737024
1529833543173562369
1529609956437151745
1529609955095068672
1529230261975916544
1529216490565685254
1529172562625929220
1528023541760856066
1528023540099858434
1527281213257314306
1527049620307775490
1527049618311286784
1526985721055150087
1526985718140223488
1526946314281537536
1526945948747845634
1526945944264232960
1525259651394281474
1525206136105975815
1525206134549843968
1524128313991700480
1523308086584258560
1522330468238176256
1522330466552004608
1522233532021628928
1522233530851414019
1522233529270259717
1521510811277090817
1521510780713070592
1521504221283201025
1521502269325426689
1521502267609919494
1521312866510557189
1521312865679990785
1521312864656625666
1521157849929457664
1519764126851080199
1519713088857063424
1519374259742728194
1517347313982836738
1517270987926122496
1517270986516742151
1517268632132276234
1517268618895106048
1517268602663153665
1517268507074957312
1517268494907236359
1517268482446049280
1517234206551781376
1516578919910187017
1516578918572204034
1516540284531884032
1516540239430537217
1516248906371317765
1516248666876567553
1516125356306092038
1515389062093455360
1515388690150920192
1515388637365551104
1514005327544561664
1513920732664840205
1513255222839324682
1513255052953243652
1512537447430860803
1512180429440356360
1512180310515007493
1512180231720812553
1511429634767863813
1511405319737466888
1511135387976183824
1511117770951467019
1511117556312166401
1511058316889313280
1511058212040192000
1511058154192257036
1510000528247382021
1510000487856320514
1509999310376775692
1509999290491494403
1509997124213252105
1509617238969659392
1509617185509056515
1509550814842531842
1509253020516765702
1508884276254855168
1508580835703889928
1508580759740858375
1507179655102672898
1507092101456187402
1506649636001431553
1506368077440684046
1506025234276696068
1506024833888530435
1505940154644639748
1505940130510610436
1505275100383305731
1505012743891558401
1504949310881939457
1504251921590366210
1503856610350931974
1501734618520821764
1501288547579535362
1501288470001729537
1500908799804203013
1500506715640541194
1500506670379765762
1499531344782802945
1499478043143856133
1499477861098532864
1499074773980176392
1499074705994756097
1499033954854309891
1498865252997505029
1498864759646654474
1498864718169133062
1498864437423480833
1498853947729231882
1498852862989848581
1498852714427654155
1498851804699897864
1498851291233243137
1498850859265966085
1498791318704820227
1498791252476715011
1498427468046381060
1498427275519406086
1498425175028736001
1498380267563720706
1498380238606241795
1498378353795026952
1497339846712598534
1496711485606842371
1496711319436857348
1496519270225915905
1494780651849060352
1494746923273801730
1494746839450533898
1494746720772763661
1494683223212937224
1494417279697752068
1494371474177679367
1494371452832915459
1494371335161761792
1493666962106462210
1492237528954556421
1492237423904014355
1492214062461198351
1492213922518212612
1492168742490497035
1492167250798911504
1492167191353040901
1491886516192301068
1491873031496650755
1491872909345837057
1491864261844480000
1491864109108936710
1491807718583193602
1491807584143220738
1491536364176871429
