1534683038768058370
1534682986519613442
1534649821897842697
1534643030673735689
1534641330328158210
1534590845210468354
1534590355991052288
1534564300131602436
1534534419339522049
1534534318189584385
1534352204995387394
1534299489896374272
1534297399082065923
1534234448102932481
1534206931686014976
1533956460832595968
1533926847838314496
1533917463120859141
1533875310273478656
1533865536970534912
1533863446575566848
1533802073145458688
1533569906733637636
1533480831708184577
1533210385024679937
1533097793602174976
1532888967753916417
1532888965820428288
1532824094504325123
1532824089110491141
1532788238800265216
1532559702822985740
1532456727987339296
1532412878908805121
1532412875817598976
1532404647373283330
1532361178546114560
1532361176847360001
1532361175173935106
1532361173542346755
1532361170648281090
1532184099380764674
1532161914071134208
1532109138863525897
1532109136296611840
1532089769202700289
1532035605181480961
1532015665116286977
1531777302803226626
1531732927062716418
1531679784668905474
1531292305457655809
1531023892847919105
1530940335555235841
1530940332740943872
1530713634032205824
1530688141291663360
1530365748920688642
1530325806404222979
1530261532625575936
1530255549509541890
1530229380500406279
1530210278046056450
1529975945100251137
1529924614616399872
1529924613370691585
1529924612074749955
1529924610766012417
1529899292860854297
1529864297928658945
1529645029551181824
1529610704965275655
1529610703404945408
1529610701001695233
1529473857484206082
1529212534712111104
1529189990265196545
1529148278528528389
1528872482198855682
1528828246275530755
1528752166621564928
1528468925624766464
1528392788806615040
1528158930215522305
1528082554053591044
1527822038395650049
1527800184805150720
1527754001751715840
1527754000183005185
1527674324555124736
1527472473603702784
1527402087759454209
1527380611798814721
1527353673931984896
1527072271688470529
1527029190410833921
1527012897838219264
1526969189625434115
1526743390649565185
1526678941964058625
1526663997403058176
1526629845316382721
1526331179376553984
1526329172116881408
1526329165523390468
1526321136069402626
1526295106734669825
1526287109887250438
1526237969807556609
1525989114415304707
1525907409251848192
1525907407762862086
1525867009380065285
1525617551073546242
1525501736181452800
1525501734868631555
1525281373392707584
1525240207418728453
1525240205904871424
1525148722140782593
1525142949079748609
1524920095482445831
1524883467145732096
1524739926964805632
1524574711736324097
1524501956735213568
1524485064788226048
1524452016084369409
1524405984449507331
1524401108176846848
1524187916611825666
1524175866154172423
1524128242382348296
1524058979873267714
1524025322462720003
1523838790615408641
1523838442756530176
1523838440663572481
1523791083490004992
1523730234214064128
1523715010798981122
1523455834658803713
1523397453843628032
1523306260967399425
1523062223714852869
1523020773115719680
1522969703517462528
1522699709030219778
1522663658488320005
1522622512202403840
1522571901956239369
1522397501470515200
1522357649458749440
1522319534132273152
1522303654174380032
1522225034319863808
1521941293173202945
1521885303807619073
1521862994518593536
1521680987045965827
1521616676290244608
1521616674042130436
1521616669172539392
1521502158562242562
1521299585121103872
1521274311637676033
1521216325993086977
1521216323132563456
1521152226277969921
1521150808175398913
1521121370511454209
1520822558047850496
1520822556835696644
1520802965967233024
1520494106501337089
1520399718765023232
1520101084970340357
1520090065531281411
1520084868977373185
1519852526581043200
1519852524261543936
1519835817245614088
1519787663200559104
1519769355311099909
1519769353473998850
1519750598052225024
1519694131949449216
1519680521328070656
1519454768460177408
1519411363130617858
1519340665284534272
1519324633203417088
1519135335988486147
1519134116205240320
1519134114808537088
1519088500250923010
1519053781413117955
1519040618638581760
1518951896043687936
1518784566030475265
1518701056506707970
1518688832182534146
1518620931878445063
1518571757694816257
1518571754851127296
1518414389036171264
1518414384401367040
1518411323993907201
1518411319581552641
1518362288457240579
1518252088500838401
1517967378868580354
1517967377253781504
1517937296049414144
1517927927991746561
1517927926402064386
1517889819459870720
1517889817970982915
1517875629781364736
1517875628183367689
1517680826531651585
1517601513836879873
1517592011821527041
1517580354693050369
1517559583493009410
1517322872498307072
1517322867737874433
1517314716342837248
1517314712094097410
1517300638404784131
1517273039242682370
1517235428704800769
1517227680273420291
1517181544967786507
1516886756582436866
1516885277305982978
1516873059411668993
1516859769079971845
1516789703915225094
1516784293321793537
1516551097594359810
1516525702744526850
1516492198090579978
1516461431465598980
1516442589154656263
1516203471564910599
1516167382758273044
1516148707196026888
1516142461260906499
1516122110791491584
1516077687139454981
1515845417275211794
1515779082230841349
1515706128390311944
1515428898846224390
1515402305947983872
1515066058176176151
1515049082695335942
1515049079654518784
1515042952355237892
1514981236086878221
1514710309512138760
1514693604618424334
1514684573560582152
1514285047548895234
1514259412478742538
1514048018890338305
1514048017925562376
1513966053306556429
1513937407124680715
1513895721015119875
1513636073112576000
1513616955936325633
1513510471223152642
1513510469788655626
1513323072622936071
1513263467079286790
1512948163124113413
1512830248882262019
1512581938003025922
1512520504351023104
1512492457107337225
1512472978033893379
1512205513647349767
1512191910470897669
1512162893818650625
1512162892421992459
1512140012426600453
1511850852520189953
1511850850305515521
1511850848187523076
1511850846895628289
1511848782543138822
1511848781310050312
1511848780118773762
1511731588916289536
1511704349730394122
1511522526060494849
1511503906534264832
1511443968990535682
1511437570533642240
1511399621578399746
1511389625981579271
1511355010935832577
1511341796827320329
1511089171305275395
1511074962513219592
1511067924659847179
1511066591680733189
1511050287661961236
1511047223169241097
1510998600435834883
1510712132526129161
1510695751667572742
1510331769463189513
1510254839774814209
1510083595708293129
1510039698781220869
1510022647727411200
1509965406789902339
1509942688304578560
1509906670046097414
1509884123728564229
1509884122554114054
1509689173703372800
1509668844331319303
1509647275001368582
1509647273462013959
1509647270966407180
1509647268730843143
1509647264393965579
1509647261965426696
1509645383751905281
1509640915954065409
1509612966152310788
1509566028073914373
1509328081126891529
1509276648671256578
1509259079960735753
1509214697630973952
1509209851532124169
1508971868514131969
1508930888733757445
1508930883734151169
1508871860313858053
1508845377058918403
1508811888070696970
1508811886355177476
1508788002167967746
1508627679804899330
1508627677649031176
1508587299642261513
1508587298325204998
1508587297154945037
1508587295590469632
1508545090687541255
1508516019249332226
1508501102181945347
1508259128971599878
1508194628511895552
1508115586513055751
1507830799961362439
1507723466350465024
1507517840705871873
1507496739493793792
1507334394427711489
1507157923545370628
1507152197016035332
1507099074675326984
1507074677046452226
1507065504581701632
1507025057675190277
1507013232573091845
1506983881785982976
1506745644479881224
1506717058754621442
1506431620521369605
1506426348855832580
1506392145816653832
1506371281427607553
1506325320676302849
1506294248886448130
1506098552916828163
1506064506249695239
1506047018514497536
1505987920070643716
1505710929480232977
1505587289031905282
1505321819896750089
1505232217672499210
1504992478709129223
1504897780006985735
1504843972031692801
1504821384815460363
1504617600386535425
1504572833908678659
1504555550297636870
1504476025710792709
1504291819118489601
1504236616843292672
1504160617287995392
1504112384494866439
1504094231823978500
1504090806117814278
1503925405966692354
1503862113869045763
1503798487116255235
1503792020933865474
1503568098225401856
1503543431569629186
1503460164153737219
1503263710684454916
1503248769474723843
1503116600718864397
1503087486628765703
1503060479673090053
1502768648443809793
1502390857990877185
1502376127263817732
1502340464216883205
1502315044025077763
1502314587856814084
1502049898870489091
1502007858426269705
1502004319742218240
1501989825603379200
1501959189970759680
1501763847408996358
1501763845941252100
1501763843667767296
1501763842304614401
1501763841029455881
1501763839532187648
1501763838206697478
1501763836801687562
1501763835484585992
1501763834075303939
1501763832628326403
1501715993361588227
1501651839867105280
1501630240958914570
1501616487014051843
1501417528047902722
1501417526433132549
1501319714307510279
1501305085631942657
1501275638757482507
1500968698420637696
1500933216974299141
1500912020425740302
1500909283394924546
1500906434674008068
1500900538598277126
1500876580893175817
1500874425817866240
1500578618417762304
1500528437777379335
1500249005716082688
1500182012056981517
1499907616272756742
1499829428167266314
1499803907673010178
1499800101899968516
1499565023995256833
1499507829992038402
1499507827836080128
1499495766741639169
1499480098294145032
1499439220821221382
1499209036251680770
1499087119201062912
1499085550514495502
1499066483896651778
1498865345129549826
1498860106313867270
1498853343439077377
1498850091045736449
1498783742835449859
1498766337480536070
1498715833526272006
1498709439792177168
1498680829618409473
1498463422459097093
1498405330337910787
1498393862838050818
1498344473859870723
1498066996251947008
1497982050330107908
1497715339592929283
1497706030574317569
1497706029206827013
1497673578254376962
1497654475732967426
1497612087916482565
1497397924975812613
1497397917728002052
1497397913118404609
1497397905124118528
1497397901181472775
1497397892671328256
1497361707332685824
1497344849380524034
1497307690166542336
1497275600616181763
1497243581668548610
1496992657138143233
1496951017799360515
1496912878502559744
1496891828955762689
1496709007599353859
1496623147319283714
1496616237777969158
1496592423295803392
1496573391750541315
1496512575353368580
1496262352005734401
1496262350759936001
1496262349585530888
1496262346783838208
1496262340727218185
1496262336432201741
1496249208457809923
1496242406529937412
1496145853848952837
1495884900100096000
1495847362404790272
1495781796633583619
1495545252798730241
1495455376334016516
1495181804575367168
1495130899658297348
1495112754298081283
1495079436470915081
1494866097467707392
1494866096314273795
1494866095144112130
1494782954844958721
1494725475268190215
1494694112141918212
1494445356465238024
1494441970147680266
1494441968872693762
1494441967761117184
1494441966016335878
1494311036224258052
1494099713691369476
1494097831359045632
1494088350927572992
1494069633590116354
1494053493212073990
1493695788949848065
1493683376775176199
1493627129573126148
1493372006192009219
1493313338524246016
1493264572484141059
1493244207141732353
1492995983919222789
1492874767367614470
1492574982920151048
1492529850065825796
1492265660012969990
1492257182280204295
1492220252045950979
1491912523586621441
1491877809991696387
1491836474152689668
1491803570844450816
1491551951686877186
1491550918084640773
