1534682065597259781
1533865785696845827
1533536890770665472
1532813287456374785
1532754429757227008
1532754428310306816
1532754427169361920
1532754425869176833
1532754424233439232
1531288316523446272
1530217936178368513
1530217935184207872
1530217933967876098
1530217932852281346
1530217931300343808
1529130983852752897
1528792205564977152
1528420763556007937
1528015668049858560
1527680698936705027
1527680697195970560
1527680695522537474
1527680693387526147
1527652152411398150
1527327074339651585
1527279519811350528
1527038034411147266
1527033496019025920
1526980223836819466
1526597833452920833
1526556418144407554
1526294777213378565
1526251477290852363
1526195801025925122
1525964312124264448
1525879076552073218
1525835600582033408
1525514008186572808
1525206478453452801
1525144522346446848
1525144520878346240
1525144519804604418
1525144518651170816
1525144516755333122
1525104067273449473
1524853470838374409
1524792551974346753
1524742892308377601
1524481841977253888
1524422435696689153
1522607710923018242
1522607709652230145
1522607708570107908
1522607707425017856
1522607706405810176
1522607704283525120
1521164737366700035
1521121410306949120
1520808749304328193
1520760311715930112
1520443588265623552
1520406694131605504
1520183759143903233
1520071031016366081
1520071030064226304
1520071029120548865
1520071028113874944
1520071025932881920
1520037989300289536
1519780879052296195
1519735173352497157
1519671445084848129
1519417812452020224
1519330363377688578
1519067655042437120
1518951174237532161
1518636761131409409
1518583650740277249
1517594087934730240
1517573001679712256
1517573000740093954
1517572999817355264
1517572998190010368
1517557237715283968
1516850442520739849
1516848926644744200
1515361275341152263
1515055936741978112
1514997050949177352
1514997050026430472
1514997049057591296
1514997047514087425
1514684853106663432
1514350777627811840
1514299994139938822
1513967243851354114
1513937679787954192
1513133746114994176
1512923802879078407
1512863248206413826
1512556287321681920
1512520663013023744
1512460650630594564
1512460649560956932
1512460647728099339
1512399191187804166
1512134676944760839
1512133844127920135
1512094396874952710
1511797446325719040
1511769058462556165
1511717810401124354
1511484848212520960
1511459440587075584
1511459437227257876
1511397385389420548
1511019296444583938
1511019295198912520
1509923766364741669
1509923765186142222
1509923764028514335
1509923762417938433
1509609330206777349
1509551810398375945
1509269199314632708
1509192155591548944
1508900544143888384
1508884353128054786
1508520646602600450
1508482255152427009
1508453581296386048
1507887992052068357
1507753405749596161
1507492553947500548
1507447122186100736
1507387191990886424
1507387190824816658
1507387189700739077
1507387187901472769
1507366006787907586
1507181243997241350
1507100944332464133
1507084637520158724
1507027551151087618
1507010926695780371
1507010925160673289
1506962086995406853
1506729731282116625
1505985888865636356
1505944421249994752
1505944420163723267
1505944418355982337
1505551278939770882
1505297428139945990
1505012260372107272
1505012259440975882
1504925998034345989
1504922549167300610
1504922483354443779
1504884130496008195
1504850233641025538
1504850232361865223
1504850230700916742
1504850229618745347
1504850228511395842
1504850227399958529
1504850225755832325
1504827868748070926
1504512634439274506
1504462402817040390
1504440894157635584
1504245990760620037
1504245988080377862
1504192716967751680
1504137666513801217
1504125391493029893
1504084826630066179
1503842705868263433
1503743395440775168
1503507587861729280
1503478104743890952
1503478103821148167
1503474936681226251
1503463863878131716
1503428156933513223
1503402584543006722
1503088274524549122
1503028834039435265
1503028832936280065
1503028831837433857
1503028830683996168
1503028829509541893
1503028828360396804
1503028827131465728
1503028825982218245
1503028824774168577
1503028823645900802
1503028822496710659
1503028821297139715
1503028819627847680
1502802362154561542
1502745029030424577
1502442983416905732
1502388903306747910
1502343786214526979
1502343784075517955
1502343782783721476
1502343781403828228
1502343779520585736
1502327008394678282
1502322934005837826
1501993201170886657
1501993199438643204
1501677237665415176
1501677236289622017
1501653679195230216
1501616631113555970
1501607341862572046
1501236786881875972
1500481191669084173
1500481190209404928
1500144265556602881
1500126091477929986
1500126090286837765
1500126089108148227
1500126087963152390
1500126086746759173
1500126085505294336
1500126084297375750
1500126082804207616
1499941632849940483
1499938617145311240
1499852189874991104
1499807298730008576
1499792125650784262
1499792124509839360
1499792123335483402
1499792121225695235
1499780062685630466
1499776690720940039
1499528763100606464
1499485731865124867
1499405669438476299
1499174830914088962
1498769852198178817
1498755863116492804
1498737313962151946
1498726809805934596
1498726804399525889
1498451959887638531
1498389801581563906
1498365082761416705
1498342778299994118
1498338610810138625
1498321738026954763
1498102845094207493
1498081906809835533
1498039740544782337
1498036884433514506
1498035169810427904
1498007321070518285
1498007319761887236
1498007318448979972
1498007316951703557
1498007315684990984
1498007314124750850
1497951236364066818
1497914565870469123
1497741753465536514
1497719432390586368
1497700769943937026
1497693482638450688
1497693481480818690
1497693480365215746
1497693479199203330
1497661491981402112
1497659136347152395
1497642368643727362
1497635392920694787
1497625366185353218
1497621191053434880
1497618886451245061
1497616153698619395
1497605168019431429
1497605166924763138
1497605165867745287
1497605164815036422
1497605163640516611
1497605162445193223
1497605161283469316
1497605160192851973
1497605159068786689
1497605157659430913
1497550052683886592
1497425964279767040
1497317992090247170
1497255966684946435
1497255965405683712
1496891214540517388
1496870856219193347
1496870854755557377
1496633708861865985
1496633707221901313
1496254151554174977
1496207776120549379
1495514596014268416
1495058729397637127
1494778750558523403
1494758382502301705
1494718708916367360
1494718707557359626
1494718706210979849
1494718704470343683
1494706357685084161
1494412904455720961
1494376566784204801
1494071829287346181
1493977421271519239
1493977419635695624
1493756225011343364
1493715321366138880
1493691012430106625
1493691010995695620
1493327666933637127
1492710062787334144
1492710061260488705
1492242042436546561
1492218504774303744
1492181938882367500
1492181937821257736
1492181936881741828
1492181935787024385
1492181934201622528
1491551386936516611
1491551385300652036
