1534590180170031105
1534583542348492801
1534533083554267136
1534327762642735109
1534301454353276928
1534193276634509312
1533933961159876609
1533881371327967233
1533878878409838601
1533845721954361344
1533805866360745986
1533131305491259395
1533130526101540868
1532751473230106624
1532724375706902528
1532703561301229569
1532419055717695489
1532391274363375617
1532389425224744960
1532104852855214082
1532052674530709505
1532024937669701639
1532015339197849600
1531724710639292417
1531703822506147844
1531699879545868289
1531672028851453953
1531271066882031616
1530951151943831555
1530556883626606594
1530231648087949312
1530205699665547265
1529870111041003520
1529859970136686592
1529853588306022402
1529469741223579650
1529185881378410496
1529155481909993472
1529127693299593216
1528871892069023744
1528765857517690883
1528384084854153219
1527976329697800192
1527704295935729666
1527686889930735618
1527647154914963458
1527475209208463370
1527376226481909797
1527358087904264192
1527318020070453249
1527287911749664769
1527284807931244545
1527018427549986817
1527013163526496257
1527002880657575937
1526951804512116737
1526939094089080833
1526627448690991107
1526594636713705472
1526589499840552960
1526584197414014976
1526569870061608964
1526324358679080966
1526283523929346048
1526278927009710080
1526257859444543488
1526233323810463751
1526220942191607811
1525223296765202433
1525165805150912516
1525102962774794241
1524847117134708744
1524788534976053250
1524787638603026434
1524768707263741953
1524763258191814656
1524744901812006913
1524507976249270274
1524505586108452867
1524477464222777345
1524467819991248896
1524456473518034948
1524437179522551810
1524414032836452354
1524395987640459265
1524388620974579712
1524021213647065088
1523299134438055938
1522218397005586432
1522208257359728641
1522205057629966336
1521993020614320128
1521939812391043076
1521908224630341632
1521904426952409088
1521537694320545792
1521314113460318208
1521140299720007684
1520489443861438467
1520460271671730176
1519699435617501185
1519673080016261121
1519435258097250305
1519376248262336513
1519359730736640000
1519347958751412225
1519345715188834306
1519338116661796864
1519021115733065730
1518761257461067777
1517501353383407616
1517234841590415362
1517152339294973953
1516885911769960454
1516524639794741260
1516486287561269253
1516429805385883655
1516416938473406472
1516256144767004674
1516185657957363714
1516146043582361610
1516104671278084101
1516078246206525447
1515713199206711296
1514982607414607876
1514960585833730059
1514811396625616902
1514725949471875076
1514681334110867465
1514659232251006980
1514650850999902219
1514311742616219652
1514258992809357320
1514055749923704838
1513961297951526916
1513901274881744898
1513562681839661058
1513543643608588294
1513538554345013251
1513515938955595777
1513158796763443212
1513153631771582469
1512479133976170501
1512449150624874497
1512438341521784832
1512129756124401675
1512106439820648452
1512102078566576142
1512063969225285632
1511819039034818560
1511781236037066759
1511767399611215882
1511766904758755329
1511730870104821768
1511454807923511296
1511421230791987201
1511354753820860416
1511348453468737546
1511333000868421637
1511084565217124356
1511072917592887304
1511004492682117121
1510999286833631236
1509932906713690115
1509911564140355596
1509674234481627139
1509611004870729728
1509607386281095169
1509582932524032017
1509546835983093760
1509301128957247489
1509296136183549953
1509279888687222786
1509240852014673922
1509228371766616072
1509226339307503620
1509223325515587598
1509197938718818305
1509180229939515402
1509179986250539008
1509173016479076355
1509154337347493895
1508926660707594254
1508923162184060943
1508818420325928966
1507772197728833542
1507436537637744647
1507430868817690624
1507369167816638467
1507361187704549387
1507092406566535183
1506773707708157954
1506751585086496775
1506740373397331974
1506710939076337665
1506699519207034887
1506683417068515331
1506676075404959747
1506646695412707330
1506607659012734976
1506466050652659715
1506460238903447552
1506433944341950465
1506403053464866820
1506257905452040199
1506061965164257287
1506061094791569420
1506059161280434189
1506058221785600008
1506057394887053318
1506049523130544130
1506036532494409729
1506018201662111746
1505960848803745798
1505921368503857163
1505187722348093442
1504939378237452288
1504934761818640385
1504833466353004548
1504571206686683144
1504525109557698568
1504522185779646473
1504498906624835591
1504473349736460295
1504468542007091213
1504447375359856642
1504217373548724228
1504148011617861639
1503849918896787463
1503842031877165071
1503825829037580289
1503486391640076290
1503462337860325379
1503416935631007750
1502368402958082051
1502047565382135824
1502003000642056192
1501989072985808896
1501931471291879427
1501587332394360843
1501580361112993799
1501299817405890562
1501280396805345290
1501261849865555973
1500965614134996992
1500907974071623684
1500836784409829378
1499854077919956995
1499779383275446274
1499746633713651712
1499480565438980104
1499460672635166727
1499425995543261189
1499412876955721730
1499190186252582912
1499142720086024195
1499070002078658562
1499050105760096265
1499023262159978496
1498870391816835072
1498773191656980480
1498763299441324034
1498741580647346183
1498657290404118533
1498510240320528386
1498397162480279561
1498333423206907910
1497297439765643266
1497268026621706241
1496920773340147719
1496706980164947969
1496603755516768262
1496528019388870662
1496208575332499456
1496151205885718528
1494797696451981312
1494797442260377608
1494708693501464582
1494703320786690055
1494675406645084161
1494424175821443075
1494414748858949636
1494367370340618250
1494338430167179267
1494039396743585796
1494036092668022784
1493992274690293768
1493724112258322436
1493710584709357576
1493703640296538112
1493361293230759940
1493336779872739341
1492590576205803525
1492539703953874947
1492249414945198089
1492144446653308933
1491874990509154311
1491799676982419470
