1534667951093297153
1534631379899752448
1534630737428848642
1534628571515346944
1534599927166271488
1534569581125279745
1534566000112422914
1534554176394493953
1534531559008702466
1534521446617255938
1534277617544740865
1534260886218604544
1534260884972896256
1534235181653151745
1534200114889236480
1534180352037617664
1533924904789213185
1533893388638031873
1533883832419639297
1533853853858373633
1533839989276123136
1533813693183664133
1533803198120607746
1533794512203485184
1533497893822382082
1533489056943939584
1533480254408359938
1533412785975091200
1533159944085807104
1533159942722572289
1532790558992879621
1532763469308694528
1532763452296536069
1532763375339548672
1532716728811241475
1532716727640940545
1532711422983020550
1532463942978641920
1532456864759398415
1532384843941781504
1532360762945069056
1532331315374301185
1532331306021007361
1532116837432958982
1532044225126309889
1532007790079795202
1531988523292696578
1531798541575806976
1531741356565188608
1531729379969097729
1531707802170818567
1531700624097693697
1531684444909740032
1531666495171878915
1531644279453536258
1531624657094320129
1531299108094365699
1530919874893164545
1530595674336727040
1530285369765179392
1530253192541483015
1530217226732818439
1530163691521560579
1529801786130780160
1529561670313725952
1529561668014878720
1529467438068162561
1529259355345854464
1529189212645273600
1529159555900317696
1529120719233159169
1528903956620906496
1528855764118302720
1528827064417013760
1528761479834374145
1528741042748395520
1528408271132020737
1528083523034284033
1528066685550346241
1528050932805783553
1527781506097336321
1527754523644772352
1527736023131869186
1527709915468509184
1527704534168002561
1527694895674277889
1527671847722049537
1527660515111092224
1527637429712216065
1527386705468305410
1527371488713551882
1527352234178412544
1527340481054511106
1527315655200210945
1527309484518875137
1527122193062191104
1527122192202354690
1527122191204208641
1527122190205915137
1527036844113895424
1527022419285889026
1527012301454327808
1527011484181618688
1526984019266703366
1526981627183878151
1526973240001839106
1526968833004773377
1526968831826182145
1526941803819282434
1526931422992388097
1526910417976676358
1526713372250624002
1526683274508214277
1526683273455456256
1526647394875604993
1526642097562046468
1526603244650242050
1526579002852376577
1526564586266271745
1526552109084299265
1526372677761515521
1526325549521588225
1526312954097958917
1526272023235895299
1526257211982364675
1526250824137048070
1526238920723374080
1526221834718412802
1526221833611141120
1526204632380358659
1526187176828055553
1526187175695507458
1525923746166493185
1525850839247687680
1525845659173126146
1525186626221121538
1525178113054875648
1525168108373147648
1525163808737599489
1525154351270043648
1525140142457032705
1525127674607579136
1524908465033986049
1524868500795408390
1524861919848546311
1524851171294429190
1524845839125991429
1524845838069026838
1524845837054005255
1524767436536434692
1524760999198404610
1524752735656108032
1524746297349222400
1524737492188028928
1524555092283871232
1524531124147572737
1524531123023495170
1524531122071347201
1524531120418795525
1524456310179311620
1524404510575243264
1524401373588111361
1524391412057399297
1524173994664116224
1524114935764168704
1524112417512464384
1524107372909707266
1524087549035266055
1524029262348668928
1524018164232769537
1524015483648942081
1523810094214893569
1523789002884939778
1523770347426054144
1523724233117175808
1523694456100118528
1523688357552828416
1523652672540188672
1523380622248476672
1523291047966695426
1522676658783895557
1522658390035603458
1522644402128175109
1522617223159988226
1522612389715361793
1522567954214404096
1522311689101885440
1522301641994784768
1522282547224395778
1522258712391565313
1522237995474198528
1522232815508762626
1522207184217681920
1521952911630249986
1521937714630770688
1521926732277854210
1521926151572267008
1521916953727848448
1521916952666640387
1521909693760815104
1521838992676823041
1521635582073573377
1521604734666350597
1521591694684262401
1521574050417500162
1521552516353298432
1521546874729246728
1521539974398681091
1521526038454489088
1521518174180716547
1521516074214346753
1521513303691911171
1521483379329409024
1521272549769945091
1521261220824813568
1521255176216141824
1521255174442004480
1521245819915182082
1521245818879160320
1521245817721470977
1521245816689725442
1521143417295753216
1521120176766435329
1520854977769611265
1520813073673728001
1520790438306795525
1520418770354847744
1520121737941295104
1520106330891206658
1520056684508495873
1520033985707057153
1520032453586558977
1519792712995594240
1519753768069480451
1519705261019119618
1519702912355684352
1519686781049966592
1519686637768347653
1519682324887220224
1519681033880449025
1519667018416414720
1519466174974676995
1519419551133454336
1519398203921207298
1519366371271917568
1519337614297513984
1519333454072188936
1519323631108694018
1519307839105347584
1519053524759465987
1519040354665783298
1519020104868057088
1518993544664465417
1518987977120169986
1518980158283210755
1518962568219484161
1518958796751712256
1518935442938376194
1518756179098357763
1518722093503979520
1518710257157087232
1518679883680997378
1518661396304642049
1518644350724579330
1518631531790622721
1518615187204550656
1518612323916726273
1518602539624763395
1518599065013006336
1518585668473135107
1518260637582991360
1517903783614951424
1517881975889186816
1517647498482839552
1517616614224576513
1517616612949569536
1517616611510919173
1517610454377537538
1517586328199712768
1517573247642083328
1517563621223669760
1517555508550504449
1517549202292842496
1517544353685819397
1517501009882456066
1517491121399676928
1517241988210475009
1517222446377881600
1517219922513956870
1517200477322108929
1517187542159872000
1517152710235017216
1517151274243805186
1517130358504009729
1516865778515128321
1516855150471782407
1516839056314970113
1516798506329116676
1516784065365561348
1516777646360870914
1516767791612899330
1516502849760505864
1516484676222959620
1516467002445082626
1516451870449057808
1516431006617714703
1516417231911071745
1516410485435940878
1516405242555940872
1516157316348973056
1516121117907464196
1516111563345829890
1516100851135299587
1516058744634892289
1516044454875992075
1515716840516956161
1515379782309105672
1515060513088188421
1515025127934677011
1515015294460342287
1515006878698332164
1514996516351586305
1514714052089548803
1514689683791486985
1514654112041816066
1514650257300365320
1514628151439151107
1514626844909256713
1514610290180046860
1514375261915074570
1514346879437479940
1514341414632574981
1514308053079937030
1514265692538822668
1514252731170525188
1514249116053823496
1514068005935755264
1514024806701707266
1513952791915548672
1513909854133440520
1513890485429018635
1513879749537550342
1513862949479145474
1513645974543114240
1513623276723097607
1513622201303453713
1513587556977369095
1513570823013117958
1513544413875781633
1513520298334765060
1513518247567511557
1513502711152459777
1513315735946235904
1513146507675189249
1513140393151500288
1512803561633202178
1512532884904677380
1512502003498463236
1512488547600977921
1512475890390814726
1512462907258421250
1512425150259638277
1512412494467420162
1512224029708627989
1512175182185746435
1512162877632925700
1512161761855787009
1512155301239267336
1512148653313515521
1512141080506114060
1512124313880649734
1512116009179783171
1512106294743871501
1511817156920590338
1511813859560112129
1511788463154159617
1511769518384857092
1511746419639697431
1511738544015953923
1511721128213032962
1511709376406593548
1511476236765257730
1511468846141558786
1511452135392784395
1511448333042257920
1511431845333942272
1511412757979189248
1511396924989054979
1511386550730379276
1511385470898425864
1511372838405611528
1511370241045155845
1511351037357170707
1511332803270557711
1511126398601252869
1511104343608643592
1511074966652997644
1511023121175879680
1511012789233590283
1511011187118514178
1510991078958247941
1510962919957225472
1510962918862606338
1510635640173568013
1510319899717025795
1510307389496602635
1510256128617328644
1510002247006044167
1509992867892191244
1509968394262568968
1509904879464165380
1509886062709157895
1509635172681064452
1509628596616417287
1509614282740273153
1509589202496856064
1509579537306341376
1509562257138724870
1509532710976557059
1509521145690832900
1509517681728401415
1509300220613513216
1509298157913583617
1509283789029183494
1509254982125731841
1509240268645707777
1509232816747339784
1509230780139991041
1509217311357640718
1509210511451340812
1509195660045787138
1509173261480960007
1509150802182606856
1509149064738258944
1508913531680403457
1508912741184163846
1508875254596263942
1508858853622009867
1508854958816440321
1508848597856571407
1508841308831502339
1508825567654780932
1508808507897884684
1508801753097154561
1508577002550398979
1508565791142260738
1508532827125690368
1508508703468789761
1508491717099630603
1508481356854091781
1508472187820429315
1508449722691948550
1508437505657430018
1508283362573701131
1508088060407336967
1507828177141391368
1507812206091587584
1507806353779314695
1507723960091385856
1507459437979652101
1507452953719828482
1507450441507999779
1507448471413997575
1507413221225148418
1507401520299618305
1507379235144544260
1507353308947791874
1507151891263803403
1507151112364769281
1507089174356279298
1507089172070551553
1507058351481532417
1507057209036976129
1507035910130606096
1507022195922452481
1507000990070882312
1506985270884937728
1506793595243839491
1506779431737692169
1506736711820320779
1506710566194360321
1506703996739899392
1506701024630820864
1506692701978345472
1506676415835615238
1506662650394066955
1506646807031562241
1506622890694877193
1506615667360940036
1506367074347667467
1506359290021437440
1506350031586181121
1506325110688559106
1506322724406415370
1506304373449805830
1506291751786590224
1506291715287785478
1506279412114857988
1506263832687222787
1506056686716473348
1506054791956516866
1506012896743997440
1506012895032848390
1505994637646966789
1505968782895890436
1505937929864163331
1505919837268320266
1505904249418534921
1505900692673859589
1505205848217423876
1505204388289298435
1505172143230885890
1505172141871882244
1504918545997746178
1504913041372106770
1504881024572047362
1504876239206637578
1504812585073451055
1504625177035948040
1504623897039233027
1504590899820515335
1504580660220076035
1504531494848671752
1504497142173474824
1504494686769139712
1504477913487273999
1504477701201035264
1504469470282014738
1504452636547895302
1504214117284032513
1504207676892401666
1504152761264484357
1504139311268122627
1504106097166229505
1503868229332180997
1503831419373735936
1503831417419091968
1503799890173906951
1503758435204182020
1503744712137654279
1503711662725074955
1503487308544286721
1503465816846704642
1503465815747792898
1503453643713835008
1503440141146378241
1503422762211233800
1503372662097289219
1503363832344989697
1503063313449631745
1503037637954875396
1502803671658205186
1502396655433404423
1502381342197231616
1502374478445174793
1502349260943249413
1502315899998593025
1502288602998444034
1502061682935443471
1502004603579244544
1501972538158628867
1501951101846777859
1501941729062113281
1501927475718336512
1501751561466175493
1501728909720760323
1501715499692007429
1501712057569316867
1501667803883089923
1501604239369515016
1501528731537625091
1501411021851820034
1501408962419253249
1501405087415304195
1501359203314720771
1501358263882981378
1501357351600893952
1501263014711885828
1501221561386340354
1501195666470715392
1501046841592455191
1501043434064338946
1501039608422928386
1501039303081738241
1500965866665566218
1500934173279797248
1500904937731104771
1500863868729532424
1500488524365189122
1500134593214754821
1499942494175469570
1499898483779723265
1499898482638872577
1499898481686818816
1499898479841361931
1499851131169783818
1499850603912122369
1499816655526014978
1499816653684711428
1499579916228120585
1499528397667639297
1499508263330664450
1499490094738247693
1499484085214924800
1499450084865552388
1499448568716963840
1499222790679011329
1499215031438917634
1499214368436797445
1499209265873051649
1499149017028214785
1499149015912521734
1499149014712799232
1499149012573827079
1499149011445506048
1499149010254368777
1499149009109327872
1499143270080958466
1498858856486739969
1498858429930168323
1498857279394881536
1498856965367283715
1498856640245817348
1498856416307728388
1498856012618792960
1498855928422141957
1498855830871023616
1498855749476364294
1498855485486870529
1498855484446711817
1498855483070889985
1498855052265635853
1498854713311301636
1498854344338378754
1498853725468831746
1498853489820241926
1498852609431678979
1498852328862060545
1498852192530448387
1498851759388827650
1498851395080003586
1498851272451137541
1498851163290095621
1498850714268930051
1498850271635525638
1498850056002326528
1498849190419603456
1498848978405838849
1498847975724011522
1498847536882270211
1498847333022326785
1498847086388912130
1498846749254987783
1498846033492824070
1498845347052990465
1498844179690045447
1498842163488174083
1498753515648430085
1498744934941302788
1498717068916572164
1498691224953360388
1498691219656003585
1498417858010886147
1498411321188040713
1498408556860694535
1498402135905648655
1498361917437620230
1498352300439617540
1498153833607933953
1498150523874201607
1498129392618323971
1497973495313178625
1497842985450545159
1497674880904572944
1497674091322650631
1497615464809345029
1497613051167748104
1497393790214098944
1497382910369972226
1497370167352954882
1497321465645088774
1497321247629361159
1497321246354194435
1497321244680675333
1497266596708032514
1496985428821360642
1496978937095852033
1496977523095207940
1496972691030618114
1496952061975580673
1496894178001063936
1496862584066252802
1496701319184326662
1496668725533200386
1496605340972064777
1496600835631063048
1496550109710012424
1496534890715746309
1496505943475073030
1496488628645769217
1496310029502324736
1496259673070133250
1496259256647131140
1496226571585265664
1496207279305248768
1496207115504992262
1496201656740065284
1496194448488808448
1496193801429426190
1495926153659432960
1495922171419705347
1495920103057240078
1495918631296847872
1495853475137208325
1495852955240747015
1495774242943741954
1495772540396056577
1495533809063927812
1495463711141769225
1495453046851223554
1495442050564689926
1495430120655532036
1495162242802884608
1495160969210777607
1495160097793884162
1495158165234757637
1495093669057253380
1495044729226080264
1494867810870304769
1494864086923976706
1494812218239688704
1494786124652457986
1494785182506889216
1494777629257392129
1494772038061498376
1494768553844740097
1494765960443703307
1494729630846234635
1494726771207557120
1494726770205069317
1494726768636399620
1494726233577476099
1494696787076128774
1494690089955381253
1494447036975960065
1494446525585448960
1494426993433223168
1494359515944431621
1494358453707550725
1494345699286306818
1494321705413591045
1494319280070041601
1494310671114194956
1494296824924053515
1494294646515765253
1494118484191678470
1494118482102738948
1494111541888749570
1494087096885202944
1494060308025032704
1494055592100564993
1494055557975658501
1494045051432939533
1494012169318547460
1494011872844075010
1493971286095183874
1493959129794322433
1493937013535424514
1493936946430754818
1493754512556896256
1493705112619003904
1493703053328986119
1493692944196460546
1493686748639027206
1493629146483892226
1493628959510220802
1493617542316933121
1493603327845748741
1493603211667718145
1493595879126843395
1493404886502936587
1493400047668580355
1493338422416662530
1493338281060311047
1493311239191207936
1493287622483099664
1493279612801110017
1493249739164426240
1493238926269730820
1493225763583270914
1493223544431558659
1493222727494291457
1492997220928565249
1492996903432331264
1492696928068509696
1492696251275567104
1492590793814691840
1492590763699544070
1492590624633151488
1492280443764457472
1492264686548668424
1492249343927140354
1492249141480767489
1492240552208838660
1492231769042702336
1492230065773596674
1492199198741213190
1492189950980329474
1492189949134880771
1492186884201918465
1492157343043362821
1492156943397494785
1492148116195270660
1491924936113504295
1491896465698000901
1491890171079532552
1491888169196867590
1491847207972134913
1491846554117881866
1491846412245553161
1491836332586545155
1491826291615674372
1491826274276454404
1491824990907478021
1491784112402833409
1491604365580374017
