1534274300181680130
1534274298352910336
1534203286609448961
1534203285258780672
1533858604561866754
1533848900716601346
1533842141134348288
1533842138898780160
1532808285727993859
1531722527344574470
1531722525645979650
1531403829337632768
1531403826825142272
1531238040924041216
1531238039703494657
1531238037061087233
1529454316980944898
1529454315106095105
1529454312375652353
1529454310530105349
1529454307330134017
1529290101712470016
1529218283496415232
1529120601306284033
1528843215473889282
1527401851884290051
1527325892812632069
1526996563272380416
1526996561133244417
1526260935010181121
1526260933504294912
1526260931218530310
1526260929511534600
1526247820528869379
1525595158699720704
1524490492267872256
1524376668881702918
1524191059974238210
1524071645983432706
1524071644687388674
1523699240580808704
1523699239448039424
1523699236776583168
1523286058821201920
1521985470531526662
1521916363442434055
1521539644541841410
1521302315923386369
1520877726848241671
1519797346607013889
1519797345046695937
1519422567454580738
1519422565986586627
1519044076296982529
1519044074283622401
1519043188929015811
1519043186626383873
1518990742739374080
1518990741162401794
1518620109207703552
1518620106665902081
1518376711603335168
1518376710122659841
1517243860367327239
1517243858970726403
1517243857121034241
1517243852784029698
1516890808531697670
1515661351888248834
1515072471396888576
1514936587104051202
1514421223303880706
1514389747346640900
1514320803743080453
1513902010197843985
1513641052577701889
1513641051357122575
1513641049553518615
1513614258298404870
1513614257216176129
1513614253940523008
1513600592115118084
1513295519103205377
1513295517664559107
1512916413069078533
1512144740984229891
1512117556051595277
1512117554420060161
1512117552134164488
1511771958240849921
1511757216046592000
1511757213605453826
1510614194110058496
1510029238874914819
1509123279847518214
1506030041171431432
1505551007199207429
1505551005668290566
1504942804925132803
1504442434469523456
1504231040633778176
1504139431309107203
1503729870777597963
1503478346478465025
1503478345350135811
1503478342292545536
1503411805644804096
1502046996202500107
1502046995011276805
1502046992226299917
1501729212885053451
1501729211228241920
1501286904209285124
1501239290919276544
1501226043952492546
1500880794776186882
1499819676867735552
1499493376189685768
1499479085839433731
1499155935398354948
1499063727764774917
1498857558592868358
1498856626543112197
1498855417056792580
1498854797121830915
1498854658688831493
1498854207826366468
1498853045500792834
1498851669370544128
1498851220026531841
1498847344665800704
1498846877076410373
1498846843115036673
1498845106430005249
1498844052120342528
1498841173452017675
1498709513825927174
1498358235480440836
1498015091408654340
1498015087130513411
1498003779832238081
1497995806481203204
1497995802857422859
1497632119555829766
1497632118142345216
1497632116653367301
1497243481546362883
1496848245632507907
1496848243468247045
1496234620605677573
1495871943899336706
1495871942997557258
1495871941596614668
1495737110153904129
1495737108111179776
1493764302863482881
1493657250514276358
1493657248702345216
1493647674897281028
1493201056494497802
1493201055533969412
1493201054091075584
1491910100558221313
1491910098763100161
1491821992202354689
