1533879307382231044
1533848922627706880
1533811836419710983
1532766676546093058
1532400017708830726
1531671490172690432
1531404014490947585
1531251726501613568
1529859767983915017
1529459269241913344
1529250626344992771
1529192570160545792
1529175781196369923
1528087675693158402
1527311112592429061
1526649574898774016
1526600690663051267
1526279182812073984
1526233306798465024
1525220085689901056
1525211495289733122
1524067583699341312
1523704708346814464
1523377973675524096
1523019353209286656
1522659018262646786
1522633213667160065
1522600983104307201
1522584303821012993
1522317651862769666
1522298204846530560
1522262919228137472
1521928022051467269
1521892054007263234
1521867874171817990
1521841189481234432
1519687952548470784
1519437672489668608
1519404990099603456
1519036468534128647
1518981073274912770
1518960899238809602
1518661920471105536
1518606386300694530
1517516758646722565
1517124396158267392
1516803880138555396
1516455549965160481
1516101123202977794
1516061709290541061
1515663256697724930
1515072614393384966
1514282246521475075
1513986641618255873
1513961182792716288
1513907320807374849
1513594110833315851
1513201354692599813
1513186800193396749
1513176608781262848
1513065447779966980
1512452925829922817
1512192874645004291
1512190922771021825
1512151741789356034
1512113397378260992
1512068124673146884
1511037032839233546
1509915308311687178
1509907563126665240
1509893903062818817
1509609349198532615
1509602005819535363
1509547479511060481
1509228710376923141
1509192378120294405
1508878060908875776
1508848756699058178
1508493122589892622
1507395396221476904
1506715486272339971
1506685346154696706
1506366411735719947
1506344651850145804
1505938409348554752
1505596384552099840
1505579665049726983
1505541794083311619
1504872813739528193
1504825236214231046
1504513603055104006
1504500392117288963
1504475333986185221
1504159387677560833
1503896973937631233
1503163307141779460
1503098011467005955
1502998549830770693
1502359234633244676
1502332735406358537
1502290662129078279
1502034224060186628
1501999744956223489
1501963982785200132
1501664202922115073
1501298090896146435
1501278508840009733
1501255763146285066
1500943899358949376
1500845941963771906
1500177273944694784
1500176941386813457
1499852809126166528
1499833039748308994
1499800634794692610
1499766168072171521
1499718408128147456
1499573042233622532
1499550534310711297
1499476131841548290
1499340277873623040
1499171635743666176
1499134478270320642
1499098033220431879
1499050218918133763
1499047985451315209
1498776958271991812
1498728117023780867
1498713205174157321
1498692912548397057
1498669594550181900
1498432970000150529
1498411922647138304
1498373048671645705
1498364363811561477
1498353600355094538
1498087648098865159
1498038717231026179
1498010478014078984
1497986330709606406
1497599551024345089
1497590416677429261
1497386334255783938
1497341317990473731
1497162009443549184
1496918216295206914
1496575991665278983
1496554932941561866
1496542767203467271
1496542765496381442
1496506559286976515
1496272289821863941
1496254857577222148
1496243962771869697
1496217483480608770
1496202462671392775
1495923733672112128
1495896311933333504
1495780631514685444
1494383967520411657
1494353608493654019
1494040315078004738
1493991242472075265
1493965719297564672
1493708231495098376
1493360292801269769
1493340530054471684
1493302432142659591
1492227405221711881
1492219160113434626
1492190957822951426
1492172188656578561
1492148299301900289
1491894952493780997
1491846355404443651
1491796696036102144
