1534576536774397960
1534545829771583489
1534523262100725763
1534231423195938821
1534160096678354945
1533960358137847811
1533959681093292033
1533901554813640707
1533236351067365377
1533236341194076166
1533236332356567042
1532897401253527557
1532878541460758534
1532866090631577602
1532806651581026307
1532769279841603586
1532535400308346881
1532510179018670080
1532434817182224395
1532408452177354753
1532392674082316289
1532168455075536897
1532095121616945159
1532078926058532864
1531821830134276096
1531406236909961216
1531406227216994304
1531369123715944448
1530971186938667008
1530664532808458241
1529911539569938441
1529665046590107648
1529626234249953281
1529626232136122368
1529530346496266243
1529522009004453888
1529484365901705216
1529222467490676736
1529070390387126272
1528543408545046529
1527787946987888640
1527787945385656320
1527748338820562945
1527456978674634758
1527116468579614720
1526934360800256000
1526711128977510403
1526679988568829952
1524861643712339968
1524861642101735440
1524816279248461824
1524756300248322049
1524528518960455685
1524512358495883266
1524492202679930881
1524386426380595200
1524364649411530754
1524064350260150273
1524064348859256838
1524064345570873346
1524064342882271234
1524064340072087556
1524064337102573569
1524064334284050433
1524064331519954944
1524064326927192067
1523443536565514240
1523374207681253376
1523055257601048576
1522985299135062016
1522757805631062016
1522703166529187840
1522394423954354181
1522369921535066113
1522320930806149123
1522282698009632770
1522260859522732032
1522241455858757633
1522212724498862083
1522174676830613505
1522068592841216001
1522012649621389312
1521910260402995202
1521593731329052672
1521522972304891904
1521256877744541696
1520917801157857282
1520832044527353856
1520205643944239106
1520125992945266691
1519786289297604609
1519684476892237826
1519433756905463820
1519425203876597761
1519381320689979393
1519363324382699522
1519319384615010306
1519284101899079681
1518904189853839360
1518751046335713281
1517987122950684672
1517662151019839489
1517616820311703554
1517598904577056770
1517315526984454147
1517300160275046402
1517267905678921728
1517245906256633858
1516951203330076672
1516932937706577921
1516869977760055296
1516623361039863810
1516593484211359748
1516483562035372034
1516442387400249345
1516422573415964687
1516422571914403845
1516222576573493250
1516210888646213638
1515746617449721860
1515090414855983106
1515074313082310660
1515018455002587144
1514754267382530054
1514754266094788617
1514422021425405952
1514414449679024131
1514013683499868169
1514013680400273410
1513613282480988169
1513545963981451270
1512971724748382213
1512971720205946886
1512971713251876871
1512571305882705923
1512571276644204552
1512561263641088006
1512478141742469124
1512180297739161606
1512063504466939912
1512050928878243853
1511816907309166593
1511761881496801284
1511761131093860359
1511760245894397961
1511742846784712705
1511699365810868227
1511697506081648640
1511498602568376324
1511004163844546567
1510735601464754181
1510428020368105473
1510321817650663426
1510300272907767812
1510299574845456386
1510022228276035591
1510022227298861060
1509988305651314698
1509938612753862659
1509602639167823878
1509597331808788487
1509584990333542403
1509584988882284550
1509552284690178049
1509533743668772865
1509506117491167240
1509266214622666756
1509259709521580037
1509204986944753676
1509204984012976130
1509188016702738437
1509182407332831239
1509014263704215553
1508943881404137476
1508905966611357707
1508857921588895756
1508857919730814976
1508514974679076864
1508514971990347776
1508418455082577929
1508182001215488005
1507801646587420684
1507487670150254595
1507479933240713217
1507408687979286531
1507129843250790402
1507109717914669065
1507109714538254341
1507058734446567426
1507058733096095744
1506982457102450697
1506681338019078144
1506656373655883777
1506457670034853892
1506382412539998216
1505991594838740997
1505631062029918208
1505610452054720512
1505321619509891075
1505306221854830608
1504988706037452800
1504988703562903556
1504907935515828226
1504868507607085062
1504828860889772036
1504620113047216133
1504600236525867009
1504600235502358539
1504570298196279305
1504551764577685504
1504517731772772352
1504517690173579268
1504461577663172608
1504307826172350468
1504231184238264325
1504210954032140289
1504155781511495681
1504103807470514180
1503993620344582144
1503991761684811776
1503865027631419394
1503789357450334227
1503718896133718019
1502407285523451908
1502390164231917568
1502301759850565633
1502283450954530818
1502036283874500613
1502005663706324993
1501782418327486465
1501782415358021632
1501673762185437189
1501665699500105732
1501650222027612161
1501650220878381065
1501642140455165958
1501561796620128264
1501273261568671750
1501254134657396739
1501254133143068672
1500935726447439873
1500658923589844992
1500581274280513544
1500274626705960960
1500252474850037767
1500222991845797890
1499939360086671361
1499924095252713478
1499816001000685572
1499738144643682310
1499589462329856001
1499512012774195204
1499495418127917059
1499478001016352770
1499459898584797184
1499404446031298561
1499177843837837319
1499089946421993476
1498859827686256646
1498854655010521089
1498849638492876800
1498847641173639168
1498846904297435138
1498845394519875592
1498843280494190594
1498838465403830279
1498699932311728138
1498696988241629193
1498496932632829952
1498496928388165633
1498496924470718469
1498496920733560832
1498496916765741059
1498466042108170245
1498432268649517057
1498356838814916612
1498330453979414532
1497745248881098755
1497715650525081607
1497648659881762816
1497324373283426308
1497314526705766402
1497286342115397636
1496724868922023941
1496590000309342213
1496260790348877829
1495486296646692865
1494859432207036418
1494815912440086541
1494787123463041027
1494787122615701512
1494787121483288578
1494707699073925126
1494051678579871745
1494023245309296643
1493967870895837188
1493724799801167874
1493694386160476161
1493641412348420096
1493604149342220290
1493339514152099849
1493285717065277449
1493285716029235200
1493267727565443086
1493062910893039623
1493032118024347648
1493001672884424704
1492941632559325184
1492625639236644864
1492594287141400584
1492252933878128640
1492185653651648519
1492150276442275844
1491856987809853444
1491788558033588229
