1534670544922152960
1534577437434060801
1534572006238191619
1534557561315262465
1534271839484231681
1534253263784116224
1534157610269691906
1533909368596488202
1533884612220534785
1533820072065630208
1532757617990311937
1532512305077944343
1532439183750483985
1532414817205727234
1532404827640193025
1532404826017091584
1532404824440029185
1532404822841995264
1532399331042533381
1532357825711771649
1532357713153359872
1532357711869927424
1532357710242582530
1532357708019552256
1532357706228588544
1532357704836165633
1532357703095537665
1532357701434482690
1532357699064762374
1532357694933409798
1532357693054373892
1531995996208652290
1531736225320681481
1531731628006965249
1531704479279554561
1531666779063341056
1531666777196871681
1531436167912038400
1531247581900247048
1531247578481827842
1529878238385909764
1529869416103567360
1529846275528613888
1529561999595667456
1529561998039699457
1529561996089339904
1529497958718312448
1529228174491635728
1529216443740565506
1529168823546531841
1528761587808579584
1528395641474383873
1528095597672206336
1528079845393154049
1528060580162158596
1527445799029833728
1527415202874019844
1527064683605381120
1527064681713647618
1527055873360769024
1526977009020284929
1526964749614948352
1526699778536513536
1526693923674066945
1526640959076896771
1526626936394502144
1526626934419075074
1526565840069459968
1526553235296858112
1526553233086365698
1526287555234344961
1526246101233303563
1526225598246490112
1526216048105730051
1524896635221954572
1524836431805435910
1524822590480601088
1524790040202813441
1524776212853313537
1524760578081837057
1524459431894863874
1524088171545481218
1524076929669808132
1524056774520852480
1523761167394500610
1523760160312758272
1523740302564990976
1523740292427313154
1523344430018613251
1523333923811430400
1523053158418714624
1522696237589405696
1522653728683307008
1522653725642399745
1522627370611531779
1522611040025989123
1522356385345941505
1522347659767414784
1522304314940788736
1521964016016531456
1521964013214654468
1521949576567181314
1521949574239293440
1521934569045385216
1521316704420257793
1521247449028997122
1521240859366367233
1521224701703512071
1521175893762269191
1521173403851530243
1521158556090777600
1521145069113430018
1521130765198798849
1520914617857413128
1520850855204896770
1520038178094211072
1519696156632223745
1519685935121772545
1519413279310946306
1519407227601362949
1519358367524958220
1519358366019203072
1519028984327151618
1519002523440500736
1518976809009926149
1517920186522812419
1517601635286994944
1517592635631968256
1517560005423243269
1517553780849586176
1517547151911440389
1517542436477845505
1517536886029312000
1517535871477628930
1517530586071638018
1517529435842490373
1517526473132892160
1517523808466448387
1517522411347927040
1517522409502425091
1517292950279053313
1517265880073351168
1517193410888798208
1516851623460581380
1516806357579706379
1516806356010946577
1516514237056696320
1516512828013916174
1516472469825241095
1516465399235182596
1516450461334781953
1516085575161425932
1516054833278685190
1515684769476009989
1515367871110598660
1515088828255584275
1515081278864998406
1515021350498410500
1513995064980250627
1513904696909512706
1513607437089132549
1513607435562504194
1513607433633021958
1512457233786880007
1512441086941310976
1512186646359420934
1512156114800066565
1512132978763345924
1512088804810625028
1512068805152817154
1512062407492911106
1511773231920955392
1511734156362932227
1511687588662419460
1511426261222150147
1511426258076381187
1511407354176282624
1511394898884317187
1511394897508581378
1511394895809982469
1511339147633606658
1511079922474917904
1511058692891885572
1511038599684411401
1510726603743141896
1510403874590445572
1510353254936465418
1509982247713181710
1509617264953368578
1509538053915873291
1509236233750208519
1508906032973717505
1508888530717708295
1508882860031229961
1508825149889462276
1508573145892065289
1507780771628699664
1507379762129481729
1507166010452975620
1507166007667924992
1506816776931352581
1506707044665077775
1506687957872304143
1506687955162836998
1506648875783884808
1506648871665033216
1506356393519034372
1506262323526352903
1505989353658531850
1505928170473766916
1505910077357764608
1504892730274721794
1504864857342058502
1504854733307187202
1504842934918725674
1504566242119761923
1504566236902051852
1504566232212819969
1504566226932346883
1504566221601185799
1504566216874205189
1504566211233071104
1504566205935464456
1504566201518854155
1504537314453766151
1504494263190622209
1504471767435276297
1504469117809553412
1504263352155058178
1504111898828193792
1504097143140855809
1503870056085741572
1503869903836700683
1503845542635487240
1503807878779527173
1503779139303743488
1503740073912721409
1503483607981117455
1503444338113753092
1503367277793656839
1503085361177706496
1502394902788902912
1502388808121208836
1502333233014444034
1502015727087280129
1501974636002791426
1501775345648869379
1501570987258699784
1501380814143115269
1501263903015071744
1501235564087025668
1501219176215633922
1500985135545602056
1500971199811268614
1500951226942431232
1500946761204047873
1500931130496802819
1500931126474514434
1500846424036196360
1499477427092926466
1499393163668119552
1499147958947831816
1499130785219198977
1499096184073461765
1498863640765767691
1498857689962721286
1498857085089595402
1498856581416591361
1498856266541715457
1498854953040887809
1498854919268409353
1498854353859485697
1498853402733907970
1498852909961957380
1498852795302268928
1498852111467098120
1498851765386715139
1498850356838678529
1498849689403334665
1498848816484737024
1498848017079754755
1498847913451139078
1498846845799473152
1498846078493470722
1498844292663726080
1498843755381731334
1498842971051073541
1498841333468995589
1498838859823652867
1498838473851211780
1498837129639743490
1498836959464144897
1498829502948028416
1498805496341573636
1498805494177275909
1498763864229486600
1498704675528396802
1498702849479680000
1498457553990295556
1498415284125782018
1498413835442663428
1498346886851440647
1498338124065300486
1498333508569378821
1497326281691697164
1497276903685865475
1497231966734802945
1497231964897689610
1496946402605289478
1496945889709117448
1496865927983362053
1496693414439661570
1496642174548684803
1496503347611947015
1496492596465651722
1496260772002996226
1496123375055425544
1494705188342579203
1493652540138872838
1493585395518521346
1493300807499984904
1493292363145527298
1493284227705618437
1493273631652302856
1493253811024154626
1492208911146967043
1492191847485169664
1492172904120922116
1491875516118409216
1491852297453854720
1491831443684794369
1491810123689435137
1491808034674327554
