1534641445109473280
1534635445270761475
1534631102001946627
1534575555839815682
1534569800407605248
1534559469266419715
1534558601494286338
1534554905888817158
1534554322096336897
1534542178483044357
1534540469044142082
1534539854989643777
1534529490273161216
1534346202887725057
1534261627943538690
1534260379680919554
1534260343068925954
1534259815429685254
1534168066090754050
1533952098131402752
1533951504914194432
1533928101935210509
1533923626197606403
1533882577379020800
1533874339363401728
1533873723811450880
1533873299155046401
1533862613959983105
1533494240675758082
1533494075646742531
1533238429428981762
1533235697175482371
1533234428301934592
1533232862757003265
1533231166341382145
1533223648806436864
1533208059123838976
1533188305411612672
1533153777980776448
1533135689411350528
1533093778344628226
1532910264097689600
1532852763176099841
1532851990748962817
1532851312051867650
1532850297952948233
1532825917160140801
1532824937282555916
1532824912787906560
1532814605164109824
1532811715829714946
1532770364320784384
1532769936413708289
1532734832047972353
1532550139835031552
1532530435573555206
1532519051406221325
1532482982266785804
1532472497920155649
1532469527279198208
1532468722983751681
1532459717913722893
1532459715720101915
1532459710171037699
1532458142558306310
1532453917212262402
1532438885384474655
1532438014005235746
1532436544950247424
1532435864277635081
1532435683687682053
1532404135190048768
1532376085320585217
1532189330789261313
1532149296220585986
1532137833141571584
1532119511494709248
1532118892138602496
1532100804412428291
1532031528615788544
1532003931441750016
1532000498760441856
1531999997482389504
1531993619858608129
1531726612198301697
1531721897230094337
1531711963100848131
1531422824040222720
1531422459609731073
1531330518167470081
1531289327057108992
1531286425706106882
1531234075134115840
1530643836065697792
1530640832516300800
1530640277517508613
1530639110158819329
1530631225379110915
1530578610700050441
1530569064606797824
1530544769193201666
1530280880853377025
1530250457859358720
1530218608634343424
1530182740922056705
1529989713788129297
1529930737964793866
1529930344396472329
1529928051643011072
1529911860312555520
1529911438415908865
1529910815528214528
1529909993427849237
1529867592260898817
1529865097614659587
1529814895713206273
1529630398619209728
1529533202649567232
1529530614608801798
1529527603081641989
1529527249749299208
1529205946764910592
1529201220728111104
1529104139933913091
1528893682166153216
1528893531741249537
1528881959027453953
1528840925048614912
1528834116984053760
1528770253995618305
1528749787813662720
1528728262612078592
1528727681503739905
1528715941244280832
1528713391115747331
1528535208169033728
1528466783396560900
1528460698841501696
1528147454713118726
1528146876276609025
1528146421718913029
1528145957359173632
1528145363328286724
1528144349590077442
1528143912400998401
1528143386267598850
1528142984277106692
1528142371191500800
1528139716545204230
1528084118927466497
1528082633606963200
1528077172619071488
1528072118381985792
1528041329082638336
1528040728038887431
1528027847612321792
1527836025166372865
1527821491840110593
1527754966798147585
1527743270989750273
1527442858608836608
1527441958100094976
1527415477189890057
1527413014382661649
1527318867969572864
1527291082681135104
1527107685925236736
1527106563730993152
1527105962405941248
1527105010500358149
1527017290449010691
1526988979584782341
1526973175036362755
1526331106370506754
1526330242570272770
1526330157904105473
1526294328640954368
1526262549120942082
1526260274625396736
1525957687804141570
1525935500833464320
1525932957017440257
1525932312587804674
1525895915806105601
1525866351671267328
1525832009901285376
1525603254813474816
1525602373649178624
1525601948795273216
1525601141010141184
1525600533695823872
1525550800830881793
1525513288930496512
1525499635393077251
1525488192409026560
1525258788504215552
1525150168101883904
1525135258538090499
1525128734797352963
1524892621386153984
1524891604896698382
1524821692383625217
1524767936199766017
1524743640962281472
1524728829683585026
1524539216759242756
1524538026860421120
1524536935083032579
1524488411826032641
1524465735342374912
1524433507493294082
1524433250042753025
1524185666292264960
1524160199019352064
1524158770359721986
1524004959766855680
1523433414631714817
1523359362483322881
1523359239342809090
1523359150700380160
1523358972400472064
1523358886018703363
1523358676853182465
1523358101423886338
1523357702482710534
1523349334074425346
1523349333009121282
1523349332140826625
1523349331235020803
1523349330345996288
1523349328701526016
1523316808161406977
1523102565239562241
1522984205281599488
1522736121712717825
1522674562089033728
1522671113490386945
1522604864395747329
1522599568323588096
1522592144741044224
1522402386492465153
1522401718230818817
1522400593440129024
1522400155986763777
1522382567550468098
1522322890993160199
1522318376730824705
1522282981607579650
1522275645421760513
1522228999673589760
1522217799204032516
1522185470494617602
1522183454133309440
1521986600753901575
1521933617882185733
1521847624965541890
1521821956156182529
1521608085600620544
1521605247357140996
1521604856443809802
1521598986699825152
1521579826242592768
1521577685046149120
1521560499334356994
1521512311034458113
1521507009954254850
1521459253390852104
1521309747592450049
1521294353079099392
1521293030380253184
1521266003728297984
1521265075482501124
1521264351629488128
1521257959455604736
1521207366854791168
1521188814684934144
1521171628784238593
1521156997990821889
1521112414263119872
1521112406461755395
1520552667663241219
1520430808724553729
1520429662018617346
1520162851373080576
1520117777452916738
1520045140173369348
1519827468852543491
1519826798930014208
1519737721358536712
1519684692827590656
1519661952645181442
1519656132444360704
1519464156226850816
1519463501902790656
1519459217542950912
1519437630773116929
1519429024006684673
1519381467683504130
1519300754011533312
1519088679901405190
1519087928714178564
1519087289099563010
1519020379506884609
1519015434661638153
1519004022828634112
1518745873408221184
1518710511571025922
1518697525775159297
1518689850655977474
1518326482799665152
1518284726968238082
1518240242129686532
1518239144773926913
1518238022508204035
1518235815637360640
1518182971907481600
1517937599117250560
1517924378821988352
1517910565498376196
1517908140712505344
1517908006167584770
1517896077520695296
1517820583932686336
1517596808821805060
1517596786755579905
1517577313654915072
1517560971052658688
1517556338334699520
1517550191200587776
1517542696696655872
1517533689806262273
1517488575952166912
1517480414893510656
1517458197006671874
1517253466309210113
1517243173038350337
1517236788070334467
1517229005119934465
1517216287532933122
1517136117052719104
1517129123038212100
1516905120415506433
1516868557921046529
1516850835547996166
1516839453440028674
1516533309316157448
1516467395266764802
1516465409448460292
1516410452363911169
1516397509442248709
1516154689288646661
1515820829472342020
1515670632918405128
1515456886732210184
1515456661728681987
1515441375189344266
1515141215846637574
1515090827357343753
1515082677103308808
1515046132606550021
1515046071424143370
1515014987403735052
1515007928524324864
1514982168795262979
1514791993624256523
1514743747795427334
1514743728841363461
1514619486682460160
1514570668519702530
1514425449471950848
1514337747984695304
1514333395215601669
1514329917055455242
1514324588867502088
1514317459989356546
1514308257627713536
1514306924564652034
1513893758101827592
1513892278460469248
1513877947920306187
1513597341420470278
1513592309652373504
1513590034926125063
1513583665879699458
1513551574370594823
1513541106071445514
1512536504236711939
1512471113770618888
1512469469653786643
1512193599139635208
1512161943401947142
1512160640479203329
1512128852180582402
1512108906482438145
1512056823607701504
1511845755455258627
1511804365534814212
1511432679740395521
1511334471651541002
1511334000958349324
1511094382312710151
1511007905511878656
1510231752186474497
1510074654903480320
1510021690646016005
1509987479201497088
1509977132075728900
1509972126824112139
1509904109712949252
1509903683051470848
1509871394963836931
1509677430063177733
1509640427015585792
1509607960141611016
1509569315401605130
1509558078844416000
1509544320310861827
1509543452769456142
1509243121825112064
1509242559784271877
1508940572685479943
1508925868621582342
1508920484053848068
1508841362292199426
1508809525935194121
1508561421206016004
1508560771705360385
1508540349693808647
1508487744229683204
1508449872063737864
1508414173788745737
1508207877621796880
1508199178274488330
1507362002984910853
1507169644787998728
1507103215619297280
1506702139904700426
1506685410860220426
1506320513517473799
1506092583428235264
1506048903820496899
1505906878693400576
1505899580944048128
1505670604413931521
1505219874431373324
1504906394935435269
1504882648858177543
1504859946525016067
1504816346080681998
1504612132301778945
1504528277599399942
1504508137352712198
1504494526756532228
1504482643584331783
1504275496586067972
1504196888412798978
1504112679883059201
1504097528563785729
1504087335188766725
1504082816224665603
1504078427447570432
1503901321572847616
1503855514362519552
1503855513213321222
1503855511854366722
1503818799145000979
1503740100630523906
1503730174294118409
1503729510470107143
1503501326814171140
1503458069635870730
1503075098852573185
1503038554141827077
1502966037221888002
1502461571997577217
1502414567502196746
1502404995743944713
1502401107343159303
1502362301898366978
1502327049305874432
1502320805602111493
1502022456470646790
1502007781452308481
1501982929517432837
1501699861477044226
1501355507206037504
1501313300029755394
1501313281981624328
1501281034230382593
1501256596407607296
1501009018134974467
1501007597494755334
1500551874138845188
1500491934451777536
1500479346775142404
1499804934673473549
1499769506343890950
1499769025173377024
1499535326578188295
1499500850623963140
1499470038293749764
1499413845722423298
1499395764493160452
1499160997357305856
1499160993720672257
1499141169363795971
1499097098293284872
1499043829185449986
1499043753679544321
1499043692899876866
1499043641318424580
1498858186941607936
1498856740791717891
1498855261884321792
1498855159761354753
1498854446301908995
1498853998681640965
1498851786949545997
1498851424330993667
1498850944062218241
1498850056853667842
1498849457835851784
1498848986781949960
1498846972425474051
1498846575065452548
1498846355002957826
1498846323897950210
1498845362785857537
1498844682574573570
1498844067630882820
1498843496643547142
1498839666036023302
1498839237931806731
1498806231338987520
1498796120511848451
1498778706529210373
1498735727466713095
1498676658391420930
1498485235230597125
1498485226871402499
1498483907775414273
1498407428181925905
1498369149751509000
1498301280770576389
1498074384984072195
1498008850670174214
1497951943427301379
1497793571600089088
1497777659765481477
1497285201625600000
1497243637297598465
1497242551174184960
1497240970278092801
1497230153264635920
1496975811647541248
1496968678977552395
1496914883220279300
1496872493197533191
1496705517569429512
1496595845810204677
1496548931341279245
1496508504441593865
1496241945110360067
1496235422002860034
1496194175036973068
1496133707299803150
1495949386240696325
1495861458604802055
1495842453219332097
1495788527774228487
1495197239756693506
1494703261080825858
1494463549376245775
1494402168979431429
1494102364189564932
1494041053636304902
1493690455099326471
1493662614462898177
1493652409100476419
1493639091170258944
1493638511341232135
1493638400640958465
1493621062797606915
1493384538394931204
1493237976737927170
1492862888012353542
1492644710942494724
1492267095232557059
1492262876928692225
1492239461580746757
1492236613027512321
1492214245609586691
1492176559117152256
1492153442370035724
1491956537790717972
1491939714575781889
1491939658233786368
1491883516539379714
1491883474046836744
1491859821259333643
1491808600792129537
1491797554870161409
1491575021340438528
1491550833447772161
