1534564707138519041
1534203136780423168
1533839929129766913
1531293659068616706
1531243590948724736
1529893600120782848
1529211608496369665
1527688027891544065
1527660600213618694
1527107380563087361
1524772683690426369
1524468975152812033
1524034139959218177
1523385981356756992
1522288726013091844
1522237924959469568
1521914594511491072
1521881606306381831
1521880929328902145
1521543462922985473
1521190939842260992
1521143075355205639
1520045613718536192
1518953766019641346
1518241140784435201
1518240895858008066
1517511407943790592
1516467631984947204
1516069861050441728
1516068796678782985
1515678397229420545
1514938490848428033
1514410131399786499
1514342129404977153
1514257952231890951
1513976075600248833
1513924847797215243
1513575399086821388
1513183258552541188
1512146966922375180
1512146960643411969
1512146954561769478
1511787460002517005
1511780748260515852
1511414952116068360
1511344781074513925
1509932791118635060
1509908650663546883
1509622570865369099
1509621204285538312
1509613770498318341
1509566019307819012
1509265681359020043
1509239424684630020
1509210691001016326
1508863742393602050
1508859086938558474
1508458356016664589
1507422893235388437
1507335857379987484
1507151526275522572
1506716737697468441
1506702604834852867
1506339204397211648
1506322747668017154
1506299398233468930
1505981310422106115
1505960664703152129
1505954155290107906
1505953637616566278
1505148318799867905
1504501979195879426
1504154455767408649
1504153645583159302
1504153549432926212
1504149172139831296
1504132155135430657
1504109621975425028
1504098203939057667
1504096233861885952
1503758270418329606
1503746955561869316
1503426496244985861
1502325456892276738
1501928684319617025
1501928097649770496
1501648448499683331
1501588494812078083
1501316388069117952
1501316311099613188
1501314153641697290
1501314152115146752
1501314150747844610
1501314149418258439
1501314147119616001
1501314143663665158
1501287512513392640
1501277332304240643
1500947114335080448
1500947113177497600
1500913101113335817
1500879522690142208
1500879278036201473
1499813800081567750
1499809876175998982
1499774411070652420
1499445619991408642
1499441301405773826
1499413588141821954
1499199469728018434
1497249731667533850
1497203739261906947
1496930145034190854
1496914530001199116
1496531390724296712
1495817260816113674
1495584923599712258
1494704711454412802
1494701054134530048
1494416539008876551
1494401423827734535
1494359805921796106
1494351531554000896
1494344241639833607
1493653978785140753
1493277334161563651
1492153187784171522
1492153186530041859
1492153185020088321
1491899849293369344
1491851748948029447
1491817359270715394
1491799412019896336
1491776184748756995
