1534631958361284610
1534620059372494854
1534271129929515013
1533921356261244930
1533921354491351046
1533202079862378496
1532856695524933632
1532743250037166080
1532482735566118913
1531444228231991296
1531286130045362177
1530267329443074049
1529589837765935104
1529576511883427841
1529560320850767872
1529525809467334659
1529208642578354179
1528102793877364736
1527696850953850881
1527657765237313540
1527057177222987776
1526736107324559360
1526218282403086338
1524462662452719620
1524137158591852544
1523766252409290752
1523766246226808832
1523766234005000198
1523766221891534848
1523299817945935876
1522676722952515585
1522676717856374784
1522676714362580992
1522646310763044868
1522638960337555462
1522631064774230017
1522587177229631488
1522301094591877121
1522291597211283456
1522291591582527489
1522291583202299906
1522291575258292227
1522291518425473030
1521943732270112768
1521859114137268225
1521499204908113922
1520095759198212096
1520065186547306496
1519408022459662336
1519388823628750848
1519380138810658818
1519350697518579712
1519048743252865024
1519038207542931463
1518975275664560128
1518671311714885632
1517575022243721217
1517575017428623361
1517575013435588609
1517537849498820608
1517218029981114374
1516854067514990596
1516821074234728448
1516497151639138309
1516468106713051145
1516140792984870915
1516112462881435657
1516085876589318146
1515683279734816770
1514988145569325057
1514731990741835783
1514393836818210824
1513924730830704646
1513622301824196614
1513549888889442309
1512165860777115654
1512136059433410563
1511800758559195140
1511430899358965761
1511395233971507205
1511031217931661320
1509638706256400392
1509637876262191141
1509623693084868612
1509603562032095234
1509579447917232139
1509198969892712461
1508912558509633539
1508899932635283464
1508891503086780417
1508870686005202953
1508829449545994242
1507404376440254472
1507381178474631172
1506987000829784069
1506707715745325062
1506683207135248385
1506672098286223371
1506660528307019787
1506351243194679300
1505929718461341706
1504870054604771348
1504188778184949771
1504178184828334082
1504166432157929477
1503812699280470018
1503793318353907720
1503459716944515084
1503418690334769155
1502319572447383552
1502304499595100160
1502020999780438016
1502010800512319507
1501996387935965186
1501270230257086469
1501241434481041420
1501020849603846146
1500923397475377153
1499836546782007296
1499428275055116288
1499401007549194247
1499116888978243585
1499089675960696832
1499064600293224449
1498774250416742401
1498724819923349508
1498711309516476417
1498423224295637002
1498377152353513479
1497717056002793476
1497285976288337932
1496963285182300166
1496580118596173824
1496562832300818439
1496562828437770242
1496562824407093253
1496242049599025154
1495208604294688773
1494784862636716038
1494424772926656513
1494414879968669699
1493998028205826050
1493285819624341511
1493017749743931394
1492237647074545668
1492172123544162307
1491834398387355656
1491560334431330312
