1534677653772505096
1534663309042978816
1534654036074541057
1534639174250274817
1534637900050186240
1534626180112039945
1534550515513806856
1534331524962734081
1534297046156468225
1534294591968526347
1534278981595406337
1534250236683632643
1534244888807604225
1534226109277122560
1534220920679809024
1534195534155722756
1533968415186206721
1533917097364955137
1533909509478961153
1533878941701791744
1533863298827005957
1533805067748376578
1533537641794240512
1533480013449895936
1533173744037937153
1533120140740636672
1532851621654409216
1532833250904657920
1532822854999367681
1532812431411621888
1532809641750679554
1532774331985670144
1532724288696074241
1532496029420908544
1532476902559993857
1532461753057042440
1532451317796552715
1532432613687828481
1532404827631804417
1532369600394022912
1532106467150598153
1532099421592338433
1532083736396845060
1532059851073142784
1532021309043093508
1531745082960924672
1531740840653094914
1531710108975104000
1531690601154228224
1531646489663098880
1531437029501853697
1531037333729976321
1530629035570642946
1530581025381879808
1530313293822316544
1530265172010475520
1530217478160359425
1530197353201901568
1529956723200610305
1529929766752731170
1529913482782691328
1529896089213706240
1529884706334027784
1529872993823952897
1529853850848567297
1529602870030618626
1529504330499477506
1529504050429018112
1529266646317248512
1529214591917789184
1529191999668113412
1529191998300749824
1529163726137466882
1529152718174044167
1529149920581910528
1529118397480550402
1529117913185132546
1529102960629882881
1528878441134624768
1528847870685757444
1528831758480953347
1528820550377906176
1528806924862558208
1528793325301547008
1528450118927761408
1528120949957988352
1528050485428531200
1527787503830409224
1527757304392732673
1527740696681144321
1527729118040629248
1527718721229307907
1527696990418702336
1527671812393472001
1527647589260206081
1527428890687422465
1527404731789783043
1527388624374972416
1527372640758837271
1527372299388628993
1527338864557572096
1527308854626689024
1527053667433533440
1527039968887062529
1527012544971431938
1526979006364540928
1526964615741157376
1526955830570000385
1526950510581907459
1526940038227013633
1526700087774269441
1526685827434172416
1526683983576240129
1526667839071043587
1526650627853533184
1526640264219074561
1526638939246936065
1526573603323617281
1526561462357049344
1526346759353651203
1526316448179707905
1526316441993105412
1526295211252629505
1526281321324191744
1526258059479244803
1525934543018110979
1525862212627271683
1525531890886770690
1525265887556608000
1525250536596971521
1525223105630568451
1525206489845186561
1525202504715321345
1525195284497715200
1525183876125147137
1525179417458262016
1525144061035925510
1525129534508523527
1525116339832209408
1524894692550115328
1524852003473588226
1524838544719630347
1524831116947034112
1524817341279883265
1524808568041525248
1524763310503116800
1524754952119361536
1524739735679348737
1524515945540112384
1524500777171132417
1524494186359238658
1524486050474864641
1524453982994841601
1524435514996273152
1524398860226936834
1524152551179960320
1524133606607790080
1524118096969150464
1524087797229010945
1524076052196335617
1524066659362906114
1523800481423757312
1523778620149608448
1523766562137985024
1523756747428556801
1523755893778939904
1523682954467192833
1523357757016997889
1523035691860463616
1522987122122280961
1522723635571568641
1522702999595847680
1522687648803950592
1522672710182133766
1522667254504206336
1522583558929457157
1522376155193655296
1522357977562304513
1522334763603922945
1522334762366554117
1522329930863984641
1522316862800936964
1522301801172807681
1522294148174426112
1522260922043179019
1522238557859061763
1522205731461738496
1521984767192928257
1521963935301308416
1521954530350485505
1521944338787360772
1521917551747506176
1521910394008309762
1521865355714519040
1521636975228309506
1521618100856279046
1521596764037525504
1521579561108058113
1521315843157766150
1521266282787659779
1521239113923506177
1521227371180867586
1521207020787056640
1521187189182316547
1521147655753285633
1521131363067432960
1520876545023389697
1520484128814153728
1520183900772835328
1520169212895023106
1520155138991837189
1520131245384081417
1520068933679783938
1520049472323076096
1520030130193772551
1519833844148543489
1519801128812261377
1519770526092251142
1519769498630430722
1519761634583003141
1519751554152214528
1519721274951577600
1519700290143985666
1519460386499710976
1519451595855048704
1519430869160714247
1519428655860092930
1519419889869594630
1519390261079683076
1519356786381307904
1519311760687349760
1519045943093563392
1519020045791342593
1518962214752833536
1518962213402329090
1518962211846242304
1518688305516273664
1518668592614629378
1518649819891441675
1518625779646709761
1518400767777984513
1518303258695110661
1518269797250830336
1517901109305786368
1517658258642665472
1517597485325299715
1517592229413634058
1517587350985003009
1517574935568592896
1517572660712124422
1517524745004146691
1517244079150714880
1517234644202270721
1517218202664718341
1517218195588923393
1517198611687346186
1517187981735510017
1517160172547973122
1516915892646465538
1516842684723433474
1516831071744237580
1516822455926546437
1516777416882016258
1516566313463865344
1516529572136710147
1516516934195494915
1516448235572932610
1516193925798768642
1516152782335717381
1516139757964832774
1516114065214554112
1516085005944037379
1515817126812078089
1515711430535757826
1515403400657186823
1515100404320669696
1515044787803594761
1515022818190180358
1514979608428429321
1514968504608468996
1514755129156722691
1514724175281197056
1514708824225058828
1514698506258190362
1514682884300451842
1514672561363333125
1514334655952138247
1514334654563815430
1514312827351314436
1514290885655150592
1514271740343554048
1514235902968664076
1514019280710381571
1513988640527077381
1513981841828630532
1513961135892045835
1513940348438986761
1513922670890524675
1513893253552222213
1513645819790045187
1513626663778664451
1513617110706135047
1513218000521990152
1512846301456580613
1512558405449400328
1512526443653255171
1512519324115906561
1512484350750769156
1512451953971838983
1512199539637239810
1512145492871950350
1512145491789766674
1512135030809767937
1512114811894747141
1512089948794535939
1511852502861459459
1511822296389935105
1511812755581542405
1511797481700536328
1511784420201709577
1511759896517173256
1511723120503275527
1511465262658297866
1511464265655492617
1511448490957811715
1511440280502870017
1511414286547103749
1511365473635553280
1511119422500474881
1511095769251688454
1511082025641459716
1511082018590924805
1511056748630654981
1511053661102870530
1510743182723665925
1510723816837857290
1510287189409615877
1510048616643117059
1510026974021894149
1509996348984152068
1509987859138240513
1509980336859619339
1509976118295732227
1509963722671939591
1509915985154875405
1509689961636847617
1509689959862657029
1509676414081150979
1509650263996571651
1509630681680433166
1509622922272555013
1509611319749746699
1509594787560710154
1509582671638405132
1509566397558542337
1509546179557793799
1509546173132161024
1509287636426534915
1509278642794385412
1509278641678692354
1509267826590326790
1509251932183052288
1509217353409646594
1509206173265899522
1509182820702470149
1508963667727073282
1508963666208636933
1508949625436266501
1508932933280747520
1508926099794935810
1508906687662546946
1508880780575006729
1508863549841580032
1508851479725195266
1508849204202033159
1508825429242699777
1508598317290344460
1508589827083538435
1508557553894141953
1508546314270822412
1508529943524823051
1508518823607083008
1508186597350551552
1507803070251646977
1507505861840683011
1507479941046149124
1507461644263337987
1507449953509122054
1507434823190777858
1507383892260569091
1507125606248505355
1507095116586102792
1507081472318050308
1507064342969303045
1507046226348457995
1507028226270539792
1507021401030635531
1506797117972652038
1506739532783403018
1506722580954337288
1506693918901088263
1506676501550448641
1506388460726280201
1506365201981001730
1506336869327511562
1506068138433171467
1506052638328201218
1506019527036846080
1505995479468945410
1505995472644804610
1505918554612412417
1505903657547714568
1505592504325849090
1505271891564679172
1505221308543430656
1504963359778779136
1504928780074242053
1504921273201315843
1504903539377717259
1504889109067845637
1504873830954766343
1504839668168368128
1504821229685022723
1504575562702065664
1504562551954317316
1504547523104497670
1504537562538721280
1504532034647121920
1504526367685328898
1504521706131623941
1504499143942750217
1504272556894924800
1504207443089313793
1504194693789274121
1504176726116642824
1504162739249364993
1504143242345996288
1504128130629447681
1504090705752432641
1503874221637869576
1503843542069915649
1503836587414667268
1503819474767683589
1503813490678632452
1503805542506057729
1503789058518040584
1503773896205647879
1503518337162219520
1503493435994554369
1503462842841944065
1503445814533890059
1503437670369878019
1503437669254275073
1503360665620201477
1503113167341334543
1502735491149541384
1502406655870484486
1502387117032603648
1502359200776830978
1502324625006632970
1502312967643308038
1502122676227383299
1502061539645403137
1502036770745196553
1502017954300502020
1502000517366665220
1501989892812853248
1501956539925549061
1501690648012984323
1501669606485811204
1501649080619053060
1501634493484089344
1501619134680997897
1501598975757103106
1501352314539544584
1501339965829136384
1501331753226715136
1501310874862206977
1501293743932121088
1501271464980451334
1501251394858274821
1501249110606757891
1501244065672749061
1501003829629829120
1500955856329920514
1500940123264978946
1500909664485224451
1500887519822585864
1500858065998041090
1500631734500708361
1500583736420798465
1500136622314209285
1499897198699499520
1499855131634028544
1499831317869039620
1499818097359953920
1499804056927227905
1499521792838455297
1499507837881536523
1499488453058306051
1499473862962163719
1499408389193048066
1499405641387020288
1499185961418244102
1499172199172907010
1499162495986151426
1499156451436240902
1499145018891771910
1499129037398159361
1499116868719845382
1499068281310879746
1498859030227345414
1498859028763525122
1498857837019205633
1498857007570378763
1498856186636128257
1498856044839292928
1498855426967941121
1498854736539406337
1498851603205570566
1498849802926309382
1498848469695488008
1498847096534929413
1498846658691485703
1498845967822606344
1498843747970428937
1498832806805393414
1498783855930716163
1498771100238589952
1498738746509996035
1498727309771214853
1498711457457967109
1498442761078509568
1498439742484013057
1498430811334402057
1498418485210357760
1498402746323673093
1498383352264593419
1498344874780811270
1498056728813916164
1497680784882376711
1497666276323332097
1497347918587641856
1497336112829902855
1497319909289779204
1497304461102006272
1497228772592005124
1497226910035853313
1496989044223401986
1496963994434813963
1496937868199137283
1496886055072673792
1496867029198020609
1496708314440376322
1496613023741616131
1496594280076488704
1496588033226903559
1496510123010891786
1496249715872215043
1496236287048794113
1496221595626622979
1496195496842600448
1496152947503386629
1495489517310074888
1495165799945756672
1495098694126944257
1494800486930780167
1494774178876203018
1494758540203941901
1494754905814355977
1494720219759230978
1494693610859737088
1494693609039409153
1494507250739724289
1494507237041131532
1494468652904718336
1494432448259805185
1494418911491772428
1494381488787410953
1494369580575342598
1494334374698909710
1494072352069627906
1494064346141446144
1494038572583858179
1494038566812499970
1494030121761714180
1494011045622472705
1493977182481391617
1493746691731775490
1493696805632188419
1493674607475412993
1493657778564575233
1493634851353804808
1493359035931893763
1493328472307023872
1493320188820865032
1493274043130302464
1492983801416454161
1492602409100582913
1492547412304535562
1492258091076919300
1492245672497750019
1492208949965332481
1492189010499936257
1491909820798181377
1491897262921949189
1491887974421872641
1491870215986110468
1491864808211296261
1491853362798682112
1491811755147808781
1491576822382964740
1491574967279960064
1491542289071722502
1491542230821224450
