1534610040866455555
1534237327366799361
1533861216120147968
1533554772917329922
1533178848724099073
1532850112589967366
1532803421803274242
1532471322156142592
1532426759395852293
1532363601876508672
1532104488168873987
1531749849288384517
1531749844590682115
1531697499399921664
1531306686178271236
1530967776986275842
1530243078992416769
1529928606348197891
1529928605337362432
1529837335851982849
1529615709394845696
1529536056911085570
1529210380576333826
1529210379024596992
1529191299357757444
1529156877619273728
1528865898378846208
1528835645275361282
1528804196761337858
1528490413144821766
1528072590513909761
1527766269767868418
1527762346374049792
1527738508500148225
1527655474862104577
1527319953170259968
1527055077520953351
1527036112912502784
1526993762462732288
1526655746796138501
1526607769830309888
1526315172171759619
1526264833594773504
1525577430110556163
1525269494108651524
1525188406808039427
1525145673162801152
1524850738450554880
1524849797454352385
1524848593903009810
1524509238105718785
1524435484453257216
1524092778640248832
1524027709185302529
1523730056463278080
1523729754385698817
1523390232938262529
1523354868173668352
1523031218471972864
1522711636590608387
1522663979709079553
1522630521188139010
1522606787232477185
1522352408562704385
1522297760527044612
1522255980100308993
1521967103812767745
1521967101459812353
1521928993246691328
1521885888959205376
1521624872039895040
1521515282841411587
1521264321170489351
1521204183109713922
1521174047048048640
1520840479788699654
1520478090606129156
1520102210683740161
1519796963474128896
1519687796658782208
1519450951207337986
1519382341130588161
1519328162815094785
1519307522099884033
1519084262854729728
1519046209092083714
1519024358332813313
1518978419974983682
1518693267654815744
1518689293249695746
1518649322551881736
1518309113859653633
1517948815231361024
1517628820567863300
1517538181977190407
1517279229196619777
1517227752432283650
1516567861254406155
1516465866308792327
1516460678709747712
1516176674156683269
1516142530542411777
1515721756043984897
1515404663016738816
1515042274958184448
1514997701074735110
1514979215099236360
1514739142491529225
1514655021828390913
1514388999372259329
1514357078210625538
1514291575182041090
1513950871125700612
1513906118300426242
1513621868716212230
1513581060528951302
1513265312803823624
1513214700149948417
1512846677262184453
1512548301236850690
1512526699946254338
1512496612056219657
1512200342448087041
1512178776893005834
1512127611429957658
1512109697737936898
1511801580122787846
1511450703662829572
1511439306811920397
1511401420137897987
1511367439686287365
1511130038002982917
1511101396267024384
1510667182925041670
1510385968335015940
1510289293394300930
1509990192417058816
1509955887468797966
1509660438870564864
1509583592913092611
1509280295199117316
1509208703685349379
1508930896019312645
1508894091530366976
1508872367950503947
1508571065194323977
1508479527722397702
1508182206266679311
1508128331593654278
1507814769088155650
1507457717036019713
1507411736747335686
1507100092171530242
1507070419450286081
1506730528317321222
1506697470797045763
1506674643586977796
1506377717641617410
1506312747281268736
1506032923077750784
1505970425024688133
1505970410373984264
1505938513975463938
1505650391240757248
1505600401030230027
1505282744322035716
1504889785374195715
1504849193898233858
1504582987870097410
1504504114159435785
1504219741480787970
1504219740025364480
1504119413531938820
1503844446399516676
1503785397146599430
1503486722797092866
1503420754959994882
1503099603218010122
1502786706038312963
1502718945488519182
1502417375278374913
1502389396603117579
1502353945389322252
1502322542865956865
1502296647790993413
1502032665536602118
1501968683266154505
1501686084430069760
1501626548578832385
1501583223238836232
1501278309858131972
1501242815887642628
1501242814629392386
1500976443089727490
1500876294724198408
1500573478575120384
1500536748849483780
1500171630575820801
1500135777170305027
1499899403078885376
1499793333576679429
1499491985626914818
1499417961488076804
1499145100924014598
1499087556033617928
1499072586738769925
1499035668684718081
1498859498215288842
1498784894973095938
1498674816332832772
1498413521985495055
1498396546433486848
1498382665799675907
1497668978474426371
1497342667394621444
1497309162329415681
1496918255902072834
1496703335096856577
1496514729929543682
1496514725118681090
1496228305330216972
1495790418872524805
1495503528986435584
1495133587934433289
1494800636226985988
1494753661687373837
1494729100749066243
1494691704833773573
1494691703491596296
1494412141536989188
1494077164802777094
1494077160109350916
1494017698891812872
1493717620582928384
1493660172513947653
1493622013298102274
1493315994021937160
1493269566151176192
1492974126641954821
1492642172306219011
1492604427781484545
1492562942319108103
1492207534337409030
1491912104806342657
1491859635615277057
1491790379112275970
1491543754313973765
1491543752871235587
