1534685661621542916
1534656516581560320
1534626320050790402
1534607438195875841
1534572898895142914
1534565841131429893
1534331973753348096
1534307510659710976
1534288245412052992
1534252639847960578
1534165213833994248
1533933841446060032
1533917569161252865
1533909975399030786
1533894579010822145
1533837464028192768
1533798628573200386
1533443619646062592
1533443267353841668
1533443008179359747
1533242251593371648
1533198008497602560
1532836093519085568
1532793222619140101
1532763627186540545
1532750091131531266
1532719273621082112
1532694839375953920
1532523038625103873
1532480982057639960
1532410788031373313
1532373195197661184
1532346154687508480
1532139746935324673
1532023589410676738
1531969965297127425
1531620430326677504
1531620232502341632
1531304507883274244
1531299159457902592
1531298904477773825
1531024931475054593
1531021648253829121
1530692260635058176
1530564443427508224
1530504989147336704
1530313834925330433
1530301427385524225
1530249738456641537
1530172135418826757
1529908751230181376
1529907303390007303
1529906446904745984
1529900937212481546
1529863239856795656
1529862966153203718
1529841780329439236
1529822863338852352
1529809578279452673
1529551547167907841
1529540472607326211
1529538653218807810
1529530239084384261
1529507089462267905
1529496705116274689
1529452147925995520
1529451969080971264
1529264997137891329
1529216921605906433
1529198583530065928
1529147184574349312
1529097025899347969
1528881407988473856
1528865862324584448
1528839285406851079
1528813883011604480
1528733434914521089
1528370171416612864
1528115519273967620
1527800140425269252
1527785607510073344
1527723619526365184
1527711627994349569
1527629297338531840
1527394024730001408
1527379349992665088
1527378561706774533
1527353071101018112
1527351234620903443
1527041749591498754
1527031270093430785
1527016171333091328
1526974621848948739
1526953347558821888
1526952765729161220
1526920502073245696
1526722738227974146
1526719921589297152
1526712757944557568
1526710307556556801
1526623399304380417
1526576467735461891
1526227214467010567
1526188991376248833
1526188822391926791
1525838592848941056
1525607303885508608
1525551523714830337
1525522680233046016
1525517253034364930
1525505393975238659
1525473501238411271
1525473116889161729
1525210103896489984
1525189175733100546
1525172651492253696
1525145873105178630
1525126778343329792
1524918012486221837
1524859415542874116
1524803008369938433
1524513656616243201
1524513429268025344
1524458225692778496
1524428724589969408
1524397075240267778
1524383231092666368
1524372076555026432
1524207654985474048
1524096593380745217
1524096590914498561
1524052725322981377
1524052379641032705
1523806255391059969
1523803087470694401
1523640890102890497
1523300995564027909
1522964064250388480
1522952374255759360
1522657590035066882
1522641130269126656
1522565300247539715
1522558838293118977
1522365980898467841
1522356437443399680
1522319483569950722
1522300929432817664
1522289062941503489
1522245748506697730
1522245514514898944
1521936883831521281
1521914409530146817
1521900527797387269
1521868646452191235
1521867872988971008
1521823508803821569
1521601072632115201
1521582907655077891
1521534774489321472
1521514898404085767
1521468759235571714
1521248171669680128
1521233066353700868
1521217969589739521
1521201760253186056
1521151585883152385
1521151251148427266
1520870431355555842
1520752378756186113
1520425227381088257
1520424290058919936
1520417981154705408
1520168387422343169
1520126041439842304
1520094718708924416
1519788517966110720
1519776648656310273
1519677827599114241
1519421129496088579
1519397019319734274
1519383377048219650
1519359840832966661
1519359836634464259
1519342430482538496
1519100164580982784
1519100156423069696
1519100147040403462
1519100138412777472
1519100131668336640
1519062476238864385
1519041397747236865
1518708516797747200
1518708510783115264
1518708503476637696
1518589407284150273
1518337515232669696
1518319461425631236
1518318997283999744
1518274243607371778
1517919876974850052
1517919612234518530
1517609191862644736
1517601775272009736
1517576088360263680
1517562501977755655
1517520069605171207
1517276009367851014
1517261861066002432
1517253697469829120
1517251303356915712
1517235413513121793
1517232716651061250
1517218844850462724
1517202723602640896
1517178789201125380
1517168873061203969
1517141567814782977
1516936949025714176
1516909722598879238
1516908597183197184
1516885669280468994
1516851250062528514
1516842298897743872
1516838411390308369
1516837163438157830
1516789935579308034
1516789929807863811
1516789924015521802
1516512555677716484
1516411188657246208
1516110224280719368
1516109923595300870
1515696805807366145
1515420457436078087
1515337787410632704
1515084247513579521
1515060927019851780
1515060783457222664
1514976970693562376
1514698519587823628
1514696881431011332
1514684939622563846
1514669606782316546
1514668985287163906
1514393545939075079
1514353790761193475
1514321163413037084
1514302693770248195
1514274234205446149
1514257711923449859
1514235686832033797
1514011730770161667
1514011020112674821
1514000411061100546
1513985556765626372
1513923729868431363
1513885255748530180
1513853268526514178
1513614484652367889
1513600585890770945
1513490443102732294
1513488788835680259
1513184375147540482
1513165872948559873
1512882653883731979
1512878825121714178
1512856472878825477
1512850883503177729
1512807550860804103
1512557341497073665
1512532184787206145
1512520655400583174
1512505564298833922
1512496513372631052
1512487411971985412
1512484808299249664
1512460284354514947
1512408162690904065
1512189306294657024
1512162156934057990
1512159080667832322
1512148074554138624
1512142383080738819
1512115890137014276
1512103149116473347
1512077022297673741
1512075765499662350
1511849966838370305
1511827197170008073
1511822303973281803
1511809315623079943
1511792105420558336
1511780788001333250
1511765684774047746
1511753896284377089
1511752383029727243
1511725613522067467
1511471242162937864
1511453122526330884
1511407642463424524
1511406682018140165
1511403294140166145
1511386124878557192
1511158968491597829
1511158479985295365
1511101308736053253
1511089025536475137
1511067224286633988
1511055935678169088
1511040909630050306
1511019704793579523
1510988597813563396
1510968196320448517
1510621699812868098
1510254691363565568
1510021849899491330
1509996336602566658
1509996144637747205
1509996136584654858
1509996073250660361
1509989531151486978
1509983943575044097
1509975436226441229
1509954311001972736
1509930628631961640
1509910505728708613
1509906231489613828
1509894440239968298
1509633976729755656
1509587400758075401
1509584187027824642
1509584131704991749
1509176146281349123
1508983168216584199
1508928401226280964
1508898977193902093
1508826660740685838
1508513647450075140
1508437679591116805
1508110825772486671
1507809587994443781
1507505078328037377
1507439676289736704
1507428193279614984
1507427724943847426
1507387927801774081
1507358397640974350
1507082575441018888
1507069360636108806
1506996371689287683
1506996335613984768
1506996298045607939
1506996262905823237
1506988532786958341
1506813620654690304
1506739912057442306
1506710836580077575
1506706098576936964
1506693208973221888
1506675737440526346
1506674946839355411
1506674760129945602
1506383603034435587
1506375162878332929
1506353762385940485
1506352079853563913
1506259397139439617
1505986168890040330
1505975111949635589
1505919273591611392
1505918618214834176
1505568117333925888
1505554101232443400
1505277035505201160
1505224446902251522
1505221191358984196
1504960781552660481
1504893243997175808
1504893178956107777
1504865214679896065
1504852169081643012
1504841254726742019
1504562202824617991
1504551732998807554
1504538490612158465
1504514399645667342
1504480794911260679
1504445437499121668
1504171465339457537
1504166057350733824
1504137553900941315
1504124743192092677
1504105760753696775
1503917624727592964
1503917610982854660
1503818713841258501
1503757608867577864
1503743279485042689
1503507535961202693
1503474774210756615
1503462224601432071
1503462018564640779
1503353810449846282
1503065235791519745
1503042338960154624
1502676695043776513
1502668823870197760
1502660598643015686
1502423373095309313
1502407289310957570
1502403265945915392
1502396444870856704
1502373411242262537
1502357714307067909
1502108921523277824
1502107534450212871
1502040768709799942
1502031646949883907
1501977481485692935
1501911363324628995
1501776321516605446
1501661927663185924
1501660635876237315
1501589511192592386
1501567979192037376
1501566482597220360
1501564907875098624
1501340114680791043
1501320717681504257
1501315451917373440
1501282857901248513
1501274063800516615
1501201251840950273
1500960407623770118
1500934260617850881
1500852739240345600
1500852468204326917
1500496593639849991
1500484315901222916
1500139426827149315
1500132895977091077
1499919620085583872
1499919564028755968
1499882381334900736
1499867810025013248
1499863739427926019
1499760226077188100
1499559342399496192
1499533301656215555
1499510813903802370
1499471536994017282
1499447052039770114
1499425054559551493
1499420412396122115
1499144429168381956
1499127407076278272
1499121109890969601
1499110773204963341
1499102965172523024
1498857920926257157
1498857383468089345
1498855543506669570
1498855244461129728
1498854943008210948
1498854205628497920
1498852667124334594
1498852555950112773
1498848888488345604
1498847746786213895
1498846781291077634
1498843268116881409
1498839156704874496
1498784827696365569
1498784822285766659
1498774906460413953
1498766466069508103
1498688768013971457
1498455477365129218
1498440376968953862
1498425642848858117
1498360560785702912
1498353697612603400
1498332168950624258
1498303025106067458
1498284096287555591
1497954355135328260
1497679663342182402
1497650802176970759
1497614731338735621
1497579706866044929
1497570241626492941
1497327718001778688
1497315693636767746
1497220547603841028
1497216297616162842
1496965725642440708
1496965717744398345
1496965708562919425
1496965688820482057
1496965681061011464
1496965668075294721
1496921306150932486
1496850985804783617
1496850125842493443
1496603129760169985
1496603121971257348
1496603109094739974
1496603101352148998
1496564453470519304
1496492952994070536
1496153655162064906
1495765105497288712
1495419984356556802
1495049465107030016
1495042164593733636
1494858208921460737
1494853309139664903
1494788722109337603
1494771198424760330
1494756766348939265
1494730712821514242
1494717965119410177
1494689501347782656
1494391422178496515
1494383910997925900
1494367921547714563
1494357894208184344
1494340415859740674
1494325840070397956
1494039999574069250
1494022381995765767
1493982335812964353
1493969164834385923
1493967167242608644
1493692811237117957
1493691256760852483
1493657142942916612
1493618318871339011
1493609174399340547
1493602540155457555
1493348118192140292
1493290255189004290
1493265468467073025
1493245582663634952
1492864163680604160
1492609112022081538
1492300087229304835
1492229692270723072
1492229673711030278
1492215224115552264
1492213278877097985
1491936091024285705
1491860759835463682
1491823707051941895
1491813626596020236
1491807972128968716
1491794573223350284
1491789744061116418
1491583697027543042
