1534685786280316929
1534652570760773632
1534637388298915844
1534627546985287681
1534619865503477760
1534615176523161601
1534606569127698438
1534573203418324992
1534333142273761281
1534295703660511233
1534283103698575360
1534244027935039489
1534168158046650370
1533965707746201605
1533965705917366274
1533927210238853120
1533878665242624000
1533864078237630467
1533845849834504193
1533482775982100482
1533169200369369089
1532875737539219456
1532822429222850560
1532815634840551425
1532805233201520645
1532793594578345986
1532786296485208065
1532781903115345920
1532771577951035397
1532771576566915073
1532751516708155392
1532715985383342080
1532708255499157505
1532505991417298944
1532502136684150796
1532498891094085664
1532466296608153602
1532451726523088919
1532437414756634628
1532437252474818574
1532425333600927744
1532417205547188224
1532392521774399489
1532376048792379394
1532367102966910976
1532129177746477060
1532129176421113856
1532049589313978368
1532034936642981889
1532004159817494528
1532004060471218178
1531817838150832128
1531805073440899072
1531803761324310528
1531790174623084544
1531730112986681353
1531725825250410497
1531656005142052866
1531356071243177985
1530239993058316288
1530177026165985281
1529930388449132550
1529915281576865792
1529900242379976731
1529881255428378625
1529881032136302597
1529854330634788876
1529233260600995840
1529107221728186370
1528828357026238475
1528765111619428357
1528098868105302016
1528098477158412288
1527747264516608000
1527747262872428547
1527711196505329666
1527439798188883968
1527433296493301760
1527398529181831168
1527382951205425152
1527320773748314112
1527282767389773824
1527099381211701248
1527099379278036992
1527071369703440385
1527071368302538752
1527071366628921344
1527068767166922753
1527059161095319552
1527051915644784640
1527036283847049218
1527011076163895296
1526977718130094080
1526679440457187330
1526656852871847940
1526645911358947329
1526601441410007041
1526321473216040960
1526287392461692929
1526245674571796483
1525892908381093892
1525657952811638784
1525537035762688002
1525491218360287233
1525263426599145474
1525259561749315584
1525201484459147264
1525199217542762500
1525132909505560579
1525111911850905600
1524872909189271552
1524852818598936593
1524808627319627776
1524802817193611265
1524507475503951873
1524489426746888199
1524481537382703108
1524479635383361542
1524440783226499074
1524431807327862790
1524412546714853377
1524411328580009984
1524116036957650944
1524107999224098816
1524098035202072576
1524089981089849346
1524056234332016640
1523686255426297857
1523024990035398657
1522689824532180992
1522689823194161154
1522682621704253441
1522661469275496450
1522652421087920128
1522286261586771969
1522275541793001472
1521916800119750661
1521868032729042944
1521594329902501890
1521500937143169026
1521179495377551361
1521179493947387908
1520806454080512001
1520473314728235009
1520145583465549826
1520142274226790404
1520103887163772930
1520069208675024896
1520033579895558145
1519848864769007617
1519838427025391618
1519837461714595840
1519832756687187968
1519830798819602432
1519830302629273600
1519812030588276736
1519792920534163457
1519792755102437376
1519775759560286209
1519762891519537153
1519758555590668288
1519753921060823040
1519753919597056002
1519744892825747458
1519726038577729543
1519719175308156932
1519709493147291648
1519683115165356033
1519480281052364800
1519457618019897345
1519441134140985344
1519416736738684930
1519408253482024961
1519362081715376131
1519316784326840320
1519101270669332482
1519044567500218369
1519030100746031104
1519017142796046336
1518992362210533377
1518988087174463490
1518308817590706176
1518014959237705730
1517923460789510145
1517923458218401795
1517914518847905793
1517698189486440454
1517696791722012674
1517554756167819265
1517503729460776960
1517503409473081347
1517310476161634304
1517307802783567873
1517289338207444994
1517164394249080832
1516794624341417994
1516619899958874116
1516493721575038982
1516481682731581444
1516481677861834759
1516196747399290880
1516120243625734144
1516115582021681157
1516095770054832128
1516068475474698241
1514782968887189514
1514295972448382977
1514276512882741256
1513968395401764873
1513874434838433793
1513861822880886800
1513858288953307137
1513640644706766862
1513639162867597318
1513630934930759693
1513560469486899212
1513546864829812742
1513543107794685956
1513525885378379786
1513239856293556230
1513238118010392578
1513238037609816079
1513237862891900934
1512532614913179650
1512478304208629763
1512470396917985283
1512435922691842048
1512429558783479812
1512406180940992516
1512203567980982308
1512202475985682435
1512201670440235010
1512193874869075971
1512192131678588935
1512188469170384903
1512156650253209605
1512156354047324163
1512133186498842629
1512130527393992710
1512130526274101253
1512130525196079110
1512130524046835720
1512130522914377731
1512130521790353412
1512130520322387968
1512113172941099012
1512094109690826756
1512081490535862286
1511872821458358272
1511855723277344778
1511821410498490368
1511819413678346249
1511798918920736772
1511797669018181634
1511783763642134538
1511765564942868482
1511750230957596674
1511735076869922816
1511691946728824834
1511525919323738121
1511490840824270855
1511482637831057411
1511481602840403974
1511464418915373065
1511462300284293130
1511424524830580742
1511422925135618051
1511420094609514501
1511418829141913607
1511418207143399436
1511416198105346048
1511388324065333252
1511381260983275530
1511350383834288134
1511110727838355469
1511094415951073283
1511069213645025287
1511056006436069387
1511042352873410560
1511039295632588802
1511033347790749698
1511032737968410624
1511009970908631051
1510980789667774469
1510301084388143107
1510296747691675649
1510071739593670657
1510019292884049929
1510009355982233601
1509996805882327043
1509971037299134475
1509956223516483587
1509934431233994754
1509643449229848579
1509643448156139520
1509643447019388932
1509643445920489477
1509643444784082944
1509643442577711105
1509643441319329795
1509643440220516359
1509643439108988928
1509643437687164935
1509639307602112514
1509621024719093764
1509617503454044161
1509612928596512790
1509598903410348044
1509583337672826895
1509560137014337536
1509361761891332101
1509344501457952769
1509252741239083012
1509252368239579146
1509231122508623875
1509227130370076683
1509205981275774982
1509195353169571846
1509184025285607435
1509156905737990145
1508981923623968776
1508978029057429506
1508971429987069959
1508967710281060352
1508967495180464128
1508940789333647361
1508903221741375494
1508899891384393737
1508899249236414471
1508897576606646281
1508890715471896588
1508880904625733640
1508878398524989445
1508877578194595845
1508871981416030208
1508869329097564163
1508863291392774160
1508851893811957771
1508845184246849539
1508842680830382089
1508823974314184707
1508823972925763588
1508455446478299140
1507899739148279810
1507486481530687491
1507356097157517318
1507054830694670346
1507038163121881097
1507024463799496723
1507010060794273794
1506996991330594819
1506972939962494977
1506808082730467329
1506654103979663370
1506654102822043662
1506654101563658248
1506644897427767311
1506613581256835075
1506452630524116995
1506363017105227782
1506317369370722315
1506294340792078337
1506289594270203912
1506282239222550529
1506093259021598721
1506034839375519748
1505928430021447683
1505913968509992962
1504883056749985792
1504845549215825922
1504828810348351490
1504550771450425346
1504514047038967811
1504473668197396490
1504458394165469187
1504429293186785285
1504130123615948801
1504113619511955469
1503755302088364052
1503549315956060162
1503488390607560709
1503415372975939589
1502647599576326144
1502324807521603584
1502305656052891650
1502029905814556680
1502014534416019460
1501992719891238912
1501974625839951872
1501959747645419523
1501944138161291264
1501917485305679875
1501795095724507138
1501750360754442243
1501750359710076930
1501750358703366144
1501750357688389632
1501628149746094090
1501628045538562062
1501623262840864772
1501328928388100102
1501311886012432389
1501311532616982530
1501280494914195459
1501277087113613315
1501275847314927617
1501274573249077253
1501273642507853824
1501266022652907529
1501214566327496721
1500959876335423491
1500118128331788291
1499908719701856256
1499879455837364232
1499878625746817031
1499878521077968899
1499775329174720512
1499756458602291207
1499548508164083715
1499541735743053825
1499519554699071489
1499495152532008960
1499468425210605571
1499468424128483329
1499468422954033156
1499450221457203201
1499434679010742278
1499422656906633224
1499387167298228227
1499163804277645312
1499040330670292993
1499032417151111168
1498878327280619522
1498863530510106627
1498852366354890753
1498849636345425923
1498848268264083458
1498845043448295426
1498754322213056513
1498754320954806287
1498754319516110854
1498754318098485260
1498720395586940929
1498663847519035392
1498450455470424065
1498403488925114375
1498394108070699011
1498365462291390468
1497963233956745216
1497961264810713089
1497749357529079815
1497744677751115781
1497721972792430602
1497721850633367552
1497650399544848390
1496968001396129795
1496958361668964352
1496925646278250498
1496904255395057666
1496883871031304194
1496856440224591875
1496847387842658307
1496516310540378123
1496252703558836233
1496223850606084096
1495807628118745096
1495795146050490376
1495785153188225025
1495580129757700097
1495459912993935362
1495422978775040000
1495230324992876544
1495097103084703744
1495038944609816581
1494797323704143878
1494779448738172933
1494739577860468738
1494712664232280069
1494712662537785355
1494691271968968716
1494401888955117572
1494398714080808965
1494394758017519623
1494379726856757260
1494375690992590853
1494359538388156419
1494344059678306310
1494331823098269699
1494320378730225667
1494311030972899328
1494307278966730760
1494306961843703810
1494099479674372101
1494087757056126978
1494084677371637773
1494059835687583749
1493983392576196611
1493976047649447936
1493956477098336259
1493648364096925698
1493626123963535370
1493620567680983045
1493586096978116609
1493438235103617026
1493363989975384067
1493346582363791364
1493333020580925440
1493309740587311108
1493260865524858880
1493255232628965384
1493244977496961026
1492994168251166724
1492988312814080014
1492970163733471234
1492956803507888133
1492918302162702336
1492697524943179776
1492538110688874501
1492202855427620878
1492189318760259604
1492181574833614853
1492142569752510465
1491876447157379080
1491874040843231232
1491823708746526724
1491811667579228166
1491808393237078020
1491790911008772106
1491778889730908161
1491587578201620484
