1534581452632997888
1534529115163860992
1534525561439232000
1534487857712222209
1534300872154431488
1534293990585028610
1534276519132119040
1534225970714091522
1534204832701095940
1534204678715625472
1534204563980435470
1534188123944525824
1534162037915385860
1534025780543512576
1533950619756777473
1533930672255123456
1533867574802382848
1533811650389856257
1533774633555599360
1533632067287883777
1533589081346777088
1533554346142666761
1533544795930517504
1533509197836570624
1533437241539842048
1533299039416066053
1533298307359035392
1533186842828357632
1533160725170077696
1533160378108379136
1533159155569156098
1533086852097490950
1532889972088442881
1532843156219346944
1532814715071647745
1532795521156403200
1532784662703120392
1532753676443557889
1532743050488950785
1532739313741471748
1532574183464570884
1532569033316438021
1532537890114265088
1532535391651250177
1532482446754816000
1532452356159377408
1532404321320677377
1532361447266721794
1532329907908493315
1532324256658374656
1532323560122994689
1532322890309328896
1532322159955255296
1532150291033952256
1532104896350240774
1532089979987443715
1532024185630998528
1531990872283291648
1531978492761493508
1531978491222269952
1531658854722854914
1531647963587563526
1531643062250016769
1531629131024191491
1531589288479141888
1531416421531631616
1531391261403496455
1531385747231723520
1531382535036493824
1531359806921101322
1531345143361687554
1531340223023661058
1531330865695019018
1531310723913089027
1531287394430992385
1531286822575284224
1531255449315590145
1531124315353145346
1531124135266590720
1531116178122342407
1531103022058708994
1531040100636938241
1531002608948764673
1530920802031370242
1530912203720859648
1530894178141577217
1530714219288608770
1530713882523848704
1530710895957090304
1530693327875674112
1530681598592565251
1530655248708259841
1530643987920453635
1530642302951104512
1530594950068445187
1530564816531861507
1530549887334490114
1530405793706786816
1530394539281760256
1530391871138279424
1530355594967896070
1530355520439189504
1530353130680066053
1530352824223252485
1530330522957844481
1530296552966737923
1530262841273499652
1530244053509488642
1530244052167413761
1530233641116348416
1530187844752375809
1529975850942320647
1529975686244487169
1529959897714024452
1529953045081120769
1529930552748515329
1529896059413180420
1529885559048503298
1529840163710554114
1529756402884935680
1529755160506945536
1529694480227516423
1529694180875722755
1529557933645774848
1529554567536451587
1529475590490816512
1529462055069134848
1529458535272271872
1529395892234571778
1529389304950050818
1529337306334654465
1529230031762890757
1529205804636717056
1529171810281046016
1529171017351979008
1529170615097344001
1529140514263547904
1529138721336991745
1529134392689496067
1529109049391951873
1529107826634784768
1529106864364978176
1529102018186469384
1529101701386588162
1528873544888860675
1528825617910747137
1528785341913649158
1528737342558818305
1528451890664685568
1528435727087943682
1528426226615889921
1528425986621968386
1528425892451454976
1528425832028327937
1528425416364412928
1528422504401735680
1528417918773604354
1528407854205620224
1528390428072067072
1528156192337547265
1528107120960356354
1528066852664094720
1528013190759587841
1527762346554310657
1527737187000803328
1527691890417717251
1527657959035129856
1527642644356247552
1527642040535744515
1527641967273836544
1527424006445473797
1527415878215684108
1527415682782089229
1527408855361146888
1527383591981789184
1527367252198445056
1527362155758006279
1527361916712038406
1527361199393779714
1527319010022281220
1527288717991260162
1527274133196886016
1527118005070700544
1527103566753701889
1527076859627851778
1527031455200813056
1527014922177101824
1527005855719247872
1527005375236546560
1526985974944866304
1526946137378279427
1526941112778297347
1526699208513933312
1526661372821524483
1526632775431950337
1526629594513670144
1526614457329274880
1526608834063630337
1526577162362540034
1526563929689923584
1526517528595468290
1526399661195481089
1526355578968231936
1526306674172207105
1526288886716047362
1526236777471688704
1526227241268568069
1526194515861700609
1526153855687442432
1526004404033396736
1525936578853580805
1525884976624975872
1525838765519937536
1525816702889607168
1525589285713453056
1525559922716512256
1525544005160820743
1525520028443062273
1525491396622397441
1525297590216138753
1525297379263528960
1525243247794200580
1525205496684240896
1525159274573402112
1525145977430188033
1525145859968667651
1525129149832220672
1525125178786824199
1525114494338453504
1524950352210051085
1524891236368269312
1524860730394263572
1524811644970274828
1524766813254569985
1524710537631879173
1524709863292649475
1524709812658913281
1524524878631784450
1524510395964268549
1524508878800621569
1524505591183556608
1524497909680644103
1524492580293066753
1524492485338308609
1524492273119072256
1524490431207256065
1524487381717557248
1524448831450005507
1524448641229930497
1524430572982091778
1524404401049382917
1524399269175779329
1524396900467851264
1524389750458699777
1524385984951074816
1524385034928635909
1524340809730039808
1524340572890316801
1524174069498847235
1524173785385115648
1524173619353600001
1524149915647156224
1524149314922201088
1524149064450854918
1524065485477883904
1524057815165321217
1524042039473672192
1523830211481157638
1523788662806355971
1523755032902049793
1523752756942864386
1523700906738417664
1523692939230474240
1523692851414331393
1523664907924905984
1523475613050306562
1523456975094247426
1523456548034727936
1523432554866438145
1523421420063105026
1523420873767538688
1523420442811269123
1523417166552338435
1523415112601653248
1523407479387791360
1523373935424950272
1523329845349912577
1523326091376488450
1523325400243441665
1523317145093820417
1523170973020741632
1523099958941044736
1523089055067799552
1523078987488002048
1523030090614931458
1522939771982839809
1522712935118049282
1522709423759958016
1522682796761882624
1522681554736234496
1522641113378611201
1522592533242593280
1522578120657747970
1522563418590380032
1522431581046116355
1522347480519741441
1522325740796186628
1522324098092871682
1522324010545074181
1522323488203231234
1522291303610044416
1522286663719919618
1522285908619321345
1522271417789734915
1522271308670816256
1522248090912268290
1522247866009456646
1522245453168926722
1522214690801078272
1522196223612133379
1522057111357771776
1522056823464988672
1522056567314698240
1522056193941856256
1521962885873868800
1521959796139778048
1521959422834233347
1521927907286949889
1521913131634733057
1521867659838726145
1521863388082716673
1521822327666794496
1521820683889745927
1521674661339222016
1521672134816317442
1521671173121130496
1521670829276237824
1521668498426052608
1521665153737105410
1521664726471741441
1521663821437362176
1521641042717593600
1521614335331733505
1521570085068054529
1521569045828587528
1521554538032992257
1521553540413636614
1521535395200184321
1521525205616709638
1521513178080989187
1521504613676969985
1521496106466693120
1521491252805521409
1521491251824050180
1521490543745847301
1521483847996743680
1521473408445390849
1521263402412392460
1521246758826823680
1521241889437069323
1521218311480131585
1521201562990919686
1521188218657546241
1521172158415839233
1521150092199272453
1521119890681307136
1521110150240681984
1521084592048025602
1520936700175867904
1520935168625807360
1520863147107790849
1520787668610789377
1520752406933524482
1520730484933902336
1520515853321654275
1520485664319488000
1520436578287603712
1520417959621050368
1520410153878704131
1520391599603204097
1520192464618983424
1520162282822582273
1520153648109600771
1520126177758830593
1520119488557072386
1520111241959780354
1520087108446261253
1520086895312752640
1520085891892588545
1520064835463090183
1520040960415125504
1520010614449524736
1519844074261463040
1519820013615656963
1519809936980529153
1519786497335087108
1519783710505193474
1519783073373642752
1519782961918455808
1519758346517053440
1519753582156918790
1519745817665490944
1519738645976129536
1519729783483023367
1519721857896914947
1519698019293319170
1519693408247459840
1519663990720376833
1519526621241294848
1519525783395614720
1519505341624590336
1519505241053478912
1519505097885196294
1519472073218924545
1519467688569053185
1519414844172165126
1519385198558859264
1519378318872952832
1519346378300063745
1519316124105596928
1519128284684075010
1519089065160847363
1519080862641442827
1519059013027119106
1519052905462079491
1519013910371831812
1519012442247991296
1518968587368738821
1518918990285967361
1518810025510293505
1518807905587404801
1518757593132449792
1518742977216143360
1518712716059459590
1518712103821004807
1518701519188729858
1518701268402950150
1518700674866892807
1518690739957469184
1518681117028720640
1518681095138689025
1518677492281880576
1518661865261391872
1518651305337794561
1518621482032807937
1518600985358262273
1518590690535555072
1518588248234332162
1518588123382530054
1518456347565727745
1518413676969144321
1518413453966430208
1518379432427327488
1518337747286736899
1518293709334495233
1518290288112017408
1518290001372581888
1518289751865970689
1518260334271905804
1518243592699006977
1518063463301586944
1518008077290819584
1517911404006813699
1517866331768512513
1517730118466211840
1517659530326421504
1517648202081738753
1517638500241358852
1517635442006532096
1517625559337025538
1517609406724255748
1517593272000077826
1517590711918641153
1517590523904733186
1517590390433587201
1517560168153759745
1517560079289135110
1517558883564281858
1517558537995575297
1517549289005793280
1517529222457311233
1517527405912637440
1517527135052779522
1517519249404739585
1517458289415626753
1517268198428655622
1517263389902397441
1517262055333580802
1517235486649163777
1517229264042700800
1517186867023781890
1517144902278074370
1517104479623127041
1517104245425807360
1516891994110533632
1516839569819246592
1516793910470881288
1516601553993486338
1516514506989527054
1516514350135136258
1516467241914613760
1516466576114995205
1516454136774074369
1516411529284968456
1516410585272958996
1516410583909904389
1516410582412447756
1516395950302011394
1516274334947594248
1516257557043625990
1516239787891515395
1516126933213487106
1516125634925408262
1516114762572173329
1516069516496748549
1516018449629261824
1515886746763943936
1515782305851322371
1515692135969955847
1515683989499043847
1515468837872975874
1515436126277939208
1515397139496636417
1515344614508699658
1515312766223106052
1515177982830260225
1515176676505833473
1515057436352204802
1515050024245284870
1515049443480977412
1514987331236904966
1514967620633743364
1514710320387870726
1514679748747743237
1514665266919231494
1514628301058412554
1514600627644551171
1514378079673667597
1514342968462917635
1514332930528661505
1514298645360914439
1514277239482986503
1514242729395560453
1514015673084698627
1513985532833013762
1513963931609583622
1513956725769998339
1513940484871307271
1513924254558928896
1513924030255968257
1513895275814957063
1513641799201525760
1513611614460821507
1513591896744116225
1513591188921765892
1513576213616500738
1513574178695299082
1513574013938896897
1513573528280383489
1513562626298724357
1513517836123127810
1513508549887934477
1513507923221168134
1513505005587906563
1513504431043747843
1513260649333284869
1513170217442103297
1513169650582003723
1513000585817210885
1512922242111479808
1512890613770993665
1512887538142359559
1512853050570035210
1512792849875718146
1512760397312442379
1512759554261635075
1512581267010822149
1512541663343919108
1512537028034019330
1512528301092397058
1512527449283829766
1512490872906129412
1512474715083976711
1512472719513718784
1512448196454326273
1512418943771754497
1512414737707024387
1512413855888064516
1512276385162838035
1512274591196008450
1512270033375973376
1512269770695090179
1512268875995529225
1512268585212821508
1512204980320669698
1512168146190405640
1512167311180025868
1512163315585273867
1512153737283969025
1512153632837455873
1512153499412410370
1512144468832661511
1512144194034405385
1512141328578195469
1512141171950338048
1512128496251949067
1512109689802219521
1512109078901841920
1512098468906549248
1512097441151078414
1512095172527546372
1512068310665338886
1512055410743783431
1511837413022306304
1511816837830426636
1511815632572100614
1511814768428044288
1511799778379767812
1511793360356491273
1511792117986779146
1511751108326309896
1511748215015723024
1511741172049403919
1511737544597291010
1511737021554958342
1511736978286460928
1511736904932376585
1511736865455489040
1511736757829746699
1511736064720916480
1511721004606894081
1511716653666553865
1511704038898905090
1511555247721918464
1511482577735061505
1511433813401997319
1511373680256901122
1511347749727444992
1511343585345552397
1511339630184050692
1511291867421458435
1511187648882388993
1511184770906087424
1511183344914022408
1511159106329059328
1511158280332132359
1511157654026133505
1511063666241773583
1511052242144616458
1511034497105637380
1511009228974084105
1511008687598538758
1511003224576339978
1510973018146750471
1510970706015707145
1510618447859884034
1510617792529289218
1510617295151939592
1510616726634967041
1510361572790706188
1510271219165245449
1510128286965411843
1510045485029076998
1510009115141148676
1509999453285015563
1509995284297916429
1509977657244585995
1509973748786552852
1509973687998496773
1509973426320154631
1509942439137718272
1509935070014021654
1509928519568138273
1509894036806590465
1509891230473326600
1509843215289131009
1509729280560930818
1509636915426902027
1509603526573494276
1509601234008920072
1509574995986554887
1509557568460496897
1509557181666013187
1509548589885923337
1509317053437681667
1509283081273937928
1509276988602785794
1509270229754470411
1509270177233485828
1509260282304081922
1509191417301803013
1509190970583179264
1509184771984867328
1509168683414958082
1509124057412902919
1509123811177861125
1509123463352565764
1508996742108299269
1508996263160827909
1508995879256182784
1508992756240330757
1508957431396769793
1508937686786129923
1508928199081840644
1508917727569887232
1508917478348492806
1508914408508071939
1508847704717213702
1508821901380104195
1508577454658666496
1508550757745930240
1508534696686276615
1508444518022107151
1508444267617923077
1508406839490367495
1508278642497011712
1508277010275180546
1508187236487073796
1508096832513191939
1508088652429242370
1508055462398382082
1508055256663482370
1508048073943044101
1508041427820986371
1507934787868270600
1507930546499903489
1507927850682359810
1507841904507035654
1507810882830712850
1507719390611099650
1507591177775767553
1507589850458898434
1507581973056958470
1507579154644062208
1507566933360664583
1507566623200317441
1507507859692654601
1507372474538856450
1507133921510756359
1507088629759455239
1507043975156350978
1507042066299297792
1507015542221148160
1506994904496586752
1506783115301294083
1506774238312767489
1506773625910702083
1506773422440910848
1506737883905994757
1506721310885519362
1506702896821415936
1506701635711643658
1506693106355392521
1506673363636432897
1506673136712003595
1506672996429271040
1506670244059832332
1506647684945428481
1506575738090180613
1506571684685438977
1506449336854626312
1506449145493704704
1506446262853328898
1506405575504113673
1506360361024466948
1506328619626414095
1506315240992034819
1506282058435473429
1506280632678244353
1506265058514513928
1506239531913256969
1506100215782297610
1506094955336540160
1506094641212502022
1506089955583483910
1506089746484932613
1506089466989002754
1506059903135322116
1506059689146077186
1506017815932899337
1505989792303099909
1505989408079634437
1505989050481717249
1505988130414997514
1505987662427140097
1505975082274983936
1505942323154329603
1505935911321845765
1505935895907680256
1505922854684180484
1505888629549408260
1505888098718208001
1505865691362123776
1505694289946365953
1505645028219179012
1505642160363917312
1505641947817521153
1505635461787799553
1505570040669786117
1505568460968968192
1505536102035337220
1505536100839956482
1505319356884000774
1505305155025223680
1505242938653171714
1505197829035380747
1505157514962386944
1505009480278450179
1504955973487710213
1504914293757726727
1504857729504006151
1504820477180747781
1504769196739248130
1504768091997229061
1504767712677052417
1504764895274971137
1504764231996092419
1504597202425032705
1504563576006139904
1504559130849202180
1504558973051195394
1504558780960452613
1504518389561237504
1504476530302283779
1504467591846318087
1504414134313574404
1504397201635741702
1504396669852569602
1504261332383772675
1504260651824431108
1504186000473481227
1504172412681834501
1504168332756406275
1504125925696454665
1504106927130882049
1504055400500449280
1503851038696214529
1503815848393388044
1503778607314972686
1503748510667182093
1503556769892782082
1503551698555576322
1503551021464883209
1503550783710810122
1503507259795591175
1503491436465041414
1503462841076043781
1503461287166197763
1503448018200272896
1503418193188167686
1503399062376222727
1503374237159018504
1503370918546059267
1503113819857600516
1503023432866353157
1502975020150272006
1502974401729515524
1502848604645560325
1502848313019797509
1502847949621055488
1502751424249278472
1502706329055641600
1502660955406282754
1502404124175917063
1502358968995352578
1502337314286186499
1502321012117061634
1502276260197711874
1502266702092021768
1502266039186477059
1502055707314692099
1502055030651858995
1502029035907555333
1501996578277662728
1501967388434223111
1501936427369525249
1501913537412845579
1501759616744570881
1501683010105712641
1501669132605009929
1501668882465144834
1501668391299518465
1501637712394301444
1501593241359167500
1501590158449295365
1501589765317177350
1501586823851741195
1501574781342261250
1501574073016537090
1501357101951725583
1501327873201905669
1501314321032302598
1501307257568514053
1501294225912053765
1501257129759551490
1501216192182341641
1501039007588917248
1501036922592018438
1501036563819601924
1500956968223223820
1500952540564885505
1500952207780425736
1500951756775333888
1500951687485349889
1500924737488306179
1500907084547772420
1500894587849687043
1500886770422009867
1500864534948556808
1500831797462155271
1500831489260466180
1500690911151411203
1500606824873144321
1500606723631026177
1500604702165250050
1500604489652449282
1500577060384911370
1500531954378285059
1500505420129050624
1500486569513340931
1500229840087171076
1500184531017650178
1500139540291493890
1500092636836896773
1499973258816499712
1499968369902112769
1499964242736340993
1499959346997964800
1499897817652940803
1499894395310587908
1499883135508570113
1499855971832766467
1499822270977617920
1499796829109731339
1499762014788464647
1499588646684479506
1499588332157812736
1499587944281165842
1499586586962448415
1499585333113012224
1499577918552522755
1499576564371050497
1499572077527015426
1499571875864879105
1499571472557297677
1499571292512600064
1499570639329501188
1499536356242034689
1499505216118575114
1499500284514603013
1499499729490747403
1499498522944708611
1499497924392271876
1499497631629950977
1499495945091883009
1499495528412950539
1499475158439976962
1499444499407413252
1499432156090748928
1499415178152140804
1499384805305331722
1499255512705212423
1499249022858674176
1499248889681088518
1499243313827885061
1499243135360278529
1499242676209733632
1499239137735585798
1499238961457283074
1499238868016672771
1499238435445428228
1499238093668421632
1499238036491710469
1499237620588625920
1499196163865645059
1499194582831144965
1499193496099594242
1499193376071163906
1499192102000992256
1499189416031571971
1499188578324201472
1499186870466531331
1499185828475641857
1499185160415236097
1499184912926220289
1499184582301786117
1499182834191380485
1499180953272344585
1499178944167350284
1499177745582067714
1499176461206528008
1499176025225318404
1499175384411160582
1499174757224222722
1499169382890680324
1499166947761610755
1499129611594182661
1499129466957799426
1499101639625613318
1499087616783826953
1499087299707031556
1499082752997695492
1499039331972960260
1498988792589565953
1498879360597741568
1498810701284102151
1498799664841338880
1498780433705836544
1498762737085820928
1498757512513961993
1498750240714801154
1498749074765451271
1498744893879033864
1498689002936971270
1498686317441470466
1498686154274705413
1498683187907768325
1498660065720557568
1498659568284364801
1498659441243156480
1498634531242455042
1498634213293182989
1498633793833508864
1498350842193367046
1498350567583801344
1498313817553580035
1498312499896238082
1498310525683441666
1498309284937056256
1498294678726356996
1498294527764967431
1498291589780758528
1498288744746606597
1498287979105861637
1498275285870993408
1498269896400162818
1498160965157801984
1498160737587544067
1498157615309897730
1498157003297935370
1498155585623269380
1498153906492383233
1498055520447565826
1497993741591879689
1497993360929435663
1497943818976387073
1497939961554739207
1497939376344608769
1497934906583928842
1497933209979527170
1497931911859220483
1497836975524663298
1497826269760741379
1497824561022312448
1497824468886073346
1497823460063592449
1497823036707196931
1497822657311657984
1497822249331703809
1497704203086663681
1497703805814726656
1497703102698463237
1497703035811815424
1497702076712947712
1497682894004891652
1497680552954114050
1497659601457659914
1497658600533241866
1497632928930668547
1497630412985806853
1497611893762101256
1497610552373387272
1497605112507809794
1497604888586506246
1497604445508718594
1497604277291958276
1497604220605898753
1497604123876757506
1497603788051566602
1497599542161809411
1497598448341860356
1497595693887803398
1497595437477507078
1497593962068066310
1497593698686672898
1497593489995055104
1497591878136516608
1497589244835123211
1497589064790265858
1497588679656751114
1497588253557469185
1497587514781179911
1497585230911266819
1497574534056194053
1497572053070880781
1497561326931128324
1497559435656454145
1497555020274978821
1497554901123026944
1497434839355699203
1497433772370931713
1497432663019474944
1497432552214310914
1497431489566232578
1497428878293450757
1497427253940170759
1497425179747786753
1497424446356955137
1497424218799104000
1497419310687404033
1497375197728583683
1497362488031162368
1497361346052210692
1497361073120366596
1497361029902176258
1497356400271540225
1497356239243603968
1497316737142124544
1497310969751490561
1497310486177751040
1497310319982559238
1497248791963082758
1497240804280217602
1497210631904182287
1497071940225228803
1497045565410058244
1497001624144912385
1496964409285087237
1496960667890429955
1496956809344655363
1496926684746027022
1496893127730339844
1496878703560704005
1496862906700476421
1496847404603260933
1496846965765820427
1496836436112330765
1496726702529159170
1496716318514548737
1496716271672561664
1496715326314196995
1496715208450093058
1496714174176665600
1496713452781514753
1496711870077706241
1496711656545607681
1496711336327270408
1496708924808089600
1496706230101942277
1496697151543554060
1496696882604781571
1496696540651470853
1496696188069888004
1496694469218865153
1496672015654297600
1496670421315473410
1496638512690515968
1496637523434614793
1496635574135963654
1496634876832874502
1496614602389528577
1496611160292003846
1496576107235192836
1496516045460357120
1496485789080993795
1496259286493810693
1496228526143455232
1496226734357856257
1496193987484467209
1496140952322379785
1496138183733616648
1496132116664487950
1496128021333479434
1496108426044264450
1496107803764736011
1496077782387933184
1495915230899154949
1495914807316434946
1495914670535892994
1495908251799535621
1495907067533660160
1495899999057625095
1495881315006259206
1495839504367816706
1495791289987743759
1495761189661462531
1495755467271852039
1495742649004875782
1495742230203621376
1495552608735481857
1495548097828634627
1495503651724533760
1495471528577744903
1495464208665874438
1495413181459668996
1495161276170973190
1495130155278340105
1495130076949721095
1495111113989574658
1495106512427098117
1495106262937317379
1495066059472265216
1495035833921028101
1494868283383861250
1494863554205339652
1494782537759141892
1494767446930173959
1494745403627028486
1494745145970995204
1494744936167661575
1494739742620934148
1494727422759088132
1494709250580525063
1494688631587586061
1494501244941000706
1494393772289015815
1494345984641572866
1494341776328597505
1494311425350811653
1494270299109531653
1494269713035190275
1494133819250814978
1494127057743323137
1494126708273950723
1494084342146076674
1494061459403423750
1494054198287245315
1494009363027083268
1493996105318682624
1493792429715165186
1493780775996518408
1493776596032888840
1493772399484944387
1493735635349241863
1493725237023842304
1493718166232518656
1493703848959086596
1493702499961876487
1493677294774325257
1493638816950894595
1493629400717434881
1493604787178328078
1493586556443058177
1493386369321869319
1493365695165485061
1493329426687438850
1493316273735929857
1493269542302363648
1493239155844960256
1493042735414222853
1493021233012695042
1492984433737089029
1492947296006422535
1492908315122311171
1492904617746780162
1492891741460082693
1492861496572919813
1492859913827192834
1492699364959133696
1492685448275181568
1492683644875550724
1492667550282432512
1492667125340717056
1492645913885659143
1492644722476830721
1492644265582858240
1492604549026258945
1492595310740262919
1492594838449139720
1492594447313481728
1492544291071307780
1492540634334437378
1492529967841828868
1492524732087951364
1492499163271114756
1492359158561230851
1492344766360694786
1492344481504546832
1492332826494132224
1492332682809954306
1492263433856765955
1492235752012398592
1492212116924866560
1492189406857510912
1492188645419331588
1492187931469094921
1492167810558087172
1491999589393649664
1491999217765789713
1491997964927184897
1491903565929009158
1491865036117225472
1491826872191176714
1491819971667759108
1491796654269165570
1491782978107842560
1491782699002044417
1491548731673657347
