1534646081635684359
1534581885132849158
1534581694455496704
1534558232571695105
1534306327299866624
1534301440008761344
1534230802552299531
1534227699098583042
1532108699128500226
1532054660630069252
1532046413642727424
1531303001113100289
1530268193469743106
1530266114349051907
1530258587712364545
1529888045041963008
1529552133875433474
1529522346872160260
1529519729316085762
1529274016212697090
1529164297284222976
1528803605054205962
1527691867772571649
1527641622112002048
1527641578541563904
1527375533956562946
1527349585722888199
1527344722301243402
1527344507678621696
1527344222625763328
1527317552371601410
1527014965273559044
1526988311012814851
1526960020532912129
1526953079781957632
1526935765254647816
1526932086803816450
1526930115795603456
1526607335355043840
1526586845680779264
1526586260252508166
1526296290975436809
1526228516282449924
1525148648098652161
1525104740983504896
1524862489015500802
1524819544157696002
1524792592973631492
1524792229746950148
1524786260073754628
1524466321135656960
1524422298261934080
1524384955945693185
1524039448199110656
1523326421472624641
1522698175882145792
1522592648682512386
1522228834891927552
1522228750716481536
1522228530393845764
1522207895613579266
1521962117796032514
1521939343811747846
1521861042921512960
1520436032688295936
1520435921480470531
1520435830501822464
1520081627749179397
1520081585881636865
1520074031034208256
1519760719218155520
1519752850041155584
1519733343054712835
1519731793573945351
1519729044530601984
1519728781136744455
1519728535866388485
1519727829952479234
1519727153998450689
1519681420343615492
1519681380598308868
1519421297767428097
1519386390240403462
1519052984134647817
1519044604993187840
1518965459864981505
1518669053879099393
1517557070823927808
1517540242374664192
1517540194429419523
1517202670343307264
1517202613300772864
1517156527966236672
1516778689329078284
1516441152047792129
1516167698350284814
1516167643610365964
1516086613230686214
1516078458203525130
1515141593795338241
1514295454695137293
1514295429034348553
1514277256390135811
1514265663749201926
1514251146742874113
1513975338635780101
1513974756273500169
1513974555747958796
1513891023415660554
1513586032180146184
1513585648996950022
1513541637624016898
1513541613120851974
1512538816573280258
1512141233979858950
1512125533680775169
1512125297323352066
1512118123872362502
1511837635077148679
1511759586298105859
1511736032269639681
1511727533515055104
1511415669849563136
1511408986746236929
1511402862449938437
1511394882367201286
1511365644834459651
1511338719936135180
1511137946010857474
1509556313797402627
1509528288825253905
1509297401978359814
1509297370051317763
1509297306633490438
1509228174844047366
1509161436261629955
1509159242707709961
1509159202589134855
1509158986876174336
1508867658414014465
1508867294507814920
1508803091675721731
1508793347544133633
1508793293584408577
1508594866548350977
1508568633068470280
1508475074315227144
1507388644914569216
1507388599850913793
1507117687570325519
1507030998760017924
1506726507720368134
1506726467203485707
1506291597792661509
1505990687715733512
1505958738427105282
1505949796850409473
1505948228952469505
1505020607804678144
1505003591303671809
1505003078931685378
1505002919195820041
1504943352218853379
1504888075092119561
1504521840710098953
1504519773195059206
1504196058062245894
1504119742008901634
1503844954296180736
1503830551958020096
1503824198623547397
1503768686448058373
1503477464881840133
1503475426999549952
1502402019465826306
1502394638786772996
1502331658044940288
1502331317882605570
1502013689616121864
1502013619038527491
1501979530675867652
1501979272986173447
1501978425946525704
1501707483655647239
1501594234096345092
1501592953290174465
1501372704632541185
1501358436235284484
1501336481121636364
1501328665614987265
1501294468250673153
1501289489129431041
1501285345832357896
1501222757123641349
1501222658301517826
1499713444878114818
1499530145207570439
1499494213033115654
1499493251358904328
1499492555934867460
1499491545178857481
1499491155305709573
1499490104905289728
1499485276422479876
1499464218579542023
1499417340059918337
1499417312369299465
1499384307252613128
1499179794856038400
1499172723062419457
1499162593075810313
1499147787941912576
1499133799980052481
1499133508412973068
1499133475693203458
1499132927703191553
1499118280694550538
1499118248985563142
1499083585193758720
1499078281987072007
1499077341154263041
1499076831408009218
1499076687786610692
1499075512127442947
1499074640160899084
1499073648719806468
1499073496210624520
1499072644712484878
1499072322531217410
1499071418008588295
1499070946904268800
1499051037474308096
1499050977713864716
1499050846830608384
1499010249646346242
1499010124018556929
1498782590995677184
1498776926537854978
1498776861471612935
1498729700885209088
1498728101001547780
1498725758260453376
1498450158752776196
1498396057394421762
1497303441382780931
1497283115626246146
1496909496400199685
1496883780166033416
1496847930967433222
1496256623421050885
1496243470532497413
1496208199799779332
1496180693747048454
1496101163736997897
1495160739732074500
1494763434256351236
1494761493426016261
1494761409804177411
1494742730878197766
1494671389772718080
1494434387211042817
1494292536512458753
1494136496357580806
1494128115651649537
1494099559651364864
1494099350988935169
1494099160294993920
1494018153965305856
1493969831934238727
1493599958376796430
1493584349689794560
1493259833637842947
1492266342707310595
1492223433589108740
1492223095549083654
1492162123232858115
1491886474547142656
1491886447376453632
