1534679735120211969
1534670062170386432
1534664416028925952
1534659253817991169
1534636851595722754
1534615236254347265
1534606117241765888
1534605891034570752
1534605870469894146
1534603863499624451
1534601804519989248
1534592627579953152
1534589484976771073
1534580270602539009
1534580156257513473
1534566690020900865
1534554537381478412
1534554523557105664
1534549038053396480
1534545653552013312
1534528476111417348
1534301023744958465
1534292835213647875
1534250591463014400
1534245629186252805
1534234570001891330
1534164377615605760
1533951671864279040
1533905987299581955
1533877255277056002
1533534430257635328
1533532300784328705
1532849356356853762
1532829240542081024
1532828596582195202
1532806417299787777
1532806165263962116
1532805636869726208
1532805492573102080
1532805444556804096
1532805217082916871
1532805211185905664
1532805144668258309
1532801480805298178
1532776903022714880
1532749389105610755
1532518309362642944
1532448024374525960
1532446599745617921
1532445699794780160
1532437176201400393
1532437174439796736
1532414545633095682
1532405363642880001
1532404922393800705
1532404318829219844
1532400267966152705
1532391671496835073
1532379028757299200
1532370400465801216
1532359712892755972
1532095698908467202
1532084061673594881
1532084055277199360
1532084047282941952
1532000037940641793
1531999898454872065
1531741744940957696
1531723078174404608
1531675867042168836
1531612635010985984
1531422489347248128
1531422482619580417
1531313789290913793
1531313788292571137
1531313786044424193
1531313780520628226
1531313773285367808
1531302663803092995
1530558788213907460
1530347444860600321
1530347344448917510
1530343647941742595
1530343483709456385
1530283568403996672
1530283567015677953
1530283565715542017
1530283563492560896
1530268780881903616
1530264203981901824
1530234266008920065
1530234109888536578
1530234106549764096
1530226274488266755
1530225599385677825
1530224961570357252
1530222599858491392
1530219745567457280
1529983903951474705
1529918284690296832
1529903652508418048
1529900422542110727
1529900214429138944
1529899686500478990
1529897872635965440
1529867841784238082
1529867840295157760
1529867836918734849
1529806407352172547
1529623922257408000
1529603195021950977
1529603131541229570
1529602943078514688
1529602936032083969
1529602929145131009
1529601143810179073
1529601037727932419
1529601025392492546
1529596385275924485
1529596356511289347
1529596345719394304
1529595890175975424
1529587927021326337
1529583237437313024
1529564383961092103
1529545302348288000
1529541861534322697
1529524866545762305
1529522565038972929
1529522563654852611
1529502896685031425
1529492207660675072
1529482620060549120
1529481305959936002
1529209089301135361
1529194902831222784
1528854517227347968
1528853313818611714
1528853168590929924
1528852725341081603
1528851051335536642
1528118518348189696
1528022231003107328
1527696377177903106
1527696363114450948
1527419137135366174
1527418820775792657
1527418205416869911
1527418201042210850
1527390929002369031
1527389150239805442
1527388555349086216
1527388549661610003
1527372048997068861
1527371640782237717
1527342251558391813
1527342223972454402
1527342067193565184
1527339578452914176
1527281340919345155
1527026604517490688
1527026597592711168
1527026595189374976
1527017712672821248
1527000562969059328
1526980900424130560
1526977056738779140
1526904952685318144
1526681003934334979
1526657896737554435
1526640018663559171
1526640010543484928
1526639112069038084
1526608839973421056
1526538784078282754
1526347774509424642
1526347763746803715
1526326205963808769
1526189429743923201
1525831301193994243
1525223814430441489
1525222964169433088
1525221329447833600
1525197568669634561
1525191825669206027
1525180250765803521
1525180248463220736
1525157529537355776
1525143707271544833
1525143700145307648
1525143698735919104
1525142178548310018
1525141935945564163
1525141730206568448
1525141608458604544
1525106675031629826
1524882383522127882
1524860342177873949
1524854992695398401
1524854990812200966
1524838324917129218
1524835074977452043
1524835073861767182
1524835072414781440
1524835070363717661
1524830569263157254
1524819052870385664
1524817445478875138
1524817439325839361
1524817437719465984
1524798081006555136
1524797383061688323
1524796907310174219
1524759160369340417
1524509050611896333
1524502401717256193
1524502275506515975
1524489819052728326
1524480427590918151
1524473997760598017
1524454226188980231
1524444540442189825
1524429652047142913
1524429651128504323
1524429649123622912
1524406220974555136
1524406212279816192
1524379281257906179
1524187424112488448
1524146453282799617
1524146318045851648
1524133252528623616
1524115835534598144
1524115834519572490
1524115831646433280
1524100519752617988
1524100104189325315
1524100036384235526
1524098099106533376
1524097333423751171
1524094992360353797
1524092381607440386
1524085828804304896
1523775751589621760
1523775749496672256
1523775745188802561
1523775742944759808
1523331563244560385
1523331560962809858
1522695124920291329
1522693044545503232
1522692969530277889
1522691373916463107
1522690484589633536
1522690462569885696
1522615663516434432
1522615396062441472
1522614191835783169
1522612774744076289
1522612767294988291
1522612759460040706
1522612751214030851
1522349248687353857
1522349132534493185
1522335610891124739
1522327114560774144
1522327113256349698
1522327112249659395
1522327110584614912
1521979974558830593
1521973244382916609
1521973243435167745
1521973240645787651
1521925360740446208
1521919653433466881
1521839705016475650
1521571811091169286
1521571810025816069
1521571807370915847
1521559280159236096
1521559279211266049
1521559277344858116
1521540996261158915
1521531356362199041
1521531355561172994
1521531354701307913
1521531353212375040
1521531347268952064
1521321430968942593
1521320889362571264
1521259549973434370
1521232788447539202
1521232783783383041
1521205892036898817
1521205659492139008
1521205629553098752
1520461473646096384
1520434384624566275
1520124107769233410
1520123853883809792
1520046991262289922
1520027970508894208
1519773600588435456
1519765660162834433
1519765305375010816
1519765304435429376
1519765302501953537
1519765294776004608
1519750172649140230
1519749174811672577
1519749169535143936
1519749168541147139
1519706917714771969
1519705022627520513
1519703608606052355
1519703606370488327
1519702312129810432
1519673070453235716
1519384274348163073
1519354107454275585
1519282352626843648
1519071452510793734
1519063467831009281
1519031971493691392
1519027494187417603
1519022885322510336
1519021644802662401
1519021630512680960
1518666999651614721
1518657571271368704
1518613891403685889
1518613888899723266
1517573599426711554
1517573597216317442
1517534189909905415
1517257662014050305
1517253834510381057
1517253832790712321
1517235764278579204
1517235762755952643
1517235760587497473
1516903120986644487
1516865304227463174
1516864522971226116
1516864522157535244
1516864520156848129
1516864514943340556
1516864513596968962
1516864511365500934
1516483597217468422
1516146271442157579
1515759467803070469
1515759423460937735
1515073716430020619
1515022784841363463
1515022782136045568
1515018366582468616
1515015501470220293
1515012568418590725
1515012562051649542
1514677564656300040
1514623211983581190
1514619657910693895
1514604285006213128
1514603734285783046
1514603474020810761
1514603176707584014
1514588057818869769
1514574498900631555
1514286646312816654
1513969157871706128
1513969148933591045
1513969142356971530
1513921439426039816
1513893289518317572
1513629249642631169
1513618029069938693
1513586632632512517
1513226996213596163
1512846413197099014
1512842555104313345
1512838894055743489
1512838878067052552
1512797179060101125
1512533806540103684
1512531164774506500
1512530954606284803
1512483073539158018
1512415969230139403
1512179871790907398
1512155633927303169
1512155625249247245
1512155517417832463
1512155516105023489
1512155514163150859
1512155510316965898
1512141682250338306
1512138857030033408
1512138848230416391
1512131615304073218
1512127697224441859
1512103788349464577
1512103786663354374
1512054575787872258
1511821857237913611
1511821855660941315
1511811781949329411
1511799846004535299
1511799795060551691
1511773002983223308
1511772997429960709
1511686149051457537
1511450918503563270
1511450917161390094
1511450914690932739
1511450910383353868
1511427685377056773
1511427679391825924
1510301319487176707
1510001646495051780
1510001413321113606
1509925494304690179
1509892304831750152
1509636976122777608
1509627179793059845
1509627178513846277
1509616534016212993
1509582256825946114
1509582234520625157
1509580519373258754
1509580516193972226
1509525179243933696
1509285882280529924
1509285879973662726
1509258283986661377
1509202570199326722
1509198949151821830
1509153334091042822
1508934528634609671
1508919911086764036
1508906962209103884
1508903164212305920
1508900944284688385
1508900875607199764
1508838954820321292
1508838948595982344
1508838947769958400
1508836506793918464
1508793135798886405
1508557659963854853
1508467417143549958
1508429872112312326
1508100652492374029
1507719685487345674
1507417381064294426
1507417169306472454
1507413835908812800
1507383976599633922
1507057344793956353
1507048430711017473
1507048425182879746
1507000303253700613
1506728932355227648
1506718443126546440
1506712545561915396
1506712422144430095
1506702530805477393
1506683263368282120
1506661267817312256
1506650222495154187
1506650221257834506
1506642747150811145
1506642746328723464
1506642745145892868
1506642743606583296
1506383717983469570
1506376479415877632
1506360056106917890
1506026064795119621
1506023412845760519
1506020109386543105
1505960638027378699
1505960636681007106
1505960181124976644
1505955462558138380
1505955429351833603
1504930372039098372
1504897669633818627
1504866481363947552
1504839332380688397
1504828760171986944
1504547794643791872
1504547771910696969
1504536868599353353
1504524895648165889
1504501924934168577
1504501923524886536
1504471593929519118
1504471592474071049
1504470851319595011
1504453066099200002
1504195212683456513
1504183478123995136
1504183458318458880
1504182844297555969
1504133812254658563
1504132154975993859
1504127656798961664
1504121706520190984
1504086797030244352
1503837059894628360
1503837058367950853
1503806303549931524
1503726058436182022
1503475037017452555
1503472891022688266
1502426643482259461
1502409615094525955
1502378860691824648
1502378859672580103
1502378858556891137
1502290232225509378
1502055071709908994
1502043024087470087
1502036523113455620
1502015635936755721
1502004412096651270
1502003299918270470
1501961611317325830
1501961610117754882
1501922872150872071
1501676405851148295
1501620314370977793
1501562457889939462
1501317202665947144
1501316104202817537
1501263273756442628
1501255960014249984
1501250175808978950
1501250171908280327
1501197119331438592
1500925203475480580
1500834444130852868
1500834434173779968
1500834412459667458
1499826730462334983
1499826602900963330
1499817670929170434
1499787723619684352
1499750889623597057
1499455516657045511
1499455440291307528
1499444526917861376
1499437983245742081
1499402305342377992
1499116971064967178
1499107148684529664
1499100578378625027
1499098007257681929
1499083775392821249
1499056462022295553
1499003985583382531
1498868547140861952
1498868104763527168
1498864396453523457
1498864265368850438
1498860937109024776
1498857105197080585
1498852990949675008
1498850927834456068
1498850774071324677
1498848095148425216
1498843831915143171
1498775648567009285
1498774618500444163
1498771764402438145
1498763151839580174
1498325066827943936
1497252309457199109
1497249496597684229
1496869598427287552
1496676605808287746
1496609402245234688
1496598647613444101
1496500907676254211
1494764408475684866
1494740322735247361
1494451951706288130
1494412274735497224
1494358897028706310
1494050358951358469
1494034069943988238
1494024307651096576
1493995336121081858
1493966142624440322
1493718971689975812
1493697966074482690
1493681439287693312
1493340608081059842
1493294499589672965
1492981591475429378
1492616728748118016
1492235058538762246
1492230304135893003
1491886488648306692
1491851958751272960
1491829911266500610
1491791719242686486
1491559993371467777
