1534194917022519298
1532822394322264065
1532822306602504192
1532098711161126914
1532065624137969664
1531260430999601152
1531260316885065729
1531256271382380544
1529567084136497152
1529563190287380481
1529248359504027648
1529247599231893506
1529247281547034625
1528769990438047746
1527383696013045762
1527280203818745856
1527278961167945729
1526974900069613570
1526974668061679621
1526972084555235328
1526972039566966790
1526707308704718849
1526706861789089794
1526314576693936128
1526314522084089857
1526193154646499330
1525804710078423043
1525150311098331139
1525107231641022464
1524824718729269251
1524824604602159110
1524824425304047618
1524792167394381827
1524713516657168384
1524435307067850752
1524418921021026304
1524070297233727489
1524069575268216832
1524069098262519809
1523312367597199365
1522634910015668225
1522561233605611521
1522256856609177609
1522167023182258177
1521486150866776064
1521222381666246658
1521222359587426311
1520944775091961856
1519033371111874562
1519009057125945357
1518596322852585472
1518596189293268992
1518596021785407488
1516916215448580103
1516861496315293699
1516770054628589571
1515764687836749824
1515764561047179266
1515069065395675137
1514255042886447105
1513914554178318336
1513525493466902531
1512118753907073034
1512097525993545736
1512097252470317063
1512082266947608579
1512062044807184387
1512061936912850945
1511712332644339712
1511407501048270851
1511060598821371905
1511060209342599169
1511035051898806273
1511015550004211715
1510968481734344711
1509964798481645579
1509903378888941570
1509653270612094982
1508906093833076740
1508904211127455755
1508904130940649481
1508892771389784069
1508892731455721473
1507387037917216769
1506985456612909058
1506982411703357446
1505923733680275461
1505916193676447746
1505913643434659842
1504836675456937984
1504512981417275395
1504463162388668416
1504209786837123076
1504209759397941250
1504183350189334528
1504125550805274633
1504086632286326787
1504075664886013956
1504075619029725188
1503840626114273283
1503776440613052416
1501765185249419264
1501721601443835905
1501243212261998600
1501200861132955664
1501198458891509762
1501191188967301122
1501034339546681344
1501034280494977024
1501034131744075778
1499481911047204864
1499435922013790216
1499400422187888640
1499400387882733574
1499159692538351618
1499068005170487305
1498858748990926848
1498858635543334912
1498855110528675850
1498854450844381186
1498853178787475458
1498850392393854976
1498843804203368453
1498843219274178572
1498684213205389317
1498678223554682883
1498677912534495240
1498431796719067136
1498413362836873219
1498410283152330760
1498409187872845835
1498326104121171973
1497254745186000896
1497254691541073929
1496871078311997445
1496869950933422083
1495770275366977536
1495769629607829506
1493992595151892480
1493992537736065026
1493992439631294472
1493252446465974275
1491963304834654208
1491904086492561412
1491782477437980676
1491603387259011076
