1534647608827944962
1534622108772335622
1534621848264232967
1534621779318161409
1534604945865031680
1534575113705857025
1534551161038069760
1534263865156026370
1534231857231024131
1533913648032276480
1533913276043493377
1533896245986615296
1533821285607825409
1533133493554790400
1533093587889573888
1532757876598521857
1532757874581069824
1532750045233152011
1532750032109199361
1532749977285496832
1532718474346344450
1532717246275100685
1532491022420398092
1532463427398033414
1532029434978508800
1532024009931558912
1532003528335663105
1531796569799933953
1531796560891232257
1531689766667923456
1531687762730139650
1531681701197389825
1531681585371746305
1531251442660659205
1531049673754042370
1530556558324686848
1530216098209189888
1529902452916600834
1529466947997421571
1529210548151365635
1529163397555793922
1528793173018951682
1528727385935597568
1528725111058087938
1527984289819893765
1527743447360217088
1527666030151098368
1527333758604824578
1527307855727951872
1527293417637781505
1527293388373889024
1527293363250032643
1527286160812171264
1527049980007092225
1526988840195477508
1526987156224352261
1526984409580191745
1526984128821854208
1526983961590784006
1526983372505071617
1526978599860977664
1526971613798965250
1526971213553229824
1526959669092225025
1526956743108055046
1526952286878146560
1526951014942879746
1526945434341625856
1526941862682148870
1526918289154252802
1526668529638035457
1526644984186814466
1526602064566046720
1526313654961983491
1526273139423993861
1526270660665913345
1526215653660688385
1526205395248857090
1526196481518194689
1526191220069892096
1526189796078542850
1525962619714150405
1525660236794716162
1525597397052755975
1525596440940118017
1525486271547719680
1525457030353395714
1525189561269293058
1525186576489250816
1525185451711254530
1525171690162032640
1525171422103994369
1525148519937474568
1525147746600161280
1525110755695140864
1525097743433211904
1524857724370141206
1524849594948911106
1524842813250228244
1524829418300096512
1524829389120323585
1524817868231172096
1524813484533350400
1524813460714012675
1524803104897740800
1524803065479569416
1524803028284592128
1524802989919285250
1524779899940110337
1524779022244270083
1524760995234725888
1524745467950780416
1524736720046075904
1524726171421794304
1524569702638444544
1524567613132660737
1524537113798189056
1524536894289321984
1524536856175693824
1524524275276914691
1524519522115461123
1524506558088032257
1524502853984866304
1524484833417781249
1524483399842476033
1524471777438711809
1524443626566205440
1524416821713162242
1524411079761276928
1524198850705174529
1524184009659629569
1524142509252915202
1524125517485641731
1524123677825986561
1524076901115047937
1524057994773901312
1524030372190769154
1524030338292490240
1524028246353920001
1523736936179208193
1523731099301543936
1523708164168126464
1523676964137017344
1523308402264317952
1523287533328601088
1522989132359688193
1522600632661725184
1522579646365249539
1522332867048656896
1522332301656567808
1522278130177691648
1522180755178274816
1521948200957100032
1521886128999174144
1521877014688546816
1521873954310434817
1521840273772486659
1521607576982544386
1521594584924577794
1521590809140908032
1521585291441709056
1521570729048920064
1521570330254491649
1521570310721609736
1521569028682174466
1521565663248191490
1521557027222392835
1521545022390382592
1521540897200123906
1521540811757961217
1521540709165248512
1521540616097873921
1521536210484748290
1521536147146608640
1521536125994774528
1521467365443219462
1521310192100642818
1521310190359961600
1521192470180159494
1521171813967007744
1520452737909112833
1520147808426340353
1520094941120282625
1520078583544307718
1520057966636019712
1520050232834371584
1520042294291881985
1520033504259723266
1520023147935932418
1519772325029236736
1519720890421948421
1519717221483917314
1519715979361755136
1519714658818609152
1519714004356194304
1519713898466877440
1519696709886038018
1519693726498443264
1519693619099312128
1519458683490553858
1519439766961405959
1519416877470134272
1519403032219459587
1519342989885288448
1519315392111550465
1519152213519704070
1519072586176552961
1519054284305883136
1518661850681982981
1518651937692033026
1518616482367823872
1518322387300855808
1517853376217759746
1517554570746118144
1517549935084052480
1517520970889768967
1517520848374145025
1517503650054250496
1517191180085301248
1517175473603756033
1517161285858824198
1517137455463415808
1517123789703819264
1516848306525282306
1516832901219995655
1516830436839804930
1516500145617129473
1516478065127395339
1516425475769446407
1516154394575790081
1516154128170377216
1515699037961392131
1514971180905779201
1514971054749458436
1514970920431099910
1514970806253670404
1514714556018438155
1514689504854036492
1514622000760819718
1514246735769575434
1513884587700768775
1513879172128686086
1513638556031463428
1513588756577665028
1513523940299358212
1513501165106909191
1512502822406959107
1512472115882172416
1512460262460243973
1512154385459126279
1512150799400460302
1512149137722064897
1512148261162958852
1512111191941910533
1512091866359111686
1511847917346295814
1511842054644580356
1511830913113595904
1511788240956710925
1511751189523746816
1511750272489598976
1511750241250332681
1511750196392255496
1511457349462114305
1511434381033934854
1511423512489209857
1511423510752763921
1511423508177465356
1511365886111883274
1511363861097725952
1511356305872760833
1511101996891357190
1511036144028459010
1510720417681526800
1510305711716249610
1509920432044003329
1509880213873831948
1509652951341613060
1509625244260179969
1509612746438021120
1509611596565434372
1509608447083528200
1509601692815347719
1509563153843200021
1509558850625675266
1509540601217400846
1509274030515404815
1509239469060370438
1509231309373296643
1509228258595942407
1509228076785442823
1508923480191950859
1508819503307702284
1508562606616989697
1508552043409121284
1508467070417186829
1507790371769696274
1507427526787883009
1507393671477538818
1507133480374837254
1507092413243871234
1507084772547477504
1507022214213820416
1506984150993096704
1506973713668976651
1506734807807664129
1506706001764167681
1506697081272078336
1506680027534053388
1506650528809369609
1506611720181145610
1506287715494596615
1506284644106440713
1506267482163761159
1506261232453623814
1506261189503983618
1506225969165750279
1505973799703003141
1505948064909037577
1505918365340213253
1505151359955480578
1504890557763661828
1504878143630413827
1504573129577930758
1504572596188332032
1504545812088561669
1504544104973320202
1504533055788261382
1504495797630607363
1504489589511233541
1504488577786339332
1504476287527653378
1504469893550280707
1504461994430238724
1504456113848209413
1504456059603369985
1504207538719449098
1504198010456186880
1504197605571633152
1504197117623083009
1504153491954192394
1504145215803826178
1504094339118551049
1504062315599179783
1503845928603635721
1503802339056046089
1503785296437125124
1503760522398900232
1503720121893797895
1503459368033001476
1502366681401802752
1501987787804921869
1501966559140589575
1501935632104378373
1501675185870716930
1501659486674694146
1501649580135522308
1501614024177471498
1501603738980605960
1501596604175986693
1501595647383941126
1501595039188848645
1501594832460042249
1501324350997344256
1501313867732996102
1501266850017001473
1501257041393897478
1501238580945068043
1501236015809323018
1501219762906484739
1501186130397515776
1500926845654650892
1499806334094655492
1499461035274776578
1499451480641789953
1499444024792563720
1499432373670359040
1499397291756560386
1499395960186671108
1499395544422232064
1499155090908848133
1499072393406525442
1499027587846262787
1498876702184857603
1498858567528587268
1498852419576414210
1498851008147038208
1498846757970751489
1498843923636269057
1498839503578017792
1498822051100045312
1498809261794725891
1498795330502111236
1498792406233325572
1498789059128352770
1498772779122008069
1498759161584271361
1498748914534600716
1498738240966307844
1498729831986614272
1498720318596210689
1498711338700447747
1498710167751376903
1498709615973969921
1498709446524129285
1498682334538776577
1498678616749748235
1498650070891130883
1498439331211583492
1498431042465767431
1498412808928735234
1498404802325270532
1498014438561091592
1497038396623101952
1496905628505280520
1496857289348853762
1496704166097473545
1496574820745723904
1496234599881584643
1495781047967129602
1495780960020930562
1495780709428043783
1495780493073207302
1495780190450069509
1495779952620449792
1495779780393934858
1495779478878007299
1495779250162573312
1495755732075040770
1495214892558831617
1494754116647665665
1494697317911470082
1494427124786253825
1494363527448084488
1494362761563881479
1494335831833649167
1494314948456960000
1494072087425830915
1494051295229091854
1493998112012128262
1493964879614689283
1493693688769249280
1493677070328774665
1493605029579837447
1493323483924811779
1493281000859877377
1493245432142643203
1493228646579982338
1493215870306422785
1493058442810040323
1492938033854877707
1492889422739779586
1492558757297074177
1492309361246588933
1492236279366533123
1492175915480195076
1492175812002516992
1492155442998530049
1492141980184371210
1491885186518237185
1491885166217908237
1491829799718957058
1491823515288354826
1491799049753677824
1491791343504351237
1491784029632438277
1491554852962541570
1491554838928314376
1491547095081361410
