1534665400423796742
1534662381019734017
1531713207412334592
1531261165380182016
1529644860864593921
1529187943230889988
1529187941599301639
1528739958256812034
1527664646467067904
1527307619219775488
1526710332093251584
1524388321757175809
1523321696513626112
1522339870043250688
1522263057266786307
1520088298026328064
1520029470203289601
1519447449600995328
1519352008595095553
1519352007118798853
1519321621080780801
1518002442620870657
1518002441161166848
1517164898215763968
1516082766437310484
1515681396987240457
1515030497931542536
1514607990245978127
1513933939869638656
1513899702995070980
1513531558426288130
1512080315094732815
1511728208718311427
1511101182508478471
1511077669009514502
1509914100024983565
1509914098674319360
1509914097395150863
1509914096141049859
1509285972286058502
1509204201951354888
1508846870642180098
1505023187259727874
1504910177207730178
1504485675738886153
1504200624291958791
1503775426904313861
1503045987148963854
1502020891047309320
1501758021998977024
1501758020753231873
1501758019205541894
1501758018047856642
1501758016261177355
1500931495929782279
1499819315016650754
1499489055729496074
1499489054689218572
1499489053506424838
1499475695969484801
1499455983386513417
1499110302377512963
1499039598370033669
1498792840536727552
1498681725911773184
1498403886398332932
1496966645402722309
1496518851349127171
1496500710430629896
1496169513158643720
1494744014486134786
1494460575920889856
1494418912125100032
1494407568185249809
1494407566960513027
1493683160151990277
1493341179815120904
1493341178376425475
