1534638973561327616
1534568296091160577
1534531191428239361
1534251398119972866
1533883169035927555
1533870948729819138
1533870837270552576
1533798030431985667
1533638215319576576
1533625680730083328
1533260058422759424
1532389089223262213
1532021401128935426
1531685043143421954
1531684298071449602
1531627807603838978
1531429096059699201
1531403768750915585
1531292728050520065
1531284172639199232
1531259685503893510
1531253282349453313
1531253198564085761
1531253089788911616
1531252992304943104
1531252898612535296
1531252779406196738
1531246825117728768
1531039006355599361
1530379582544543744
1530301036669329409
1530262567679049728
1530249100599476224
1530244551675457536
1529829975360253952
1529472606474276872
1529471500281167873
1529269093374775299
1529269090895941636
1529151165254053889
1529149651089248259
1529140786532700160
1528850013727690755
1528822912119193602
1528821648778047489
1528814265062379520
1528786440947212293
1528743009575108614
1528732052891344897
1528726281696821248
1528150653008232449
1527679554474713090
1527389883685388296
1527329485913210880
1527313128077131776
1527308655234007040
1527280734104190977
1527252737783644161
1526957430810230784
1526941961818673154
1526940949930205186
1526921525705822208
1526901149177110529
1526880908858511361
1526692530229854210
1526662256569769985
1526619808913010689
1526611389900632064
1526590900482326530
1526562631468863489
1526238183746420736
1526232575202807813
1526208729057742850
1526206299549179910
1525885953524568066
1525522091717627906
1525508020154802177
1525501163612917761
1525453096180146176
1525267688360235012
1525229582739247104
1525156421964337153
1525125277713678342
1525098804919279624
1524877576015060994
1524831867354107914
1524777801311731721
1524777544268103680
1524774894084431872
1524517601816236033
1524473699616837633
1524472375261253632
1524415282395111430
1524410271745388546
1524406927903580161
1524405128945672195
1524399655047602181
1524387561862533120
1524156566060023808
1524096417442279425
1524095801248690176
1524049131941081088
1524044259585839104
1524032674960232449
1524017242832318467
1523849241642340363
1523790869287305216
1523713156153069568
1523695722264416256
1523688236463247361
1523349949424934912
1523311076686843904
1523077141851566080
1523024026645544960
1523009043518083073
1522604826726703107
1522572287240769536
1522561221207203840
1522377596557836288
1522313237177552898
1522308399429390336
1522297579966455810
1522291598134071296
1522200620261851136
1522150358436384769
1521931975006826503
1521874690800771072
1521639036108091396
1521590181073244160
1521588975953190913
1521522320455749633
1521517437597802498
1521477143292751875
1521416774528364544
1521174359800532993
1521158451505815552
1520902615663792128
1520902460759588874
1520819995332288515
1520818495159689216
1520541022102634496
1520470279675392000
1520470165191741440
1520469954729955333
1520451366224867329
1520203762098667520
1520143256666918914
1520136582031941634
1520135079175110656
1520131918620209162
1520115098987208704
1520107898457796610
1520024550783733761
1520021139510251525
1519786660862603264
1519761781798969344
1519697117278834689
1519695272997277698
1519441556876443648
1519404475034836992
1519393123662708742
1519351186436104192
1519314113725440000
1519299856631799808
1519154439105429504
1519135492742254592
1518965981577728002
1518734099216617473
1518678217569226752
1518671321730846720
1518421822278148097
1518415887098945538
1518391842206732288
1518381277409423360
1518032122920984578
1517964661349568513
1517964586833616904
1517964490117107713
1517964294679404545
1517964205575573504
1517936340947644421
1517930049827188737
1517923346914197506
1517911897072357378
1517635859696308226
1517590071213445122
1517184356237852675
1516889145595019271
1516825924704124936
1516820397076803590
1516808068776042498
1516790037811146763
1516788024440328194
1516784675666202628
1516770338893357058
1516755845140340740
1516466525095481344
1516186334217613314
1516152424230174728
1516147558472634382
1516102878074744833
1516080563676930048
1516066845048164354
1516061842191310850
1516020955746910211
1515747711701684230
1515694465364676619
1515449988830138369
1515402834963054597
1515360910881312774
1515332745861476355
1515332745018363904
1515332743701356551
1515165471137480704
1515133524323573760
1514995071187308547
1514991332670021641
1514941861592506375
1514765348687523844
1514757713233944577
1514680135181549570
1514676426435399680
1514676165755211779
1514661314412560394
1514651289870913538
1514629016665399304
1514618481769025538
1514616969240068108
1514600495003799557
1514599436374085643
1514584130339721223
1514306391011381251
1514240786442948611
1514001012935348225
1513994055025319936
1513943531257098240
1513940511937089536
1513935380252401674
1513916765704802311
1513867428777938945
1513811663199240200
1513547819629621253
1513542391810207746
1513529715214241802
1513525374038249481
1513514623563177988
1513500369732653060
1513497988387201029
1513287291447435269
1513201722629533703
1512925120133795840
1512874564556099590
1512867778327457795
1512852771699138561
1512528206015782916
1512523600439517186
1512509591510257666
1512501781661638656
1512495863712600077
1512495582836895751
1512467807396585474
1512465608906088450
1512447826512465920
1512435483204374538
1512432717216067590
1512421523537248260
1512405330910666756
1512270627641737228
1512249014980423685
1512177026412728323
1512175950431141896
1512170850530721816
1512168115861442565
1512158268780544002
1512047002674159619
1511854197523849223
1511823701217615875
1511791472625995784
1511774454539591689
1511739963045556227
1511700789475131400
1511692756581769224
1511684878747807752
1511661713409691652
1511535054261993476
1511500991874715652
1511498977287491587
1511495083606130689
1511459916657020929
1511454096787750918
1511453372922023940
1511444816902561792
1511412262707339271
1511361004092985350
1511343150614335489
1511337190994886663
1511329309046280194
1511323530746601477
1511289524135112709
1511154608667873281
1511115075570089992
1511069917277306888
1511044656100003850
1511043100780773385
1511035298750386185
1510963658456772610
1510800557128265730
1510784217726263301
1509970099779760132
1509961543114375169
1509959247257382917
1509949744939995136
1509924804413075456
1509886906972135424
1509871301690904586
1509871164151275520
1509862374358110237
1509843680911319042
1509624826918543377
1509622219412021248
1509609767613915137
1509603473096159232
1509267973000683521
1509262416089169929
1509262243963322371
1509209580030603277
1509167652102709255
1509155450121592841
1508877189839831041
1508876168723943433
1508869723974471683
1508850503047864327
1508808438972833807
1508547952939347980
1508456037120102404
1508247586595028993
1508246646613815307
1508238905375657984
1508218717708107777
1508108183663005712
1508108172556390408
1508087175551795202
1508077617827782656
1507777808071856133
1507728315032952834
1507726776310669313
1507503545578315781
1507502778045894668
1507490212817088513
1507379350294958081
1507372209173630979
1507338080189042693
1507168136461647876
1507024691835244544
1507002293928882179
1506979393360437256
1506971340070342660
1506943095924998146
1506791528378810370
1506789574139330562
1506762715108311040
1506751832353296389
1506724583331803148
1506699804075724801
1506666041124048907
1506609449301073923
1506603324854120455
1506335602110873601
1506083560129802243
1506080268490264588
1506018130535284736
1506014983536189449
1505933955228475394
1505925503508791296
1505915828557996032
1505904677711396871
1505698601808318464
1505591171321581575
1505533280497643524
1505283799839559692
1505274626850578447
1505014265694105605
1504964144071593987
1504951557795860481
1504933450238812164
1504899940904058888
1504897355224604674
1504870597255389186
1504819725855035401
1504763569111506945
1504622765646794756
1504604548916293635
1504588638960726018
1504565859859279873
1504539352029925384
1504488917675905029
1504471573427736582
1504461053136146435
1504460292272672776
1504449724736323585
1504382029189697540
1504296854003064832
1504242694989697025
1504200877019697152
1504157549238513664
1504154054041247745
1504153825409699840
1504142962640437253
1504090821502640140
1504090063793278984
1504070879625498624
1503913935946321922
1503824495081107458
1503795575401201664
1503774897000038409
1503728716433735681
1503536461617922050
1503511359060910084
1503480401376993280
1503478764289859589
1503460524289368064
1503446383445123080
1503439351698673676
1503359257852448771
1503354780982431748
1503347710103113732
1503170666505383941
1503159049428348932
1502983771137748992
1502955126721376257
1502811726332502018
1502810392086650883
1502629165719343113
1502344404811538435
1502330850989461510
1502330280132161540
1502064759398617091
1502055196112957478
1502048472194768897
1502032586994077697
1502027183799377920
1502013118054125575
1502011857833537542
1501994975554326535
1501982316062724099
1501981970909253635
1501979318427303939
1501915256708288517
1501794599215501313
1501738633904242692
1501716536666562561
1501665889686638596
1501664371260329985
1501659813599748103
1501620242186965002
1501611274492207105
1501583768360001544
1501570754042683399
1501565220698869762
1501556278900011019
1501377543517179911
1501348983100170241
1501331050336858113
1501292444532543493
1501279089096900608
1501229183783301122
1501024193172983808
1500898557708185605
1500863615087357963
1500863454625865734
1500847192487116807
1500834336072949769
1500816759166754819
1500816046986510336
1500805642843561984
1500680117286322178
1500639607498711043
1500617678624542727
1500591963892068354
1500583859364274180
1500559563053010951
1500559491905032196
1500520263665999877
1500455442023133188
1500313116571312129
1500248903454793728
1500195292892864514
1500172092268060682
1500149791564734471
1499928033981087747
1499922876673232906
1499816052569554952
1499807368409927691
1499747077617856512
1499573619197890569
1499544798507769856
1499523465170370564
1499512441641660427
1499506726663503873
1499434889975943175
1499417451066449925
1499414005554847744
1499370556654862341
1499369076002594816
1499243965731770369
1499106663927791621
1499103219246673924
1499098471697166346
1499031059232702470
1499028811983339520
1498990962319798276
1498982888745930759
1498872813209460740
1498858484913295366
1498853583369998343
1498842173651005442
1498810504554647555
1498769256414130177
1498768207829741574
1498762419614760961
1498751897603346436
1498710785404583945
1498684486011146240
1498670287310704640
1498665916783108103
1498491547666558979
1498476991334555649
1498470576247250947
1498463417149054994
1498388627914727425
1498322004893741057
1498308658794532868
1498306585428430848
1498305454178512896
1498273156649394176
1498083264740921345
1498081241807175684
1498047791867727872
1498043008595345410
1498034550714388483
1498003564051918848
1497977092587331588
1497942538942042113
1497931209942392834
1497928391688867845
1497751060257120258
1497742820559527945
1497741997536432133
1497726816223735813
1497716220094783493
1497714210414997510
1497694888778940420
1497688665090318341
1497673006235062272
1497661876993511430
1497658866582097925
1497609254588633092
1497596409670995970
1497406054883278850
1497387215793631232
1497366026870165506
1497342872730976258
1497324174968336393
1497297755391377410
1497210020366147591
1497203865489313794
1497201537885507589
1497160858400665625
1497046646106083329
1497022506590429187
1496950259486007296
1496897460530077698
1496895195673030656
1496893182704963584
1496891769891471362
1496886760130940935
1496886749674590214
1496886739394531328
1496880106127736841
1496821729313832969
1496814371883958272
1496779432513708032
1496719558337519623
1496718695460130817
1496700518978183176
1496668466832625664
1496645251120906242
1496569942963269633
1496562755280715781
1496546890590138371
1496545532499664896
1496544846252752906
1496502687600361474
1496293147076354050
1496257683346931714
1496250952726188032
1496250067166113795
1496250057095630849
1496196592478605314
1496195649691389959
1496195249449938946
1496129332762263555
1496129218182275073
1496117677055741959
1495961458861092864
1495934596415995906
1495921237024989194
1495901095004184588
1495881621207199750
1495867416928301063
1495862417791852545
1495851662174728193
1495773554628968448
1495767433717682179
1495765756247785476
1495728432176668674
1495459059381805058
1495457671465558017
1495421159059468295
1495111348132458502
1495058352535220225
1495058329307168768
1494846375779045381
1494733620975742978
1494711121265274881
1494710778607423491
1494710763872739332
1494710747938627589
1494698681697767424
1494673154014330881
1494369431497105413
1494355273615556611
1494347459815956484
1494325471818907654
1494132133752983565
1493979365230718978
1493976496154816519
1493709667243016197
1493631298610634755
1493616824025595904
1493613859038539796
1493594152453517320
1493590721126928386
1493552560703254529
1493297741027442691
1493292708013637634
1493291453031854089
1493283269047033856
1493278359589199877
1493268416433643520
1493231914664304645
1493059563259674627
1492910748460273665
1492903162935660549
1492512898798833664
1492215438440386574
1492165178305269762
1491940883280846849
1491913951105490944
1491858054631104518
1491843710245646341
1491805768680710147
1491615513616822280
1491599518231666690
1491541166453526529
