1534578611545690112
1534549753886912512
1534539838497689602
1534308976745140227
1534281093175721984
1534214037252235267
1534212796556132352
1533875877104259079
1533835221166084096
1532800687825895425
1532753417323614209
1531734270955470849
1531265647585411072
1531265541217869824
1529572730584047621
1529572728994398208
1529572727467786240
1529572725852880897
1529572724271730698
1529572722283532288
1527292469729447936
1527012917794725888
1527012692149649415
1526978563194466307
1526961764826480640
1526955071451410433
1526916116018233346
1526607384088649728
1525862315513593856
1524404683619639298
1524374091645472770
1524015029053444103
1523734756231639041
1523277894541529091
1522570650191384576
1522203838157144064
1521916662701830145
1521847834047303680
1521554655565783041
1521527694801973249
1521197794282901504
1521143842573008898
1520064376685928449
1520061942571933697
1519773158919843844
1519748049261805568
1519687229324541953
1519687167668330498
1519420703547789314
1519357824928727041
1519301208904663041
1518945944242466816
1517548358096797696
1516774300593893377
1516464867875729409
1515670924011442182
1514970396050788363
1514622035489660931
1514282653335367687
1514266558218084354
1511774696517345290
1511702984702496768
1511463260310155269
1511461635650736132
1511424408862269445
1511400774395432969
1511360671186923524
1509517317067227141
1509159896629006346
1508869064474693635
1506720800279351307
1506268337281589255
1505939680306552839
1505916204430540800
1505165515156860931
1505165513302974470
1504851419773476867
1504828240711532548
1504454406183571459
1504196860575199232
1504118629335511052
1504115624771006467
1504102767979372545
1502291684796870658
1502010651341959174
1501983648081453066
1501636649423417346
1501597771085799427
1501597758335197190
1501256095846653956
1499764250931343371
1499433093001850881
1499019965877440520
1498791945736491008
1498774380620521477
1498751565942960132
1498750733830828039
1498735833800744963
1496940579099496448
1494682552979935238
1494335094164623362
1493976595505233920
1493657862962352135
1491794396420796427
