1534605679549349888
1534535764654055426
1533873963448901636
1533873767654559744
1533833877567029250
1533833763402162176
1533099488860065794
1532794007323033602
1532793868919394304
1532759521805869057
1532759297461039104
1532729574429188096
1532729498688536577
1532430984183959561
1532430843507052544
1532415376394539008
1532415375530512384
1532415374192517120
1532397235283054593
1532397001802977280
1532368066985742338
1532367879357743108
1532066787033944064
1532066664296378368
1532035966986244101
1532035812677849091
1531710640863297545
1531710496554074115
1531671440633876485
1531671265081270272
1531643844332343296
1531643626412965891
1531385557057736705
1531245431308447744
1530568968746020866
1530248263651274760
1530244784539025414
1529823723225698304
1529554364129591296
1529506876680978432
1529490481624784896
1529210845770694656
1529210844403355649
1529156485724397568
1528806342584147969
1528790763005411329
1528790494096068608
1528757280656740355
1528757140852293633
1528725888615034880
1528712071973683200
1528711819128455168
1528379151173832712
1528017975403495426
1527740628938788864
1527720466022014976
1527387470303612931
1527334446688395266
1527334438153007104
1527251178316345345
1527251172985298945
1527047358164377608
1527032396624842752
1527024051360878596
1527007285033189376
1526998154960416772
1526964394193739776
1526949711894151168
1526924694233939973
1526610498019467272
1526592374796951552
1526309555860393989
1525491799799869440
1525156872096993280
1524831578865684512
1524796288591704067
1524415397038104578
1524104421172555776
1523674660868870145
1522680294628864000
1522677717388382214
1522614164291792896
1521906365274468357
1521906361755394055
1521906359511490560
1521906357934436353
1521891630034341889
1521571429883564033
1521571149779542017
1521553660421058562
1521553658655219719
1521553656570683392
1521492553945780225
1521492552498786304
1521492550984650753
1521182538097696771
1521182310510571522
1521182046500052992
1521159579719110656
1521122172118482944
1520123711281577986
1520072252431163392
1519749183049068544
1519697296308543489
1519691714725826564
1519402301378732033
1519352685010509825
1519040268770684928
1518651561836175361
1518616483445813248
1518584771500249089
1517867531540774912
1517584135501582336
1517584134549422081
1517557654692024325
1517557652695486466
1517552628791664640
1517543729627901962
1517531707142021120
1517520682955026432
1517509126632448000
1517499697379819520
1517499233317883905
1517183346278871040
1517173131319910407
1517172914415714311
1517172646525419521
1517172447014965249
1517172258082545665
1517172029476286465
1516830860129013769
1516774934068015104
1516520092749766662
1516045897272021001
1515690794392252419
1514977343651024896
1514625334959878152
1514603811830001664
1514271734932910088
1513896264693338112
1513521394432229378
1512790623530754053
1512465521299673101
1512436490168639488
1512140091178766339
1512109122996551682
1511825956910084100
1511795181208674313
1511771629872943108
1511766550088499208
1511361168383823884
1511085204198334472
1511017606857302016
1510996299545468932
1510596856283344898
1509892336876089351
1509631707334520844
1509599439173783563
1509579309656252425
1509240182217875457
1508875480824520717
1508452064749359114
1507734665116987392
1507377679573655582
1507018631888179204
1506657302526390272
1506656723452502026
1506301346567409664
1506284569800192008
1505944832295981069
1505921740572143617
1505177010242473989
1505169356388454402
1504889482914541572
1504545370671624200
1504471222855163912
1504449705639653377
1504179344452866051
1504142881921056770
1504106457167446029
1503807686646894597
1503747512561246213
1503404529995374597
1502990391691431936
1502362865415692294
1502305720896794630
1501974034694782976
1501582434428727298
1501563551445663747
1501260389878751234
1500897034055921675
1500489745402638339
1500102945160978433
1499848177922543620
1499430337453113349
1499395029512691712
1499130840374202374
1499096132370288647
1498871360034160640
1498858613410050049
1498838295253557251
1498397464830922755
1498357021682372618
1497944970522775559
1497242180838170625
1497230218343464962
1496900475433721860
1496899902160482311
1496899013844639755
1496523372813070337
1496137072628969475
1495751790138171397
1494702425005043716
1494681540143501312
1494327959716388865
1494053879838826504
1494041271014510592
1493990908995543043
1493952917023375360
1493638153902645255
1493623955462455298
1493600347654397955
1493313647275384843
1493272181610008580
1493226566939299844
1492944127561977859
1492906066941812745
1492870733982220288
1492593499522355202
1492484833074896896
1492484831850205187
1492188105989885964
1491866560503300103
1491848189577547777
1491834852005404688
1491780531868123141
