1534645484475785217
1534620696080486402
1532807691307040768
1532410238564966400
1531996702386929664
1531996700809863178
1531275047821877251
1529843581321617409
1529811909888851969
1529582703720419331
1529570017364348935
1529562449703223300
1529562405373722626
1529562327363756032
1529233116195438594
1529233114962305024
1528757939938332672
1527814764759482369
1527330848210444292
1525177998617583616
1524855432917008403
1524826205291270144
1524788114799185920
1524785212147879938
1524737308334907395
1524495293999419399
1522641745204424705
1522628240409600003
1521912944187277313
1521861346274521094
1521599398505074689
1521599268552912897
1521589383584956416
1521523954053226501
1521523829960593408
1519770411311026177
1519414704631861251
1519413306309627905
1519362845133185024
1518755443086135301
1518612154064191488
1517514224397950976
1517219133770899457
1516886473097809925
1516813367738044419
1516813366559494149
1516480566014754817
1516128953735471106
1516091779010998274
1516063315721699345
1515690441991237633
1513978801599877120
1513894764546043910
1513329632132702210
1512503677159944192
1512057045268189201
1512056985574912014
1511738396158402572
1511395795236528134
1511387967331438593
1511147136787927043
1511041087393173504
1511040974226706433
1511011264109109258
1509944824920748037
1509923631526260743
1509725505427316736
1509663749975810048
1509591010241921033
1509532855545778177
1509532504453120000
1509172051722002436
1509171932633223173
1508886841428226048
1508544101993623554
1508543910309732361
1508543665022677000
1507009424228900873
1506734371751043072
1506459709330632716
1506367141595037712
1506334915683659780
1506334040768622600
1506333974297198604
1505007292722388997
1504824549187145730
1504554742235684869
1504463291321573384
1504210386165370893
1504210269383413764
1503740769517162496
1503727746123501568
1502389009133326345
1502358086543192067
1502328933034954760
1502311170333630465
1501948137308516358
1501948093427683329
1501728071338110979
1501229611610705920
1501229609530302464
1501229607294410755
1501229604484583426
1501213454019010579
1500976711923609610
1500975468928983042
1500973748689776642
1500906526084636672
1500266921706590213
1500266786100596746
1500266703514738692
1500266571905839116
1499791707499606021
1499576749264449536
1498840548899274759
1498840031498326022
1498839885247041536
1498015748492599297
1496932292622786561
1496617050080436228
1496506613812932608
1496197804745703430
1496159483617320964
1496159481989943300
1495398739355353097
1495136506050224134
1494336493707411475
1494042990138040321
1494002930395013122
1493997961998647298
1493307964014448641
1493266455328133120
1492565667836567557
1492229469289033738
1492215085162500098
1492213591520468998
1492160147505954819
1491888004830486528
1491886676314099727
1491839749635686401
1491833566266892288
1491804466122833920
