1534685001236811777
1534606036753162243
1534524268779819009
1534524266871398401
1534313124840472576
1534297451359789059
1534297449971466240
1534293394507321347
1533898521278939136
1533846881872265216
1533492544943824899
1533492537096392704
1533492529303375875
1533492520512020480
1533069967813398528
1532818408315707392
1532818399524536321
1532764440822575105
1532740893530198016
1532449500698230804
1532412076731338753
1532412074487336961
1531262148269203457
1530929136532856836
1530929132967628800
1530558001060491264
1530281939197779969
1530236501237301248
1530236498456584197
1529932503443816472
1529932499157237768
1529897989829013528
1529897987220152320
1529580515266809859
1529580513551327232
1529580511403843585
1529232812213440513
1529118523217305602
1528874665447407617
1528874654248710145
1528865383670722562
1528839185859235841
1528466908093337604
1528434515911135232
1528052248374398978
1527775423089762304
1527758752946040832
1527406492608958465
1527385353878786055
1527369597430923264
1527045362766057472
1527028501550813184
1526990501336993792
1526963574052007936
1526730789974462464
1526712415467053061
1526621319072079873
1526567212173123585
1526345183222284290
1526345181783642112
1526311528038731776
1525853529784692736
1525487094856093697
1525242483160059904
1524909539039977472
1524880449348198419
1524859858339741700
1524528780110225408
1524513150451818503
1524497078583545858
1524497075655921664
1524409446822293504
1524409315053998083
1524077053644992512
1524011865667522564
1523790504869400578
1523764484736577537
1522711725761765376
1522320245263941632
1522320239974883330
1522202283035009025
1521957821243445249
1521957817774657537
1521923131971149825
1521923129672704001
1521876302273208320
1521640351278243840
1521604514301759495
1521591190726057984
1521591189400698880
1521591188041654285
1521591186603089920
1521269314933956609
1521269311934971904
1521230141166440448
1521230135613181955
1520834940501438466
1520438879085547521
1520438876405391360
1520091296655982593
1520014328107311104
1519828559212253185
1519465919629565952
1519446290630909952
1519316221224796160
1519300593155776512
1519086036344877056
1518705973258592256
1518705971106926593
1518705968288256000
1518688800846893064
1518258699864793089
1517950809186750465
1517597172832911361
1517597171444551681
1517597168722497538
1517208890399723521
1517208879674888200
1517208871672201216
1517205822538924033
1516858170647457798
1516802061505122310
1516802057549791237
1516521660823883787
1516521651910975499
1516198176075792389
1516198169977233417
1516198167485759489
1516175671025938442
1515675946614894594
1515366910229065732
1515332661098782724
1515332659840528394
1515103173135912960
1515075815440105479
1514765446909677576
1514744521376116739
1514722896274464771
1514722884748521472
1514722874497679360
1514722868843667457
1514722860463501321
1514389963567243269
1514381056190947328
1514381054198571020
1514348646506061832
1514348644740259848
1514330256961855496
1514009214498349058
1513976246878842888
1513950362503417857
1513950360238542861
1513869904574918657
1513869902460989446
1513677780193464321
1513638860814794757
1513638855597084675
1513638851344011272
1513638846214377478
1512852818373361667
1512504079033016329
1512504076889690115
1512418231046262788
1512170334539108356
1512170333234683906
1511867618260627459
1511843443491807235
1511822304002678786
1511787323389751299
1511487598606393349
1511445370643132416
1511421244683563015
1511384718369075203
1511322489456103426
1511112627665088514
1511097991851089924
1511036534987886598
1509936314468159491
1509898704202915841
1509605936041766917
1509595203602161676
1509567781037121536
1509527730026471430
1509327113106518016
1509275083239571465
1509155220311453701
1508925843904634883
1508925841128013829
1508895348558860304
1508785543961841667
1508578126065979404
1508578123822022672
1508503017590607874
1508503015141036040
1508092729099653126
1507770606216908811
1507709956769779715
1507508127205261313
1507477408085311488
1507469163442356236
1507469160594513923
1507427031478321162
1507427023454670852
1507424658441781261
1507385483403448324
1506749377162858499
1506705588629106688
1506418698239811590
1506385760521535499
1506030971455512576
1505980587311603721
1505223547081445388
1504950775893483527
1504900752610844676
1504898831963594753
1504598957527220224
1504573764151001095
1504552979894054935
1504547338827747328
1504218275470848007
1504163127528726540
1504163125267947521
1504092538487123973
1504077112621338628
1503884499989450757
1503857718049792001
1503478612791545867
1503036176336314373
1502400842552467462
1502398441003134976
1502065262509666309
1502047628250468364
1501684738058334211
1501302989960716289
1501280088851156994
1501258731258105861
1500956372233605124
1500955724310102026
1500911256462626823
1500853325398429702
1500498477452824576
1500497744733081611
1500193609454395396
1500155666501349381
1500118434310508552
1499854378970361859
1499837584016482306
1499761081878818827
1499512130835468294
1499078151242240002
1499078149367345154
1499078147031158785
1498805005381472256
1498805001208188928
1498804993696145409
1498804990831480835
1498766550295318528
1498711899759910916
1498710339390685184
1498453463247867909
1498419237874020364
1498403031968362502
1497648408760229889
1497602508566450179
1497308605003018243
1497258841674854406
1496970245482983428
1496885397892341770
1496672810781102082
1496632464311083008
1496610469750190093
1496604993239097350
1496505112021319692
1496489139000205315
1496244155860721665
1496210852151705602
1496148601042579460
1495890399663169539
1494809452289036289
1494789791044485121
1494789789186510849
1494429378972897287
1494429370689245191
1494405886504316939
1494405883538771985
1494069325367554049
1494055169885188096
1494037769710153738
1494032840882798593
1493631305568997377
1493349525930582025
1493314143163752448
1493247356531318792
1492883399769526276
1492883397911457794
1492577133813809152
1492269717263839233
1491894987264507907
1491894984299233287
1491877677258756104
