1534622104729051143
1533876367888113664
1532010435440005125
1532010433032372226
1531748982464077825
1531359909572386816
1529258369084796929
1528787109741477892
1528771763663929345
1527035047135653888
1526647505664020480
1526624683822653440
1524871758322491394
1524772049771806720
1524498520300007425
1524449794055364608
1524098514405498881
1524074055405559808
1523409048967598080
1522690136735068160
1521921490303782917
1521616348148903938
1521607596343451652
1521181950018560003
1520864660500717570
1520526605814308865
1520526604337876993
1520253920135639041
1520234241992413184
1519700297895100416
1519362777353265154
1519362314352435200
1519077123645919235
1518679533670617089
1517230162441646083
1517175025023000576
1517175019239055360
1516476741556256770
1516476737328238595
1516465814819459087
1516227806333648899
1516221045203779587
1516154553816727556
1515674184982179844
1515134126877143041
1515065611302359045
1514703748614041600
1513933415384592389
1513933413765599233
1512540238157164548
1512540237188247557
1512486813700603905
1512081052252061713
1511799673081810955
1511799617674960896
1511747066808184833
1511462102099189767
1511462100958388230
1511192539017191428
1510001116863504385
1510001115718459395
1510001114493636620
1509965167525781504
1509903133694177314
1509664654385197068
1509173576926212097
1509173573772001288
1508925320031842309
1508848939566616579
1508836138575925251
1508557479633989641
1508543171688603657
1507475469163241472
1507104184948211713
1506378432938233870
1506366421755994116
1505970468125392896
1505970465898213376
1504906108883939329
1504873293035225088
1504592112993587200
1504500176223932416
1504146563832037376
1504146561751789568
1503844351251734531
1503443855919693824
1503443854770552837
1502420327099416578
1502415497425522699
1502415452277989377
1501694469237792778
1501686241821171717
1499859216957378561
1499813343678373891
1499813340314492933
1499178499910914052
1499081547718217732
1498862509767507971
1498856796991246347
1498850728617594886
1498848215013154823
1498846902929997834
1498846580010631169
1498788251406110722
1498788249661280260
1498761021158313991
1498699507521011715
1498432116610244612
1498391564921548804
1498391558860726274
1497634462728921092
1497348824267960320
1496964235435429890
1496561492849795076
1496561491482497030
1496266744192720903
1495778839770779651
1494821811837669384
1494712177898496004
1494428995470901248
1494078269100113927
1493369698947592193
1493355813880094727
1492527163303624704
1492290234566037504
1491860424417030144
1491787060612505600
1491786954995691522
