1533835531771060225
1532847255417409536
1532535620194680852
1531732519913234434
1531199233839091712
1529311921081573376
1529311919756169217
1529311918414082048
1529200689548771330
1529128670136262656
1529127337996034051
1528782209741737984
1527452098941575185
1526560686062678017
1526560590767996929
1524917225039200261
1524807360530759680
1524783960152281088
1524732835671818240
1524496066778968064
1524419374165245953
1524416673742270464
1524379026697203712
1524085701679239181
1524052736660099077
1524020089972002816
1523658758513041408
1522599582429032454
1522574091995205638
1522564113498583041
1522243932708560896
1521921769245974528
1521876471052177409
1521873112861655042
1521816155924713472
1521555157452038144
1521538919006879745
1521538917606043658
1521156208060780544
1520073547070296064
1520048325390700545
1520028131259826177
1519772247518552071
1519705798133354501
1519663573810749441
1519353153711480833
1519345209385050118
1519289661730041862
1519067049544364032
1519015003302596614
1518992890952921088
1518952166136098816
1518664587620540422
1518648924625592320
1518596647613341697
1518576858660548608
1517506688689090566
1517297015033675776
1517237714839642117
1517147564998496256
1517139208183238657
1516883424719560704
1516869862777401347
1516803479846666247
1516766862536753154
1516504393683722242
1516503691829907470
1516466875827425284
1516112938813333504
1516078945967513602
1516040792938328067
1515709437813661703
1515350503391125506
1514739883264327680
1514646076875235339
1514619989160046593
1514599624979279882
1514590722409783297
1514297285437444096
1514273157389115396
1514273149717729286
1514264319114067987
1513943155871256579
1513899352888156171
1513889232607195148
1513879625050558471
1513859489774067715
1513314706290876426
1512513483291648006
1512456440090447874
1512433582077366274
1512417285838888964
1512169042450264065
1512058503015411716
1512054856772730887
1511806444475146245
1511734561281093639
1511681731337895937
1511407459725942791
1511390316829548549
1511375975338188800
1511324295187902466
1511142864478162946
1510658919856852996
1509881250810675200
1509561137142112261
1509546872683302914
1509210562256904201
1509191560231010309
1508850653698928641
1508791933023531008
1508504995011964937
1508493014049726464
1508126275667468290
1507383826242281477
1507372540703952898
1507114485579984901
1507006626665938950
1506373434896494594
1506258678214799362
1504496660092792843
1504467865189208067
1504460722759254018
1504450188865421316
1504445186977447940
1504181665949753346
1504179457703260160
1504140722487939074
1504104258140053511
1503773219370766339
1503759484237357061
1503751410202165251
1503452253344182276
1503405767906541570
1503383471150051334
1503365072613167104
1503140453176291329
1503050482524241926
1502782907705962497
1502381670955110404
1502350614457634819
1502316755305250816
1502298617016684545
1501999118247514118
1501960259409166338
1501920132460859395
1501696744786178051
1501674360750415876
1501620732236865536
1501566495373111314
1501247110859132930
1501234858181513221
1501231196432334851
1501202267332091904
1501196598965153796
1501196597899808772
1501196595467067401
1501188676021329922
1500932622616301569
1500907460122619907
1500865810952331273
1500529974478053394
1499828488345423873
1499823609539600384
1499784591581880321
1499766594049818629
1499466313210683394
1499449703859163141
1499423149208784896
1499387531992915969
1499112341581045764
1499081719638540293
1499040684598300674
1499035790101340171
1498836968410697730
1498700091590385676
1498662334222503938
1498344963377143810
1498339049068716036
1498297456316006406
1498072696168624128
1498011622132129800
1498011101170221056
1497250410624688151
1497234341684027396
1497218962798559244
1496863963862212613
1496709261744906242
1496709258561392643
1496709255780573187
1496709253985447937
1496602767380520961
1496599026346921986
1496582983301664771
1496549609077981203
1496514555748495362
1496226134236844034
1496208928497090566
1496160719749980167
1496117572902739968
1495780023835541508
1495537405557882888
1495441711899635712
1495119120940953602
1495100661075038209
1494794166794027015
1494785288685723658
1494746493541969924
1494683183274725377
1494421140546088974
1494401799171674115
1494368878989697054
1494307022505873409
1494077849275441157
1494056357481390083
1494026217019822085
1494011041205960714
1493978980281683976
1493959085032574977
1493666847434153985
1493328779871092739
1493231338400460800
1492864375908192266
1492638139952898048
1492246130821939200
1492154083070857221
1491781474835652608
1491778431612301317
1491772230572912647
