1534653254151413763
1534596434657411076
1534553795291762693
1534550981895237634
1534280223319117824
1534177624557293568
1533961998555181056
1533961994373435392
1533961989701087233
1533961983631863808
1533910615210790915
1532787485012635648
1532042065013526529
1532015434093953027
1532015433070563329
1531637361121144833
1531637359216820224
1531276167558246400
1530240292812644352
1529217802699264000
1528132671158861825
1527356658925522958
1527356568265961473
1527037384537395201
1527037382679216128
1527021189868167174
1526956533124411392
1526680028058099712
1526568285910745088
1526568239265943552
1526568057681879041
1526261392998817792
1526260607548379137
1525202819594199040
1525156545880891392
1525110299535319042
1524882925510082560
1524853472029450240
1524836940855529482
1524788951642427392
1524775685205774337
1524745653800386561
1524500584203698177
1524491568882884608
1524438351230783488
1524147679839805442
1523831228222386176
1523716894120808448
1523301704527097856
1522962685381464065
1522358036970582016
1522349477662584832
1522329755449798662
1522232684063473664
1522232584348086278
1521625657326772224
1521603530716557314
1521331592865665027
1521321077686906881
1521250636842557445
1521224387147534337
1520126971920982017
1520126970591432706
1519816338860093441
1519730570934247429
1519458232208482304
1519412060580425729
1519399521129832449
1519388083732594689
1519337171735523334
1519084772529737734
1519041616136351750
1518984663108407297
1518044330950225920
1517201399548981250
1517158567870148608
1517147968918368256
1516461774538784774
1516186023398682625
1515769187427311624
1514760775344173085
1514641518883225607
1514315799791648773
1513927185458999296
1513885591129235456
1513508644964478981
1512485380276166656
1512162878534701063
1511821917044543492
1511748465465958401
1511716422782943233
1511497887284449281
1511411249594183685
1511398328688390154
1511021228898889741
1510278382440763405
1509905026558406678
1509630782960246788
1509591104345325576
1509198146248880136
1509170884669497349
1508478081446694914
1507099949019942916
1507005399656017920
1506725566661238797
1506720066490052618
1506710404222885896
1506446153126014980
1506395047830376458
1506391780744380423
1506291046552113152
1506016289491505165
1505965688141328388
1505965397639671808
1505945311071592455
1505945309884604418
1505945308605390848
1505945307200245760
1505940281933418496
1505936737780051975
1505929901614018568
1505924157321719813
1504895998325370888
1504559953561935879
1504538127809056776
1504493784213733387
1504287065411891203
1504223506225319936
1504185931284328457
1504174431962374159
1504159311148175360
1504145420892585988
1504125134952669187
1504115969983193094
1504090071451979777
1502333279357259776
1502007918467637249
1501995488156991488
1501929222117470208
1501588626148315137
1501588619181629440
1501296415280181252
1501201539012169729
1500998544055963652
1500159320742375425
1499588451783659521
1499568130087079956
1499496930539450380
1499468447876632579
1499460166089166848
1499440766908776455
1499398288293781510
1499154350593253377
1499132878050967556
1499093155739684865
1499028470386540544
1498882037196857345
1498863102300803072
1498788457023524873
1498437860533280774
1498400970698801152
1497266231237386241
1497266230306160644
1497266229328891911
1497244921811587074
1496883246998687747
1496883246176555016
1496867001683304450
1496259588819234829
1495789818973810699
1494712016400957444
1494448811959205896
1494411574320246795
1494388012209352711
1494359418795876354
1494340478333898760
1494338638619967496
1494068263965372422
1494043615630438407
1494015220083265540
1493976852653907968
1493613848594628608
1493352631875559434
1493004452034453513
1492994088605560832
1492545482274529283
1491873644116598786
1491794741230391297
1491787893643177994
1491787235099693064
