1534681212928892937
1534665328537612288
1534647745037869059
1534643043474755586
1534617422442991616
1534568825672417281
1534552218355044352
1534316808429240320
1534214362268852224
1534189070225743872
1533921393401806849
1533885742069465088
1533885673694023681
1533480748195381248
1532756860452933633
1532483906259324930
1532371792354058241
1532371612921737218
1532090748979630080
1532036234784215044
1531862270904524801
1531303925164679169
1531296143015026688
1530987360606994434
1530579393776881664
1530224908265000962
1530224866837901314
1530195251947782145
1529900450560061443
1529526776279465984
1529486663369601024
1529270847982440448
1529209599324200962
1529209570731630592
1529209510853738498
1529209444839456768
1528810911422631936
1528198104364761100
1528138306323718144
1527781992485556224
1527712933266046978
1527685564782329856
1527343962650218496
1527316461005721601
1527316459176615936
1526970599330947072
1526947205432627200
1526618673556951040
1526337969468186626
1526249606220288004
1525978980565803009
1525978950731808768
1525869747887390724
1525498393321144321
1524830951334887425
1524484225612881922
1524462782124634115
1524436080145178626
1523352058933383168
1522990021371904001
1522775181642579968
1522726560226332674
1522683801557680128
1522683703910141957
1522683579804917770
1522389522180415489
1522321102772580357
1522280342299807746
1521912815602352128
1521539585909665792
1521501830185951233
1521302045671792648
1521293142137487360
1521261783222300674
1521246226385100800
1521229546565029888
1521211561158844423
1521201363149021187
1521201183662252033
1521191333708324865
1521175669471854596
1521164369668849667
1520793948188467201
1520468561164218368
1520140200772579328
1519793400362504192
1519749856935522305
1519734009789661186
1519082061503647745
1518994075936075777
1518666250179784707
1518260399489044481
1517967360879116288
1517936637375881217
1517536353491300352
1516923458336215040
1516540112385056773
1516458664038703108
1516156705360551946
1516121577338855434
1515729804032679940
1515114707501387782
1515091177095286785
1514991852012904456
1514731409721729030
1514721883501043723
1514356383734550528
1514321822078144519
1512544292174237700
1512513870375665666
1512490316573593615
1512131715984236547
1512072807772872708
1511772982095630344
1511734724779286528
1511399431203344384
1511149370741248002
1511149367167791106
1511149364374347784
1511002233890082819
1510614154255773700
1510294840172498955
1510033971928784899
1509991838329016330
1509967214883053571
1509586453466128384
1509567336138817540
1509567040234962949
1509565886646136836
1509565792030965764
1509565492607995913
1509269220772700172
1509194672819871761
1509186082394550286
1508854400139333637
1508854376118599683
1508571945146753025
1508515074922659847
1508121421125455877
1507472461763391488
1507457257981693957
1507373991501217795
1507070512316493830
1507028567825305611
1506732282413031435
1506712892032360459
1506712161590128647
1506690408037896192
1506382531175796742
1506382267345682440
1506341935375605760
1506049070774767621
1506013966971338752
1505955262489845766
1505911590587150336
1504851614259195904
1504842351545565185
1504607035995963395
1504569409746223104
1504256453049262084
1504148892807532544
1504144709366784000
1504139929411936259
1503913649513058310
1503839950713851907
1503439943334567943
1503434756423356418
1502530356800540677
1502361348029747202
1501971815736004618
1501942294282260482
1501917247958302726
1501636399119933442
1501337969336139781
1501324661354909699
1501286922295156739
1501268076494397444
1501258827995492354
1501240937300865031
1501236661908381700
1501227137600475136
1501043609596006401
1500957298965032962
1500944623174361090
1500944621903527936
1500932549908041741
1500928780231192578
1500885819783102465
1500660762846584832
1500643618528374790
1500607872299847684
1500576438738685955
1500545813566701569
1500202911715971080
1500175282929549314
1500161518654136320
1500132029618401281
1499970077814312962
1499909703513657347
1499828508482228228
1499785164184072195
1499556208403001521
1499547032595357697
1499519721078730752
1499505098300567557
1499467724346605576
1499428580052377610
1499210590799155202
1499182200553627648
1499162444392181760
1499151702389317638
1499141334443171850
1499127161013342208
1499127106189598721
1499082842361540612
1498873642507198470
1498861358171017218
1498861356694622208
1498859996775395331
1498854752528084995
1498852086305460227
1498767112151646220
1498715220738510854
1498708670535938059
1498687741072183296
1498660509855408130
1498489869097652228
1498473589917503495
1498471725104779265
1498449626839625729
1498373289407885315
1498277532063391750
1498160640107683840
1498001940701089794
1498001865602179072
1497997041057816579
1497832659749322757
1497832582460833796
1497820056415264768
1497770403183439880
1497768448906215430
1497635791664734211
1497632872945041417
1497602419018153989
1497579959610748930
1497579916711374848
1497440635560808455
1497417754533629957
1497324700334178310
1497299578764341252
1497298016448876546
1497297960950018048
1497297910148567046
1497297848391675905
1497297799087538178
1497292912740245510
1497288649771307010
1497271849931190283
1497270408264962049
1497090534124527625
1497090045039325184
1497085171060854787
1497084838742011905
1497049980208443393
1497014460271439872
1497013357131534343
1497008225736134658
1496989914944184329
1496980485494525954
1496925799936512010
1496922420816584706
1496919388124958728
1496906410600411144
1496864280674811909
1496741091239936002
1496737655631101953
1496731292020445184
1496722383352254465
1496713678946766851
1496709243428352001
1496705906976960515
1496705905764753408
1496705904414179330
1496705903088832512
1496602156283084808
1496556292751736840
1496528935802355724
1496503476171460618
1496279464958996481
1496254556992380933
1496254086114680833
1496250916323921923
1496215058136842241
1496115428824920065
1496115177355415556
1495934481726906372
1495875309647941632
1495568769565007872
1495522861842374661
1495486852274479108
1495429736679579648
1494772559962939394
1494754494290309120
1494450678986678272
1494407276253351936
1494377832658747402
1494108064592637957
1494061602068480005
1493751878579998730
1493665988927180800
1493617865815203844
1493344801592422401
1493309222527897602
1493286966355546113
1493286899888410626
1493286843298848777
1493286770204725250
1493286695277678592
1492950684098076672
1492630380201103363
1492549330066153476
1492542135547183105
1492323479223508996
1492293590726316036
1492215142163136513
1492215051784269829
1492214992850063364
1492184564575485962
1492162545968418816
1491903279999201283
1491851177780203527
1491839374467686407
1491830584397778945
1491817558474960896
1491541132886564867
