1534632034609643523
1534624438867709958
1534624397511823361
1534614788591984647
1534614732933582848
1534597642352742401
1534590810246758406
1534569743964901381
1534520036139868161
1534334680614436866
1534301154045206530
1534301075586555905
1534300755615694849
1534300658408607752
1534300269852475392
1534299465653395458
1534299416198365191
1534298561042685953
1534298524828983297
1534298377164402689
1534277160365658114
1534276925815930882
1534276918585044994
1534265396550828040
1534265328389214208
1534265310995484672
1534265291886280705
1534255775006220294
1534249050509287424
1534238510466621443
1534220931144593410
1534214770680791040
1534191748381122561
1534191717997596672
1534185608096145411
1534179962823008256
1534163406202208258
1533991230148857861
1533959377912320001
1533947842750029824
1533941452757147648
1533940723988549635
1533923309922009088
1533916488750485512
1533910286779965443
1533906690239758344
1533898948783611904
1533894904853762053
1533894051484901384
1533871096302288899
1533870557401333760
1533863879008190464
1533857040849829889
1533843232618070018
1533843190381412356
1533826810831638530
1533820316677545989
1533819448720760834
1533814495994421249
1533781269053685761
1533780830489030656
1533605436196265985
1533604298973749250
1533604286302720004
1533563884853927937
1533563869641289730
1533563573745721349
1533546482959261697
1533546432971554817
1533546388201553920
1533499663252344832
1533496774630981632
1533230404139884544
1533212061378957313
1533211291862634496
1533140486537486340
1533127000176611329
1533124306116411393
1532844497247379456
1532831252436373504
1532824840587051012
1532819860715192321
1532819719602032643
1532818129579040769
1532807386901237760
1532801511717318656
1532794268582137858
1532730326396575753
1532716562611941376
1532716451999653888
1532713353835069443
1532705347957407748
1532705271033827329
1532541555503939597
1532519248307822608
1532518804168777738
1532518644873404416
1532510481159684118
1532510468354588672
1532505226229448719
1532504730148143122
1532502362006355977
1532474865525088283
1532474843542741013
1532470932467507200
1532470913135960090
1532448163017248768
1532442159286304774
1532437139362828292
1532432694235254788
1532427537602813952
1532420232702316544
1532411604301762561
1532380679413149698
1532376349272416257
1532376312400191488
1532376278162096128
1532366523809030144
1532366479999610885
1532342953636679680
1532324146318913536
1532107854991314944
1532103022448414721
1532101617738186753
1532096679968747521
1532096677875793923
1532073343397941248
1532073310133047297
1532064353612369921
1532064189786705921
1532053225821593603
1532034160206004225
1532034157131481088
1531990637515612160
1531990613696163848
1531990563213418503
1531770544185556992
1531769994387783680
1531756719755378688
1531756002403659777
1531731676388331526
1531717857914101762
1531712081430552580
1531704330532929536
1531683986396917762
1531676427065692160
1531670758065377280
1531670699999477762
1531663284331593732
1531663247010631680
1531663207634444291
1531639650925916163
1531639396784553985
1531638109208977408
1531637140408483841
1531637123971010561
1531637110356287488
1531249114859679745
1530554977315393541
1530325913338011648
1530325909395349505
1530325899471728641
1530325897563217921
1530300170067378177
1530288249901547520
1530288242582507520
1530247307832303617
1530238928472645632
1530231028383629314
1530223651940868097
1530223633364303873
1530222787767459840
1530209656165089285
1530204625235845121
1530191045484548096
1530191014815752192
1530190969043296256
1529943219982716928
1529942902855680093
1529933055137398805
1529927885427023872
1529920826765627395
1529910865931161608
1529910621164163096
1529910467849818112
1529910377777184770
1529909836854480905
1529909509396779010
1529909433895112721
1529909276969521153
1529909188847095815
1529906466714533888
1529906182671958022
1529905918032416768
1529905712737959936
1529905417178042368
1529905045508169730
1529904747762835457
1529901318764212224
1529900917751009280
1529900777862483974
1529900330439389191
1529899776812232738
1529899701256040474
1529894516341321762
1529871193720905729
1529856603092041728
1529852324595777538
1529852301736910850
1529829488313389058
1529820336375615488
1529600729928896514
1529600574676664321
1529599993807613954
1529599903202156552
1529599796998287360
1529599675111702528
1529599540067704833
1529599463257522186
1529599295883706373
1529599227294359554
1529599145773760514
1529599088982999040
1529598748338311168
1529598647205249025
1529598518658220032
1529598475528183809
1529598406880108546
1529598294762082307
1529598227141500934
1529598195256512513
1529598149886607360
1529598068345167872
1529597916972830720
1529597867538669568
1529597804942970880
1529597746486943745
1529597698202009600
1529597538562719748
1529591735357255681
1529582102748008457
1529580054652628994
1529580043009155078
1529580023929356288
1529580010230759424
1529579448596570112
1529574712891916290
1529574706864705536
1529570601823879170
1529570562921869312
1529570498669060097
1529569418715471873
1529569417390178307
1529569415477567493
1529562176461099014
1529561643608334337
1529557051965308931
1529557014891876353
1529556151569985536
1529554019923935235
1529554018086928384
1529554012839809024
1529554011023675392
1529515253704294402
1529510147751657472
1529510077790658567
1529508205432283136
1529218272712859648
1529217629948416000
1529203039822823425
1529188943492677632
1529183575676952576
1529175549033254915
1529175486865321985
1529175384952123393
1529172621258067969
1529098184303181824
1528835260808671233
1528822540097015808
1528814412328468486
1528814378019061762
1528768814854414338
1528749956336599043
1528745134283792384
1528744742695100418
1528537095681232896
1528537074701328386
1528408684371619841
1528084620742479877
1528037809914773509
1528005564537651200
1527801200799846400
1527742412835147778
1527738772460298242
1527734272764805122
1527728529412071425
1527724579942170624
1527723971789180928
1527720811259478017
1527720809711673344
1527664978270068736
1527399454600462336
1527392090694381576
1527383206785208343
1527379027807285248
1527378975072264192
1527372589798043677
1527372545439068160
1527368929273737218
1527367134925336579
1527366589816811532
1527325298454597643
1527305705689997313
1527054704911519744
1527054608601911296
1527054590633467904
1527033502335741955
1527033500750204928
1527027904621723655
1527027789630779392
1527026418630152192
1527026416042266624
1527020355788873735
1527020353091936256
1527011870917513219
1527011784854491136
1527011761567764481
1527000824223866880
1526996950922428419
1526963195591766016
1526963112125124611
1526945769349054464
1526945747379298306
1526917335944142854
1526674183077478401
1526665803055218690
1526659726087438338
1526647511523500032
1526642262674919424
1526633212524515330
1526633211148783616
1526591933170212864
1526588724846465026
1526588679774425091
1526588653811732483
1526580263844724736
1526580242214682624
1526575499593633792
1526562745222631426
1526562680936480769
1526305660102664193
1526300732386951170
1526300730365288448
1526298065585446914
1526298019074912256
1526295528920735750
1526295527259885572
1526267580201242626
1526267533011083264
1526267501176410112
1526195779462909952
1526195743819702274
1526195707815899137
1526176395868659712
1525931721815990277
1525910309361303552
1525883131055726593
1525882881154945032
1525809934323130368
1525809932745973762
1525221443818094594
1525217047071887361
1525216282840293378
1525215934339768326
1525211611924942851
1525205523519479809
1525200049784999936
1525200023826440197
1525171634084126721
1525171615708872707
1525171595769167873
1525171574000730112
1525171564668387331
1525145290449231875
1525131636236484610
1524857958542327830
1524852334668529674
1524845775477428227
1524839743103586316
1524839740998045712
1524839179011735557
1524839139903950882
1524833834709176347
1524813538757312514
1524807935104278530
1524769607462096896
1524762392042872834
1524762355770576896
1524762321201082371
1524761780819476480
1524756845663080448
1524737782404550657
1524513183947530240
1524502950831345665
1524499339267260418
1524494409097785353
1524489346862178304
1524488862868901888
1524487199521128456
1524487043761553408
1524486761795174400
1524465361734799361
1524463453867585537
1524462056346431488
1524462039556628481
1524461994472050688
1524423825831563264
1524140838590234624
1524133344719646726
1524127171324911618
1524127169747763205
1524120560455856130
1524109150422290433
1524109117127860229
1524080267568295936
1524073590567624712
1524022612971687938
1524022532063571970
1524022483275468801
1523775399569674241
1523770493555605505
1523770474227896320
1523770455769108481
1523753768411492352
1523745534074269696
1523725387930374144
1523725381282709509
1523725371002130432
1523725338575921154
1523710834479751168
1523710831686725636
1523663785289945088
1523287622067519489
1523266562178060288
1522949926694658050
1522717318891061249
1522654889381445635
1522647957069307904
1522647955110567937
1522641903400927235
1522638305279492096
1522638273415426049
1522622390332792835
1522599145386688515
1522599142505295872
1522587967545556994
1522587944170704901
1522587888180887552
1522328817045487616
1522321280548184066
1522318775625867264
1522317552776622080
1522314975578046465
1522314823501029377
1522313287634989057
1522313285848248326
1522312524217126917
1522311051286614017
1522311030503845888
1522308635522703362
1522306121641435137
1522306119477215234
1522300433674481664
1522300418990223364
1522284026664476672
1522278803518676999
1522276279592046598
1522247134602477571
1522238959799123969
1522238925208793088
1522202869654556672
1522003146851205122
1521985166142492672
1521977242460602371
1521965701346611200
1521960607997521921
1521957922804224000
1521956016832851970
1521910624858554368
1521901623508979717
1521878360795844608
1521871140548976643
1521871117958496256
1521853911648423938
1521853861304143872
1521851856733057027
1521836176566542337
1521836164201779207
1521830304545218560
1521633330898296839
1521630638549385218
1521625167411175424
1521624635267239938
1521606158309629956
1521604902753083392
1521598138422812672
1521597690227867651
1521597560108068866
1521571544148938752
1521555057241726977
1521554830959026178
1521550505578741760
1521545016317034499
1521544983542747136
1521544917381750789
1521532293520793601
1521517427904987136
1521505810886664192
1521502638105370630
1521502391375433730
1521234240310059009
1521234238091280385
1521226132477157382
1521225883310342146
1521224049006948352
1521213381310623744
1521213096861315074
1521208711838146560
1521204281168306177
1521197467886305281
1521197463910109185
1521193546648363010
1521193543112572929
1521155450754019328
1521152505140461568
1521152499503280130
1521120864523202560
1521102919201869826
1521102860276178944
1521102829007650816
1520912341600288769
1520834026348679170
1520798172431409154
1520472818491793408
1520385020623474688
1520167483067543552
1520038506118135814
1520038422513176578
1520037888200790017
1520035026573959175
1520034199473995780
1520034100349911040
1520033802059407362
1520026184163246080
1519805375867985921
1519805345274728452
1519785058336395265
1519779430662656004
1519775628278616073
1519774858749558785
1519774257546420226
1519774206359183366
1519774098003533824
1519773786152783873
1519773313773576192
1519769190164570113
1519746913410633728
1519708866400985089
1519708844062093312
1519708061056868364
1519708045017767937
1519708001673883656
1519635830629081088
1519506919995674624
1519506701233307650
1519424063181053953
1519396315276402690
1519392361968812039
1519387610430455808
1519387502632747011
1519383936866164738
1519378719692967937
1519373291210915840
1519372798929555456
1519368605191786498
1519368560119853056
1519352970202304512
1519323722921951233
1519323633822404610
1519322085314682887
1519314752958345218
1519308825823694848
1519058055614320645
1519045809932808193
1519045251092070404
1519036359738077188
1519035998386196486
1519031044464418816
1519029490688610306
1519028442796285953
1519028272859856897
1519027917786857473
1519027375467642881
1519026296570978306
1519025176243060737
1519024902568910848
1519024558694670336
1519024186299232257
1519024020166959105
1519023916932546560
1519023724346884096
1519023615995518981
1519023385526820865
1519021767574147072
1519019735110799360
1519015928117268480
1519015889793912832
1519015191018672134
1519010476327321602
1519010420010459136
1519010408073465857
1518971511100612613
1518971481404977153
1518718480614313986
1518694661426196481
1518692578769739786
1518685055928909824
1518651992297680898
1518644286207713280
1518639294889476097
1518638636413161473
1518638608944672768
1518594390981234688
1518546575685033984
1518394880506089473
1518309342482677764
1518276965874245632
1518268427269554178
1517933303919259648
1517629119667834886
1517612873891123203
1517604686962085888
1517599471886086146
1517595152881180675
1517595122241871874
1517589706418049024
1517585132210819075
1517578563461042178
1517573835310215170
1517571028301582338
1517515986374643713
1517515458806697986
1517283517096513538
1517249296558698496
1517238261055467523
1517228908483067904
1517223789695754247
1517223779361071107
1517204516210450432
1517198665475108864
1517152048013189132
1517152011879280642
1517146436420268037
1517145107958435840
1517138314536529920
1516929971159289857
1516915572637896706
1516905948367011841
1516897875288113154
1516892033943838720
1516883414162497536
1516882837710020611
1516846347248406528
1516846314746785794
1516789331104567298
1516789300666454022
1516789278889623553
1516778432159535106
1516775689734791179
1516539510493962249
1516533622613975043
1516529937305509895
1516506304281522184
1516506276523651075
1516443947467526145
1516426964474769421
1516426930119229440
1516426889350500361
1516171146852458497
1516171030582202372
1516143966982492161
1516140121686528012
1516137049900072962
1516136348729712641
1516131967506554891
1516131950028853259
1516128690526162957
1516127922251345922
1516126792104517632
1516126790397403146
1516126213185617926
1516121567041933317
1516121556719742987
1516120830136270848
1516120711366070286
1516108978052378636
1516108944053317646
1516108902408019988
1516096994963566594
1516089425352134662
1516089366073982983
1516079897806000129
1516079177719554050
1516079115677351944
1516078893257707522
1516078317685940224
1516077228412571651
1516076838589804553
1516070282150219787
1516064979040063492
1516057547643539458
1516057129970552835
1516056447280369670
1516055845553025028
1515751147499364358
1515751137898602500
1515750994386243585
1515750987679641617
1515671682459082754
1515470040027607050
1515468976213667840
1515468838833434629
1515467606454685696
1515466844202807300
1515466626430341120
1515465974614573057
1515464707209146375
1515462845399449601
1515062835243634690
1515059260526415872
1515055228256673792
1515050555135115267
1515046732786282497
1515041381244452866
1515035542223822849
1515033423215267845
1514995662751940617
1514995614827827210
1514995559693758466
1514944139695169538
1514944132938145802
1514768287778844672
1514719322656190466
1514719310664634387
1514719094641201166
1514699400349732871
1514698978813747208
1514698532871147521
1514698468501114885
1514683167948615692
1514682852960526345
1514674210353856515
1514671925070553090
1514671825086726149
1514633323137671171
1514632668427792389
1514632614308728839
1514607452989263881
1514607131537776645
1514606988587520008
1514606523506253842
1514605691842928644
1514605670426808321
1514605595193593867
1514355661911515139
1514355551823699973
1514353728031268864
1514318182835761165
1514307232531369984
1514301342327746560
1514257466472738821
1514257438375129098
1514239298274721793
1514239296269606914
1514204232823549955
1514008421988802565
1513993422360690694
1513993406472728577
1513956435490656263
1513949931475808258
1513947041289887746
1513947012068225027
1513933748710121482
1513905785759309833
1513905779388133381
1513895483818844167
1513895419268546565
1513890893484503057
1513876928792571906
1513686542723788811
1513623873262174217
1513623617040441351
1513621409850966030
1513621406659010560
1513616155075878912
1513603042976927752
1513603032361148421
1513581401240649744
1513559089384759308
1513546027713929222
1512851683445030915
1512830623098060802
1512769136002318339
1512536487488888836
1512522374423486469
1512498754779328517
1512491858735341576
1512484709972029447
1512479376033869825
1512470447975280642
1512454831260278788
1512454787341631489
1512454754152161290
1512425505714319365
1512425387573190668
1512407255081226245
1512197691576655873
1512194856998817798
1512194711355899908
1512180704414629901
1512180398851334159
1512179573722697728
1512178646634610690
1512176725454729220
1512175618414231552
1512174814055866368
1512170684285341700
1512170658377179140
1512164996238790661
1512164982359744528
1512158147900813319
1512142379922464773
1512116929682673665
1512082756938846216
1512072903684091905
1512065940124438540
1512065909652803591
1512065267353862164
1512053030203453441
1511837899330887688
1511834470848028675
1511830561828085760
1511823409721888768
1511823385587761153
1511823109531308032
1511814166268497931
1511796859911737353
1511792270072242178
1511754448841883653
1511754003339792394
1511753908334600198
1511753863099039744
1511749347591045125
1511748674451394573
1511748531048095757
1511727587051069451
1511696187014983685
1511679362713726982
1511474256676327427
1511459188668616704
1511459160738643968
1511459106481131524
1511458518976581635
1511457418332585991
1511457232084520969
1511452221115879425
1511450515552489483
1511444745968574466
1511444744387407874
1511439133251891200
1511394796962816001
1511389739454279687
1511389737956909063
1511372684155834372
1511372661816975360
1511372639025123334
1511372619311947777
1511355000148180997
1511347517383921673
1511347323061874688
1511345210684547081
1511156328152158210
1511094850195578885
1511089937470435339
1511085387619389460
1511079140048392202
1511079103935434764
1511079046943227913
1511069859118989325
1511069837052858371
1511036983027585027
1511004984883699713
1511004961655738371
1511004939732017152
1510286325659877382
1510279176460374023
1510016025886175244
1510009308364300301
1510009306812489731
1510003644946649090
1509999004351881222
1509974123019178002
1509972689368358913
1509972660335300611
1509958358362738695
1509958345876250631
1509907950512619521
1509906560230830112
1509906527838220296
1509902001068736516
1509872853293977614
1509604957112213509
1509597891383418880
1509576243330568198
1509570581766803457
1509564133414420482
1509564129899687941
1509557698269954063
1509557524634157057
1509547434837516297
1509532815616102401
1509528554920460290
1509528376087699463
1509528325756276737
1509528285465747457
1509289781758500870
1509272392744550402
1509265803081834502
1509261748594950156
1509254507364032522
1509254369295933444
1509254284621365249
1509191473249595404
1509169133212123142
1509169101821861902
1509168939045203974
1509154437784342534
1508961232635797504
1508913515649716226
1508896206482821134
1508891694737108993
1508887138837975041
1508873671309512704
1508863420766072832
1508842722114875399
1508842693249675268
1508828347358498817
1508828312084353039
1508820578962137091
1508799263488286725
1508575911259557897
1508562215087095808
1508559792910090253
1508559206764490755
1508555516414414849
1508555514774540295
1508550047310491658
1508550045288869892
1508538523309203460
1508537255002001412
1508530636180623375
1508425422610042884
1508100663733067778
1507784429904740366
1507700895932428291
1507469805556838408
1507460191389986817
1507453809471025152
1507419439847067649
1507375209447411726
1507375173439213574
1507375127989821443
1507375102148632579
1507331865216262155
1507065664326021127
1507065479193677830
1507025570290442244
1507020965355663369
1506766418037063681
1506721013630963719
1506705850555117579
1506626390246006797
1506608317636005902
1506608297272565770
1506444596422791170
1506384357300355078
1506353046405718017
1506349548511416332
1506344534136999950
1506338044818989060
1506306164497305606
1506306109539340292
1506289815972687874
1506288167493713937
1506287680845500419
1506278602278682624
1506278491653820431
1506262266798297099
1506015650711437315
1506009375617466369
1506009347125833729
1506000614131703811
1506000600164622339
1506000576852680719
1506000494522777616
1505994872121085960
1505990571214651399
1505985191608832005
1505955191857848324
1505954527878557696
1505946016297754629
1505932059965112325
1505924367708004354
1505924329460097024
1505919339194630144
1505913509460291587
1505913451226542085
1505603747426230274
1505275948966494222
1505198510865534978
1504945380701659139
1504941138188423169
1504931272707223559
1504921973389938694
1504917778842669062
1504913492322787332
1504913237955026946
1504913213955137539
1504899139607351296
1504870618407358465
1504827384977047560
1504824815731019777
1504824733690482691
1504800175272996868
1504632478115536898
1504576285175074818
1504576229701300233
1504576094086828039
1504553136849051658
1504549205293084676
1504543112357683202
1504533395803676674
1504526960759816199
1504488014629720072
1504433935132020741
1504252095200964608
1504252065958277122
1504231293600649221
1504231028889509888
1504219205448708104
1504197363363192834
1504192786647728128
1504187665066958854
1504140882613780491
1504102932459008003
1504102910237544449
1504100056231821313
1503845912296271878
1503845555272826886
1503843846723096582
1503843815584583686
1503827672509603849
1503802504710361088
1503798575704293380
1503798568792076296
1503791769594609664
1503785727590649861
1503738617134522369
1503738596385341444
1503724054414565382
1503509988114845701
1503509977851437066
1503493431619993607
1503487946569170946
1503480872921706501
1503425829975560196
1503425808995598347
1503402321656561671
1503397430020255749
1502738251072819201
1502724522159583235
1502456308318056453
1502456298046119941
1502404486660243467
1502401976843313159
1502392865724506112
1502388761723867146
1502388739661877255
1502388691267948551
1502382608520552457
1502375575654223886
1502337631652401160
1502288955303202822
1502285450970607621
1502276990849765379
1502276932913803264
1502276891083948038
1502039510976188426
1502039472246034433
1502024237602816003
1502024199921152004
1502023203597819908
1502021497656909834
1502021178894041090
1502020748315140097
1502020362690781190
1502019750339223552
1502019131700391936
1502016257645854733
1502016247881519104
1502004833057976329
1502002696655712260
1502002662472048641
1501976360054628352
1501968892935221251
1501968852925698055
1501968784650821633
1501940437547765776
1501940406245728259
1501911103554695169
1501688098622693387
1501639270255181829
1501637204522807297
1501622851060830210
1501622663059591181
1501617397555515396
1501617281452883970
1501616790182539278
1501616679675215872
1501576827894218759
1501576553087614988
1501553942219661315
1501553932161724416
1501345525815255041
1501337202252566529
1501332854801788933
1501328883127308293
1501328881608912897
1501324670791917570
1501321031163781129
1501317901231427591
1501316522391654400
1501312516227489794
1501311659666595843
1501311620341026824
1501307315923922946
1501252602977128449
1501242744601206786
1501242723491266560
1501221533787820032
1501215075813703692
1501215035674267665
1501187226113392645
1501005570198982657
1501002278282661898
1500993573898137609
1500954582008143879
1500954558759063560
1500954503671173121
1500906713276469251
1500878145976737794
1500876747528622080
1500876743401484295
1500867662955655173
1500867630147592197
1500867562078453762
1500844378390204423
1500838801660596224
1500838793682853892
1500826025646870529
1500541154164674566
1500529603944796163
1499858985947643911
1499858728023203841
1499858657156243459
1499858515594297353
1499858306592030723
1499846722104795137
1499841254951161859
1499840705535135747
1499840672043524102
1499832687527403522
1499808433889067009
1499808391807569923
1499808358320197634
1499779545167192064
1499779000557781000
1499778879858389006
1499778870819659776
1499778242911383552
1499778050128498691
1499750308787937288
1499749869560475650
1499741678474829825
1499556569352220696
1499521697896181766
1499521562604625921
1499502941895643136
1499502916272635913
1499492300791103489
1499468251818045442
1499456277759643651
1499450092784336908
1499435245564743683
1499435185892384768
1499424102905491456
1499423858071412741
1499423735450902530
1499373969853538316
1499373891885674496
1499209902472024066
1499136837088067586
1499135924705312776
1499135888424677380
1499135851321868297
1499115298779238400
1499110588823310338
1499110581625839620
1499110574780731400
1499106369437319170
1499100551077896199
1499081681562648578
1499081451014443010
1499080906929283077
1499075506561552384
1499018551021162496
1498855914773823490
1498855881357811717
1498855412648583177
1498853198882344961
1498852860892745730
1498852817636925443
1498850831399104525
1498850231592624131
1498848585491881989
1498847982971674625
1498847630343954438
1498846369397841920
1498845992757731337
1498843323687133190
1498843245069094915
1498832836824023040
1498823938629152769
1498783522517135368
1498783521455984640
1498783519404871681
1498783518188572674
1498763748101824516
1498727558128492551
1498710477941223431
1498699107220738057
1498494809513865216
1498480514096840709
1498443651315380226
1498440431566262276
1498432198512361472
1498427313268183044
1498420596241276933
1498420583788331009
1498420261237972998
1498419688019304455
1498418547571240963
1498418452578672647
1498411164329521152
1498411125108613130
1498410723327848450
1498410486462881804
1498408317412065282
1498405231012556804
1498405226302345219
1498401512409735170
1498391670819278848
1498374675616960517
1498365742663847942
1498335182897692672
1498325136759476231
1497732810878160897
1497726095298371588
1497726077426454532
1497726072212889602
1497726037106515973
1497726010229280768
1497637705726844928
1497616717543096325
1497616483257618441
1497355288411844610
1497347283544940544
1497346994825744385
1497340558183960579
1497320831092932615
1497320814819131397
1497311665800585218
1497307252860071939
1497300412247986179
1497285909393334285
1497271665889263618
1497265661914980355
1497256582131990530
1497238344694173698
1497238311571763202
1497238282718965760
1497237283690344448
1497231380929028101
1497231153828409346
1497231062665158656
1497227356032876544
1496979023049670661
1496979021267189767
1496975009192939520
1496970592112812035
1496962044888854531
1496954395623555072
1496953627130408962
1496953625100394497
1496948294962282496
1496938929953841154
1496938792401448960
1496926592286830593
1496926559437008904
1496920935538081801
1496919947062173696
1496914848126492672
1496914783462772737
1496913187882557443
1496913141128888322
1496901516522921987
1496885397225455617
1496885364816064516
1496885348198060034
1496875732219400196
1496871445477085194
1496871233069236236
1496871153662672897
1496846216197517316
1496846199994863617
1496702779431264256
1496702765468459009
1496615066556370946
1496613401597988869
1496607613093658625
1496592020034494465
1496587549992759299
1496587547929157632
1496586092832821250
1496586044208295936
1496586009051648004
1496577318365585414
1496577301613584395
1496562980846194689
1496534267148578822
1496518919703736324
1496518879274848262
1496511354366275591
1496487144973611013
1496228971742121989
1496219970920984577
1496217183000608778
1496217167574020105
1496216484267368455
1496211649690324997
1496203837358682117
1496203835882315776
1496198795675197446
1496189361049804810
1496189331282841606
1496188942277881870
1496185954419236877
1496173170151333892
1496173126379614219
1495835301486415881
1495835299267715077
1495429421238468617
1495087202661023755
1494789323031523331
1494789322117193732
1494789320590434310
1494788978557468672
1494788873959972864
1494788821354958854
1494788454776987651
1494732126826209280
1494461414622248961
1494434502281674753
1494429973658185731
1494429971741294593
1494422868037361665
1494422256512114697
1494419449386049539
1494416030164299777
1494416027706343424
1494376526334369793
1494376489579683844
1494341987960602626
1494341970902192137
1494341904284073994
1494302497153953794
1494095978353373193
1494094699321344004
1494090736035373057
1494082736524607488
1494069457832058881
1494064609015341057
1494064607383760898
1494060904803184645
1494060781096390659
1494060585868218371
1494060429395611648
1494058119294554112
1494057883348123653
1494057037193531392
1494035749154574336
1494027234784518149
1494027204166139913
1494010689874235393
1494010653450846208
1493710656457089037
1493703153912619013
1493694331789746176
1493694330208460803
1493684926566256641
1493611086976856068
1493611070086385674
1493611040013266945
1493314470071910406
1493314285220544515
1493313414374072322
1493308687728918528
1493304343923146762
1493300486442823688
1493300484899328003
1493287837420208130
1493286102161100808
1493286067990151179
1493261313950236676
1493226985514057728
1492944022503108613
1492573377210552329
1492262427437813764
1492246115638558722
1492237487774785540
1492230141853974533
1492228716918882319
1492228693556613123
1492228643887665159
1492180502597484551
1492180086774288385
1492179706652807172
1492179442533347329
1492147918777851912
1492147870325161986
1492147850310037511
1492128210481557504
1492128164662976517
1491898579174268938
1491887676827574282
1491882259368062980
1491878544825364490
1491878454484258828
1491878410775404550
1491873105366724610
1491873103416340481
1491871366370545667
1491871336989405185
1491848173630935043
1491821675125653507
1491790962124673026
1491535362195402758
