1534542652078792704
1534308133623025671
1534235949374361601
1532799912575909891
1532778372119633920
1532720092408061954
1532378080400101378
1532130077848256518
1532044651687026691
1531789128194527234
1531423257752219650
1529921038531842050
1529895877841649664
1529492188920430592
1529221486267236353
1529191346610880513
1529138632765935617
1528854970593853450
1527771772849897473
1527756094487117824
1527741059194839040
1527732306802364423
1527699411278635009
1527645961115291649
1527445441243226112
1527369058194186241
1527339008639979527
1527331892810620928
1527293441247682561
1526960594833788928
1526918119326900226
1526702521032527873
1526633620722565121
1526626742567415810
1526270909346103298
1526211866078457856
1525227793067425795
1524506432611225601
1524506118592122881
1524465439035867138
1524131708819361794
1524117583380856833
1524091508223262720
1523797956255633408
1523761702621253632
1522695269397274625
1522656559578370049
1522342567412748294
1522342566125096963
1522311916072353792
1522259781473472524
1522240053547778048
1521889915742658560
1521875381300645888
1521602334433890304
1521589888575021056
1521566367471788032
1521327169489838081
1521244525683146753
1519666082998812672
1519438329342828549
1519412995226574855
1519406016571580420
1518712956250382337
1518686894489493505
1518598049546784768
1517705940081934336
1517631302102659072
1517586724712505344
1517570201675522048
1517264194936131585
1517201299275661314
1516861210926489600
1516187528335962113
1516147818603425803
1516147694766542865
1514354773226631171
1514325588068159491
1514040886434349058
1513920281437421572
1512534146534592512
1512527407336546305
1512514150710263808
1512133279171989517
1512119344481943566
1512085098979602432
1512072435494899713
1511844268146573316
1511765382914318346
1511745637372641283
1511731096345583632
1511720185358692360
1511461504482226179
1511459090568032262
1511050688595382274
1511034715402293248
1509669836061880329
1509568078211911686
1509554203366199304
1509544638213939203
1509184655664242690
1508899250494746628
1508892722706493444
1508804407474937866
1507023896184332289
1506745207236218882
1506724560883826694
1506671150188965889
1506671148603424775
1506640758438342664
1506620124090011668
1506360790487642116
1506301955332837390
1506010386256240641
1505977969046605830
1505977879468908544
1505976894428172289
1505975027216396299
1505942024037535754
1505305357509279745
1504507371976110082
1504252831053799433
1504121546167701517
1504091837572825091
1503823630014242816
1503795334778130435
1503792339009126406
1503764122290298887
1502358407646490637
1502093882900848646
1502050952274186242
1502050950810419209
1501929120976019456
1501729378610388992
1501661340276043793
1501660435442978827
1501660433555599365
1501334347370086404
1501323687051640834
1501315662999863310
1501298165533888513
1501298000903258115
1501297964270108680
1501297140097761280
1500925006351675402
1500889306373754882
1499859061503897605
1499846400603004928
1499815491375931403
1499804713591754755
1499788655195566088
1499522093188276230
1499168525444952066
1498887528581111810
1498859519895646223
1498859083885162508
1498858807040126985
1498858437098283010
1498858263613480962
1498858152032411648
1498857544994807813
1498857525004939265
1498855989554077696
1498855811287760901
1498855624800673796
1498855511260864513
1498855388636229632
1498855289126277127
1498855145911857152
1498854678989316097
1498852328874684419
1498852108199677954
1498851975089344514
1498851817798651912
1498850108774965252
1498849896178360324
1498846427849662471
1498845341281660931
1498843433443770368
1498831756874629121
1498803017885392896
1498782493297852420
1498779388527140871
1498450676044734470
1498446126818766853
1498403482788933638
1498334344380928007
1497622223682772992
1497621968631341057
1497323745819701252
1497273011564650503
1497254603548676104
1497005169946644487
1497004850907070464
1496941325182197764
1496696781756903424
1496669274634608644
1496663365879574530
1496654026322194439
1496312966811111428
1496308668232617986
1496292474297282560
1496255799714324485
1495843394794500100
1495073905198907393
1495064240486502404
1494753430166032397
1494708803656425478
1494680574778302464
1494484592388186112
1494472014702206981
1494440899778121735
1494420262334476291
1494399970081914885
1494315055931969536
1494130365144961026
1493962261982900226
1493697740244766725
1493692415030530054
1493690922952904705
1493683277118558210
1493658334179864577
1493651951451529221
1493601855456395270
1493392747251785731
1493265447940153347
1492286802958462984
1492286800437592069
1492286798143258626
1492286792359415815
1492248909498183681
1492170890691416064
1492157548832735239
1491883713428344842
1491547858872553476
