1534063859484565505
1533927964080910336
1532255697403949057
1532180197902106624
1532116024434339840
1531893313447542784
1531817812066443267
1531753636648275970
1531709311348576258
1531427501280567297
1531014049055621121
1528855792299806720
1528553802055331840
1527406240980094976
1527038821463953408
1526956178449780737
1526937237669261315
1526680206710169602
1526317819389829120
1524932440279511040
1524870784195301376
1524502253222211586
1524143491990929408
1523920777845874689
1523845279333683201
1523721616320270336
1523089052559368197
1522395729234432001
1522105059722551298
1522033337686130689
1521969164289810432
1521746448433377283
1521670949069737986
1521571986354417666
1521384060022497280
1521308561782886400
1521244388730548227
1519496623444807680
1519068454225125377
1518707673486835713
1517571681610567681
1517322299321425921
1516959910151421952
1516684341010571270
1516597521920892929
1516178395075424266
1515434861661548544
1514468490572226561
1514423196245655553
1514411096676835328
1514106105743302658
1514060810154385411
1513634243368337427
1513342782743752708
1512184692426092544
1511822304711487489
1511569389971144705
1511459915994316802
1511207003133132801
1511097528732684290
1509649339584593921
1509322008504549382
1508929309116874753
1508560813208092678
1508307896534065156
1508198425145139200
1507111262144110601
1506386486295465985
1506026800790519809
1505661710274805770
1504574546787119110
1504321631115747328
1504212158745399304
1503959244361637889
1503849770825224193
1503596855719972864
1503487383114854405
1502037832071847943
1501675444248010752
1501422528618631169
1501313056436994049
1501219592676515850
1500950668382777347
1500589538590158849
1499504892095963141
1499142503567486976
1499061820891537410
1498885814025084930
1498780117471879173
1498413953008881666
1496605797823836160
1496247553997869060
1495998717660434435
1495954566906535936
1495881018653433859
1495514849970843649
1494082089062387712
1493706692240019456
1493451494066049024
1493449996309385218
1493340522810724352
1493311635582300162
1492978134970421248
1491894754811994118
