1534649989397348363
1534562151326789633
1534562149783191552
1534553838803292161
1534277876647968776
1534268954562203655
1534195421274222595
1532834543169839106
1532729594368995330
1532428583997689862
1532368068717977600
1531274232683933696
1530295277252321281
1530278988370812928
1530195351726178306
1530195350534905857
1529920697903878144
1529912005439934465
1529912004244295681
1529517692184559619
1529479724174659585
1529176881160982528
1529176879210569730
1528148677520408578
1528148676480323585
1528138691394387968
1527707094169927683
1527655333128196097
1527655331962183680
1527655330913591297
1527655329818939392
1527465818354864148
1527373866313494558
1526944416136577028
1526944414916136961
1526712253407444992
1526678185047367681
1526291268761968640
1525174168660099073
1525131802960187392
1524813191351508992
1524407883680653313
1524407882388852737
1522985482115862529
1522985476315140096
1522985470279696384
1522717131699281922
1521922684002652164
1521595458807861248
1521221894325915649
1520780086991065090
1520089561782788096
1519786812906123265
1519691087228682242
1519682613748940805
1519373984764153859
1519337551739375616
1519062392029818880
1519000695290138626
1518035847362220032
1517532443955265538
1516522156569595912
1516471868613701637
1515058150428360713
1515057841584889856
1514708937169330186
1514337770642284554
1512156025473880075
1511722051974971399
1511478654055989249
1510285645033394181
1509573520719761423
1509569741693796359
1508905818732863497
1508902186595586049
1508501530739105795
1507150342433112070
1507150340772167684
1507131096961413128
1507021254355607558
1506727094184648705
1506650974781329412
1506297277173936135
1505037839091658754
1504576860491075589
1504545073278636041
1504128847456968717
1503857038950027273
1503809355568844811
1503492739996004362
1503462451345608711
1503462447474216970
1502785256620916739
1502350378347778048
1501968271226163201
1501630395183505409
1501339063739162624
1501276997187784707
1501235819448836099
1500955262538199041
1500940501524045830
1499882977593118726
1499548993679941633
1499531849311338496
1499484755418562566
1499112273843003394
1498787668091707399
1498775301899366403
1498772079776305161
1498726597251194883
1498490392240660484
1498490329397354500
1498419695187288074
1498385007089434624
1498048114002853892
1498009964379574278
1497733913959190529
1497354606086664194
1497353724733407234
1497353719549251586
1497353718290948098
1497353715975663626
1496926917336997894
1496910810165256194
1496902296491503622
1496832736463667204
1496531804819542024
1496142884239773705
1496142882998210560
1494806679191494661
1494705551699292161
1494378179053694980
1494363483621711874
1494314173118963719
1494010693271629832
1493969272326049795
1493721284987035652
1493249674400210945
1491565778650513418
1491565776985378821
