1534684699599245312
1534661330627698688
1534629302184058882
1534597064520343556
1534554823902756865
1534545517597839361
1534305510442385408
1534274060787585025
1533921353677561856
1533855675503230976
1533828516181069826
1533807494304354306
1533583120317964290
1532531298442551304
1532531297054236676
1531641800653512710
1531259138319081474
1531097615068278784
1530229188757708800
1529105191701716992
1528833462895099904
1528755890928640001
1528055015436275712
1527639070045773825
1527325458269872128
1527284103615234048
1527284102453465088
1527026148999299073
1527002890908356608
1526921239884967936
1526659044316004352
1526631607402119170
1526305235945267201
1526280355233275906
1525959674339676161
1525196683398758407
1524779054066540546
1524764449437007872
1524749223639453698
1524479460078149632
1524420316449046531
1524138172006948864
1524138170694221833
1524138169536548866
1524068212790509572
1523724481704910848
1523676246281908225
1522652422979555328
1522599568860352513
1522264261287981056
1521885883527479296
1521556098804822017
1521236162735661057
1521202868660826112
1521129884038303745
1520130808589303808
1520047759201513473
1519854865119432705
1519738220241506304
1519681261559816199
1519494017607733253
1519406024977010688
1519381121179557888
1519066288491876353
1519057953550217217
1518987609065807873
1518630780699918338
1517110901798809601
1516847720039960582
1516507215087247362
1514947899334938627
1514937003313451012
1514605588935680003
1514261640304381956
1513860736388239366
1513663738926223367
1513575357567447040
1512447222281035779
1511782612074913792
1511708985149337605
1511452145194876936
1511337232820539415
1509893744933408769
1509843858477273090
1509595524030210060
1509565572312449031
1509556208243548163
1509268271572426760
1508842576463507468
1508806381066936326
1508531241548750852
1507378361584259074
1507023496857145349
1506982383039430657
1506376272129277953
1506340040254836744
1506296291898314757
1505941989283573766
1505003878974115843
1504892342121250821
1504567723610759174
1504534672621154307
1504505937549303812
1504203731470098442
1504100946711879689
1503830073639686150
1503772111281836033
1503451092927102980
1503149509982965760
1503145254207303688
1501924494214144006
1501606425876996099
1501569621119455238
1501569619538104324
1501289718981484554
1501289717324652548
1501207505862635523
1500945010543497219
1500936932209082368
1500931981001043968
1500847269880418306
1499502015638118404
1499103683111497729
1498862445686841344
1498855560661409800
1498853727150788609
1498846881119625216
1498826085655584769
1498785578623672321
1498746740920487936
1498689408056315904
1498677345321955336
1498432326862348288
1498241273504874496
1497337594912206848
1497337593641541638
1496531247052607489
1496151593976279041
1494740117063442437
1494722374058524673
1494684381407059968
1494418317209128963
1494402864768245763
1494343048850984966
1494072162927394823
1493989552268140547
1493645791474462724
1493318422070976514
1493247870836822018
1492242045255176194
1491828960602296330
