1534671621394419713
1534560026156736513
1534538383111901186
1534259495777484807
1534240180089106432
1534237598759239682
1534236386928230400
1533881236090933249
1533854515878830081
1533839514367664129
1533808386382389252
1532828157706895360
1532827995336998912
1532747946013360128
1532744482592067587
1532411995538038785
1532051143152611329
1532004297956810752
1531999236497231873
1531715081561587712
1531430857642283009
1531244044654940161
1530565055258849281
1530217767101685761
1530186783279009793
1529452850568470528
1529199339704401920
1529186125218185216
1528746949448503297
1527379061797945344
1527340811293036544
1527317711369297922
1527311158717231105
1526993774060048385
1526975818597023746
1526973831419682816
1526633704008957953
1526608251374141443
1526597746404298755
1526564944900235266
1526336702360346625
1526295170131451904
1526266268004888588
1526218134323085314
1525809972293971969
1525196236118274048
1525126726598139904
1524805262879690752
1524762197234266113
1524509906010845184
1524460468919754753
1524445846468767745
1524434623765352450
1524406923977797638
1524388594605039617
1524351112823799808
1524167886545342467
1524131184690798602
1524062844077154307
1523729952969232384
1523691298359627781
1523690586108162049
1523656970678730753
1522195657024585729
1521957843649277954
1521951697475678210
1521901468260909061
1521859152011739139
1521563526833266689
1521343553141710848
1521172820679659522
1521134287407489026
1520788124154175489
1520047200289660930
1520014031377113089
1519725040375410693
1519721352877518849
1519682709353902080
1519648876231286788
1519407283729580038
1519361169349386240
1519336262150275072
1518952959073214464
1518952870103687168
1518633615416037378
1518631370645553152
1517566444707405825
1517542698143698947
1517528459567935489
1517226277656317953
1517225694706769920
1516841452013301761
1516812591951228935
1516794566875222022
1516508654526246915
1516431035134885893
1516418776404832257
1516126944051486727
1516125032317083649
1515646502793752580
1515324550396928007
1515014176019779586
1514957723154141196
1514699560312049670
1514655781551067141
1514613137269350414
1514577678334152710
1514286223866703878
1514273027701231621
1513880022007877636
1513879665907322888
1513866916934389763
1513608710937063431
1513539871435943939
1513521745877258246
1512476356315070470
1512435130979266560
1512069246519447557
1512068883724705792
1512068780863606807
1512068691550093320
1512068575997009925
1512029921970999297
1511825164840886274
1511783322913058829
1511676342638571521
1511463653484208130
1511369303429373961
1511369201193209856
1511337392573141003
1511023507458695170
1510989818552991745
1510968967631814656
1510347137858646017
1509984192532258820
1509973569585008640
1509962565761306626
1509904668238917641
1509888663420817414
1509620443807899659
1509618357162680323
1509569464995614721
1509547036990967814
1509545666581876736
1509544044820635659
1509241044600295425
1509179498784305162
1509157952371965957
1508911494641111043
1508901372401442823
1508836083110400002
1508834666824052736
1508581980262342668
1508510513000599553
1508490890393780231
1508470603245834247
1508051218777530371
1507380746796810243
1507372326911885315
1507000003931394048
1506996237228195840
1506664303692288015
1506655479203778562
1506643691016003585
1506367299325992967
1506292694519267339
1506268738592686080
1505949723634675717
1505945733048025090
1505197189911429133
1504832830014210053
1504586918633353218
1504520658352582666
1504486017490841602
1504457695608377349
1504451195523538948
1504163944138694658
1504119623775494146
1503835678169133057
1503817752221470731
1503807668925911055
1503778465937567748
1503703306291625984
1503464930430930950
1503443875058397191
1503427743815544844
1503422067781341191
1502978530459615235
1502675787979243522
1502646844991721472
1502411544478380036
1502343848323792898
1502331712893861894
1502282947033894917
1501993866194530304
1501928213202747395
1501913512704036864
1501714183548768259
1501684450090000388
1501617081267204100
1501610634332590081
1501326424728387585
1501271990786789378
1501221503932710923
1501207253789126658
1500949511664984065
1500899046076080130
1500897995100991488
1500883618666844161
1499867111086333955
1499862598065565697
1499760157198372866
1499757314596814850
1499445611325759489
1499424740179685380
1499424504782667782
1499413480365080579
1499134592552423432
1499123789082288134
1499118944237535236
1499042408738304005
1498787957305663499
1498719969663762442
1498700843482329089
1498686156959014925
1498683751177543682
1498429244900261888
1498393286486237185
1498342000675930126
1498330724352540677
1497964744388526089
1497587759401222148
1497259722302439431
1497211530387070981
1497210265368150018
1497003309831495686
1497002661753016320
1496969398753832962
1496858707254296585
1496546226984165379
1496492106466177027
1496491198508421121
1496252988494602242
1496233487506022404
1496207620700618759
1496193456716320768
1496164407562452995
1496153476132450319
1495775326487601153
1494814549953978371
1494810631308025858
1494809672917950466
1494808777715073028
1494748533882298371
1494702008367996932
1494405748524212224
1494393714978050054
1494336023844638733
1494329916740947972
1494066947641774089
1494041655560790017
1494038911164850180
1493744686023933952
1493730593481261065
1493725101061201920
1493721457305976838
1493619180310089731
1493330194286977027
1493266393508327428
1492861365798772739
1492229573387370500
1492165154343161858
1492151548524253188
1491843614602891272
1491835460553003009
1491792786311434255
1491788425967505414
