1534648191567679489
1534565981103824896
1534302435879043075
1534248004693147648
1533886364646883329
1533178600765001728
1532793339602411521
1532754492306898944
1532436443913764864
1532400772666773504
1532110350140719105
1532067337935138816
1532029819000594432
1530259913297039362
1529903704974970883
1529903703800565771
1529903702508806146
1529463023366287360
1529232407047589889
1529217645509476352
1529213677689360384
1528759715622227971
1528736929122029570
1528736815787782147
1528736699936915461
1528736509855162374
1528736328791343104
1528736205889839105
1528735984808075269
1528735807686721536
1528735701113655303
1527732714845134849
1527363731428364288
1526980060997111811
1525531954749263874
1525208729376935936
1525161065620848641
1525158469644566532
1525147301404188675
1525136399762079746
1524489054473052161
1524428708483903490
1524116174212157443
1524108695067631618
1524089141763391491
1523786616296280064
1523744568583557120
1523387865128144896
1523024198817370112
1523008772200800256
1522722455663648768
1522702223515521026
1522650811221880832
1522330496159596544
1521909012035428356
1521618125963374592
1521612507223371776
1521607862790807554
1521569057794932736
1521566930662043652
1521523070116286464
1521324468626468870
1521308387933360136
1521272441758273541
1521238818694774785
1521209065430474753
1521148096713043969
1519440773116268544
1519437694232895488
1519378927315267584
1519302805579780103
1517945047391604737
1517621909340495878
1517567620693827584
1517561950951124993
1517521354748276737
1517521340701544449
1517312673502875651
1517253376182038542
1517242523395239937
1517140613400981505
1516589677863747595
1516588969357627397
1516527782532206595
1514386966648872966
1513878542274244613
1512156028741242888
1512110217072455681
1512094773678587909
1512076629853409294
1511853039690338312
1511789475382366209
1511782905311375367
1511453765253087233
1511428917969698817
1511378200047374338
1511115689477738506
1511113918755782657
1510000232486080518
1509983835202940928
1509974182343360525
1509963282412711938
1509946807140368388
1509642315912073216
1509637846923202562
1509567712598573057
1509302315811024904
1509272847260307461
1509189915543851011
1508947415734407171
1508883373879611392
1508533178578788352
1507530872395902978
1507466022583947264
1507466021367599110
1507461550478614530
1507079882874003461
1507060233067274244
1506987069889036298
1506795454947901445
1506773969394970648
1506759646295605255
1506715867656167438
1506715866083246099
1506709227984805906
1506357255976980494
1506279087500840977
1506019188669771777
1505996513985630223
1505966184100990980
1504218335881347073
1504206649707352065
1504206451295891464
1504151708531896322
1504111812408758273
1504111522641072128
1503856815590842370
1503833191806914560
1503828704228614146
1502377615356833793
1502083293474344992
1502083292325105685
1502066310989107215
1502037489023860740
1502021967305658368
1502019169348464648
1502000642973474816
1501678332445970432
1501381465946402817
1501371833920204805
1501338877969248258
1501304539655376900
1501298547441950722
1501262634116468736
1501262631805538306
1501262630454972422
1501262628924141568
1501242063723114502
1500153737700155394
1499869929180385282
1499835282937495561
1499759210149683206
1499478473349468162
1499477998394912771
1499190267269849093
1499130339062599686
1498808792166899714
1498798702047150088
1498784525282852870
1498745902198140941
1498744058784665607
1498733937761341443
1498438303955263492
1497354534112346113
1497339703590375573
1497262613872398342
1497262611892781060
1497262609804009475
1496976919648260098
1496976917333004293
1496976914795438083
1496627370324856835
1496580749885157387
1496513446246064133
1496159208500342786
1495115265461428225
1495107589008498694
1495102924749524995
1494743796080381955
1494682687042379777
1494367821891096578
1494097715344588804
1494069194933116937
1494063330088165378
1493997903324536837
1493731845636177920
1493696677949153286
1493635486761594890
1493592327079739402
1493296317287837699
1492923230180585475
1492220312284397570
1491915235741122568
1491915156766572559
1491914503570612226
1491870822486757383
1491554868703772681
1491539271488098305
1491534107972706312
