1534573065849360384
1534295615034691584
1534179392926011392
1534172640046305280
1534066119379542017
1533919204172345345
1533905791261941760
1533902443313958912
1533884085541609472
1533562824043204609
1533545376594243586
1533484635564527616
1533114521610592256
1533096032799711234
1532905697616310272
1532867016608169987
1532789121516724227
1532762925320089600
1532697685467201537
1532596842835415040
1532580580763832320
1532575982875512834
1532568374248673287
1532544652141805580
1532530889791512601
1532524409046573062
1532523521234051082
1532459994725203977
1532457743633858588
1532416744530366464
1532414741309792259
1532390639467433989
1532390198440603649
1532389582607732736
1532379283716550657
1532377988620230658
1532370527544803328
1532106021526814721
1532053553656782848
1532033947684708353
1531835153735196672
1531830981824495616
1531826303397154817
1531809644594835457
1531802443377479680
1531774271856562177
1531769793254137857
1531709753927286784
1531697560502554624
1531647728278810624
1531613932003155975
1531410792863629312
1531410585073631232
1531403663079620609
1531396664635834372
1531396530934009862
1531312630362738688
1531276728873947137
1531099794378301442
1531089829311696901
1531080864762892288
1531069715266797572
1531066520863907840
1531006285763825664
1531004068566540290
1530979712981417984
1530953042958372864
1530951627863113729
1530918138778472450
1530734870221160449
1530699515879120896
1530672274600144897
1530630519959977985
1530591072371589123
1530573242204831745
1530359708405616640
1530317577368612864
1530311890475401216
1530297228782448644
1530262815151468545
1530221972642316288
1530202073958166528
1530035334788091917
1530032387832299535
1530031520521535506
1530026831503425536
1530018385198718979
1530013778275868686
1530009904706101250
1529987955842076675
1529981031708872704
1529980622206390278
1529977353484607490
1529974589291483137
1529970430794162187
1529956694838632450
1529943563315953670
1529918449404760073
1529906010294452225
1529899728904851456
1529880746726510594
1529878249135915008
1529878041333223424
1529857227598725121
1529847665072263175
1529797241074065409
1529781244376109056
1529676990269333506
1529674157650333696
1529631620944232449
1529597266599849984
1529576201341259776
1529563757189423105
1529519803341365248
1529512194634928130
1529476872001794054
1529470217893646336
1529415722476134404
1529309651828875264
1529306667623624705
1529299035760254978
1529296904999272449
1529285769281544193
1529272882341236736
1529265724199428099
1529264549685252097
1529247298991050758
1529241752569270272
1529238420672983040
1529211609842860032
1529191255623753730
1528922679537020928
1528918011176005632
1528879190556217345
1528856838577475591
1528819251917758468
1528759392035815426
1528753824147640320
1528741636817227778
1528741040122994688
1528555321001664513
1528545681195122688
1528542110902894592
1528516763394134016
1528510418599264256
1528501691720650754
1528480844184268806
1528479173924233222
1528458986319663113
1528455719904849921
1528445979640356864
1528439901552877568
1528426393071230977
1528425346353225734
1528424234510340096
1528375506390990851
1528156733629247492
1528156480892968960
1528003817081536515
1527855370676363264
1527789563661299712
1527707149908033537
1527494065629052928
1527373511244775426
1527330806804275535
1527285217517522945
1527127032844410880
1527120513482498048
1527106466485764096
1527072500219355136
1527020982707400705
1526992575684648969
1526983737229070336
1526707064537489408
1526673770479599617
1526643653392977922
1526636976916553730
1526582297176203271
1526531229419446272
1526522031843450882
1526409049272729601
1526405991302156289
1526401252367732740
1526399553972453376
1526393928689373186
1526392670704357377
1526339573151842305
1526333006121664513
1526331939468222465
1526251269182078979
1526240407830548480
1526240162774237184
1526204425508900865
1526055604170764288
1526053947131273219
1526010563800625152
1526008667832586245
1526002191504392192
1525991109729697793
1525985990162145283
1525952987641925635
1525946300667072514
1525930465978294272
1525925464027541504
1525924198018732033
1525923678541578240
1525921600280834048
1525912448611409921
1525871123333644288
1525870197944463360
1525869216351416320
1525731940111831040
1525709192194949126
1525700226815733761
1525656301216313344
1525500466557177857
1525492801420439552
1525490947584237569
1525482267757248513
1525467981119209472
1525467766505017345
1525466614891782145
1525454762585600000
1525335332497006594
1525301282013077504
1525136333219450880
1525127804068810753
1525110190894370819
1525106265034215427
1525105036048703488
1525102634557906945
1525100917284118529
1525085331208404993
1524877648240992271
1524867247021473804
1524806851828776967
1524754080735928320
1524729318534004736
1524721889414991872
1524495535729750018
1524486645088673795
1524432447999549440
1524407165057966080
1524405819906969600
1524236850235379712
1524176231062814726
1524167456507502592
1524148273350651912
1524097255652970499
1524093962251816963
1524087271632289798
1524083028519231488
1523863522366693377
1523819171452182530
1523799993068711936
1523744259077140480
1523712607261106178
1523706479970177024
1523695669860388865
1523481228447342592
1523472260937388032
1523448324451598341
1523359855645704192
1523310205681176577
1523299820349583361
1523126833427795969
1523047610931728385
1522935932994965506
1522924449665855490
1522902944382869504
1522830708145901570
1522830454965088258
1522784447577436161
1522740558694961153
1522704492247982080
1522601032173244416
1522356047460978688
1522235024900190209
1522164582315307008
1522129261360001024
1522129082539986944
1522097753735581697
1522097089655689216
1521973705567576064
1521972868522852358
1521967777627750401
1521897989798866948
1521751754450292738
1521640331413884928
1521626187541360640
1521622802536693760
1521613008404811776
1521609672070815744
1521608281969422336
1521535388338122752
1521534993234681857
1521534561183846408
1521527883054911490
1521517094755614722
1521439434809372672
1521340822989402113
1521311541605281792
1521302962047537152
1521292609611784192
1521291721522524160
1521251367549026305
1521244436310773763
1521234786676838400
1521226481267003392
1521221404829655040
1521208172857507845
1521164398307512320
1521128024372125700
1521127388318474242
1520920508803559425
1520913006456152070
1520908132662263808
1520903699048157185
1520899589234171907
1520841930703265792
1520837737888235522
1520824208552460289
1520810715732348929
1520490000416231425
1520399499998511106
1520394838881062915
1520259899342704640
1520257256541065216
1520183234117652488
1520166378560491520
1520128230249963523
1520125882370822145
1520102110313996289
1520011651801653253
1519889049976254465
1519886728558952448
1519876831545106435
1519874439168643073
1519832585840566272
1519828469563203584
1519826767220985856
1519811387417112576
1519785637171376135
1519762305273274369
1519656306755477505
1519467613235159041
1519362973562769412
1519361997917372417
1519338099620335619
1519293347671728128
1519283308760338432
1519150844897333249
1519146870559420416
1519132901119606784
1519130984649793542
1519124471134703616
1519102811761516544
1519098468450676736
1519093894474084358
1519093644086718465
1519089814519353345
1519087810170568704
1519066966425755651
1518998201407348736
1518971674758197248
1518970623799799810
1518962634095312896
1518750873874280448
1518748516662788098
1518729572992356352
1518707102772088834
1518689543855255554
1518608257186729984
1518586326018400256
1518250281871544320
1518202286530609152
1518151191036837889
1518049223308161024
1517945357359005696
1517924049837600770
1517923529123143680
1517907681863942147
1517902802940485632
1517902412987748352
1517897943524720640
1517896833703555075
1517796701238706176
1517692119485460480
1517677097749209088
1517638916005933064
1517612496189804546
1517608837674639361
1517604847708774402
1517595786854473730
1517594977265758211
1517576327683051521
1517542429213167616
1517523586013036545
1517517299690975233
1517509669647896580
1517468354860048384
1517373039486267392
1517355977791746049
1517340677897527297
1517312763655241728
1517307072651530240
1517280989994651648
1517194948453490690
1517180826529648642
1517162908446126081
1517131237294440448
1516904111702118400
1516826179986096130
1516629023102685186
1516627796423970821
1516597300545482753
1516579330511413249
1516553626893885445
1516421227908415507
1516309628216217604
1516302412457267200
1516295992592658435
1516211285196648448
1516199072985755652
1516174279917903877
1516167343222710276
1515877001197985796
1515835304128745475
1515826747475906564
1515681663715622917
1515647236184711176
1515528903913263113
1515516108052303872
1515479408450146311
1515475468996198405
1515471440174358537
1515463599602507777
1515418196081356800
1515412909043732480
1515384217261289473
1515360429505236995
1515347160790970373
1515344244910833671
1515341763350831126
1515301300891795457
1515178763486695428
1515041172355526657
1514960020454129673
1514788411038568452
1514345065652670467
1513903481190559750
1513594625797373965
1513594223576203268
1513539087260602371
1513332338117201924
1513326944854720513
1512814125465931788
1512807518732443648
1512773614839468033
1512554316598493198
1512533206335201280
1512520017484697603
1512477292383305729
1512429713083535362
1512174646644428810
1512135943595175942
1512114231138738183
1512101249226883086
1512069751593263117
1512069744794353680
1512062652557668363
1512045303612030983
1511911970005528579
1511815524912619527
1511810665899606017
1511750132290752525
1511748948612030469
1511672823328165888
1511501215514902534
1511495589090971657
1511482242903728136
1511447888227966982
1511338560493867014
1511189347969683457
1511056647682154499
1511003320898494472
1510758114764722180
1510727078488027141
1510647078078369794
1510622841888288771
1510605243373043723
1510461893001072642
1510412851432853508
1510336066657697801
1510332608663724034
1510322349870039046
1510232841770217477
1510054022866251776
1510049216101502984
1510042310796623880
1510038298173059082
1509997207524683778
1509952324625702913
1509908950522765317
1509886880447438853
1509880783242149889
1509880580632104966
1509868128863506432
1509728816373055492
1509727859212009474
1509703863112241153
1509676695212765201
1509641958062493700
1509625350107582465
1509596140190240771
1509581535493734400
1509557840494608399
1509505147021500420
1509363842928807939
1509202812365946884
1509190667544768519
1509143508405440516
1508940503148122113
1508934365014892547
1508905184143069190
1508877542656290824
1508827715251720200
1508663724139327494
1508551080342339595
1508524627215142922
1508500856173387788
1508473644338589702
1508194204551421960
1508169347277152275
1508140658288168966
1508139348084023308
1507916952395788290
1507769490314047488
1507753680665260038
1507707916018716674
1507620793244688393
1507545272351612937
1507537571118788614
1507476251342163974
1507443265041100802
1507300181213077548
1507299117365616647
1507277449138257942
1507272242627059712
1507266254062727169
1507222233135026176
1507049446785400835
1507032253255233539
1506760994588143620
1506692969990082564
1506683077342502912
1506579232297820160
1506368441271336963
1506365181508661259
1506331671574069253
1506300037315403778
1505988120554221573
1505968407195394052
1505867523329249281
1505689278306611200
1505665728044683266
1505605254569680901
1505544553914245129
1505311415325790209
1505192615787974657
1505018706123890688
1505016779650732033
1504898002678210560
1504846879313510430
1504843346119954434
1504764090274783234
1504636651729039398
1504602322646835206
1504516329826656266
1504516254589239304
1504483769549393928
1504290768038551562
1504239717872812034
1504224907969839109
1504180071917142018
1504125184449695744
1504093162750500872
1503777282036543493
1503689981998604293
1503626962635472903
1503620977174921224
1503582877270757376
1503538562725122049
1503538048801288194
1503453760642695168
1503220131844931587
1503219405064450050
1503151179265548296
1503141516138749958
1503069209600958638
1503030655852199950
1502776588575944710
1502762102183895046
1502496653537943557
1502483023694077963
1502473146439540738
1502458470448209922
1502399398080352258
1502373394255339522
1502370736446619649
1502369515384061958
1502365919758233605
1502363872619024387
1502352592827195394
1502086231722795009
1502041378666303497
1501962719787986947
1501937662885654536
1501932797321048078
1501928359068004356
1501927174407798787
1501924927925940229
1501911427111661568
1501734381785911297
1501692685727457281
1501668008288301060
1501579580892762117
1501578329220128775
1501564796201844740
1501379832428601349
1501354275842269185
1501280927107981320
1501242706726690818
1501185983097839622
1501185332057890831
1501063731127721984
1501048618916225027
1501041984127045632
1501021925719650309
1501021460068024324
1501008847561015298
1501008349554524167
1500989405921697810
1500932879710310402
1500898313004105736
1500892660302856195
1500817417630621698
1500815521960321030
1500650421962084355
1500638937768996864
1500600996854222857
1500590630526930944
1500344979914379268
1500172278570565634
1500168876272889865
1500135363045638154
1500130548395745287
1499962039577546752
1499936029544902657
1499912930187489280
1499907875895971851
1499893140018188291
1499881885568143361
1499854658600247297
1499848565027323905
1499531158043774991
1499440055781404674
1499345385130704901
1499343476584230914
1499149798426951681
1499149326987243529
1499139419416285190
1499093154137583618
1499034080830267392
1498894742763061249
1498873902042390533
1498857658882875407
1498856953593962496
1498855468990619650
1498853652064346118
1498848394864910342
1498845253083750405
1498818826800087040
1498801510515363843
1498798134209744898
1498767592248467464
1498718063004430351
1498629435226005507
1498495540748816384
1498480904687300617
1498404847112146950
1498401949519069197
1498399638432456704
1498392593457205248
1498365301704081414
1498364257121017864
1498284629471772672
1498134457424953349
1498120731942662149
1498099397573451776
1498087757738131458
1498086363941543943
1498071343081873411
1498054690566819840
1498041994312097796
1498041001818173441
1498032716402544644
1498026046658072579
1498024232629932035
1497992227448045574
1497970799009046546
1497793024990007296
1497781616298631169
1497780362260500481
1497779680107057152
1497778470595829762
1497776142388015106
1497771971018477570
1497757082480697347
1497756369264463875
1497744419281383424
1497742413808373761
1497738010980499459
1497728648115195904
1497686880133038085
1497685113693511682
1497681487386353667
1497675726866329601
1497668935893852162
1497648779788533763
1497643629212536835
1497627106775375873
1497617467262308358
1497614617299795970
1497614101249413127
1497581981944668170
1497581867033313284
1497570677624393729
1497566691097817090
1497559344044556293
1497439481112276997
1497436453260992518
1497435902301384707
1497376605802532864
1497376377292603394
1497369874531770368
1497362005430308866
1497360761420754945
1497359675888656384
1497350252998934536
1497347787247267852
1497346177108529154
1497342536423247872
1497301560191115265
1497298825869934602
1497296020962783240
1497295921633181699
1497245277371211785
1497064634074943494
1497059417002500096
1497056187141042177
1497052141193768996
1496997411096510475
1496984552790704130
1496945970458017792
1496935842119655439
1496838871862358018
1496817704103251972
1496700279089250307
1496692572017860609
1496684825251569666
1496671351117078528
1496669143797538820
1496628942727438336
1496607852315742215
1496603057404194816
1496563814594236423
1496476998209839108
1496444330822840321
1496441652298276865
1496333017060904965
1496330329128423424
1496263369426452482
1496244487663853573
1496243138033299456
1496097024684478472
1496082986676195331
1496048890545647620
1495878336056332300
1495584204893134848
1495477309528330244
1495476239305433094
1495365579468849162
1495110163799306241
1495079788876156930
1495079658152349699
1495072453692772353
1495047135569580042
1495042274496954370
1494749235677478919
1494731858462093312
1494695096155086851
1494669706736906250
1494666652650250243
1494662946567426053
1494661115921506308
1494491003750952968
1494456277195501572
1494283543228432384
1494074056475176960
1493827780357853184
1493683072042258446
1493650288649117697
1493600425223798788
1493403222286950400
1493381727972167685
1493360500528267266
1493312926098374662
1493260587123585026
1493248489983287297
1493069088230285314
1492908587491856385
1492908078185943043
1492901829289472000
1492689928492183554
1492576008678952960
1492558543626461187
1492551262201520128
1492165469897314306
1491972981257654279
1491971917322113031
1491969968598097922
1491965513274216455
1491963549996011521
1491951802027237381
1491949780313989144
1491940362809663497
1491938409987952640
1491923754439647238
1491875077314564108
1491863176073392130
1491857345097392128
1491856316192948224
1491843692579201026
1491645295192678405
1491636628129030146
1491635133002231810
1491614166704082944
1491608912512098311
1491605629051490304
1491604020619796480
1491559390842925058
1491551418020413440
1491537742018322434
