1534642115640283137
1534642112360243205
1534586709303775237
1534367769516449794
1534260560648359936
1534225960005947392
1534199713788047424
1533918120104103937
1533907062777909249
1533891596017606661
1533891589151641602
1533577239920619521
1533443625673269248
1533443624742141952
1533118338393686021
1533095669321322498
1532756804333187072
1532725680668131328
1532446884572368896
1532426617192075269
1532109288369422338
1532109287035654145
1532097245901905920
1532036352799297538
1531735092481097728
1531735090971168768
1531715397120049152
1531690721832493061
1531384850732789760
1531326176387530757
1531326174667882500
1531120811515469829
1531055998953304067
1531055997577572353
1531055996147310592
1530933913853603842
1530933912565956608
1530713761304158214
1530713760033300480
1530657341955354626
1530311026431905793
1530260935146889217
1530235111999946758
1529931265582977024
1529900243998978059
1529850933814894593
1529525894951346180
1529217126271275012
1529100377504849920
1528865644653182977
1528839095925018628
1528775789642129412
1528443007015325696
1528112210228064256
1528060194030202880
1528034105417400321
1527404087637069824
1527339863841746944
1527331821142171663
1527066699861745672
1527019181719298050
1527004164374528004
1526669946444468225
1526653680145076225
1526595442548645891
1526320061413314561
1526320060247285762
1526286361837305857
1526188038992318464
1526188036773617664
1525826206054195202
1525210513814192129
1525196806577061891
1525132497121591297
1524885759588720640
1524810002296455168
1524487467302330370
1524436011236876288
1524147018997944321
1524060748917395456
1524028315652300805
1523793688031244289
1523758006928044032
1523745675195822080
1523332642489262081
1523041439281664002
1522698105866661888
1522663779590447105
1522308047460253697
1522297801207595009
1522285263761854466
1522260081227747332
1522230953720094721
1522230951572606976
1522220036815007744
1522213000991584256
1522007141107781632
1521987161435815938
1521927224248651777
1521927222290010112
1521868499756400641
1521606740520882176
1521597937381482499
1521597933556224006
1521597932469997568
1521597930775490566
1521585526595325952
1521301025096884224
1521237249022640128
1521199191179022336
1521199188402479104
1520880406572285960
1520784869776896001
1520784868183101441
1520453250956369921
1520387705946972160
1520158199223103488
1520150493158326273
1520137920421765122
1520133522597588994
1520065369699979265
1520065367736995842
1519791069550059522
1519734060809138182
1519712546483224579
1519465942396329985
1519454135434813440
1519431653868945408
1519408541320327168
1519381085276278785
1519373643805077505
1519328270860357633
1519040714637778948
1519026843395014657
1518945305844236290
1518780465351639040
1518688761709797378
1518676254106566663
1518676142445764608
1518249924651016194
1518040871056605184
1517927897159413760
1517927895230042112
1517927893803876354
1517927892453408768
1517927890788229121
1517927889433468929
1517927888095531008
1517927885612462080
1517896712161054723
1517590041429745672
1517531086259208192
1517273386619125763
1517273384316510208
1517227312680521728
1517216952481206273
1517216950627221504
1517216946294603777
1517216944272850947
1517172227120287744
1516923314484260864
1516862010667020289
1516791901038469125
1516538421703057415
1516436297463836673
1516170981156565000
1516170979810099204
1516156413860618251
1516147840044740617
1515672330760077318
1515352991733329924
1515092934839967746
1515061235984867334
1515045911197589515
1515036017220366336
1515021607177183237
1514696873478660103
1514696871591223299
1514628484202696716
1514358623010447369
1514331188814651397
1514309029312536576
1514284226635571205
1514259595585277953
1514031828524490761
1514018644837208067
1513980962631204867
1513940890598793216
1513911276623306766
1513627143745548299
1513610023439683594
1513599831620694020
1513599827162144772
1513550236492484611
1513160330041597956
1513160328812675073
1512820890303705099
1512796581875134467
1512528399448870913
1512507088320311304
1512455416256548871
1512187715835543553
1512159795670925312
1512159794525843464
1512145272989753346
1512134822155755521
1512108102182653954
1512080958672887825
1511826990940176395
1511816065646538762
1511806082036817923
1511706960470683653
1511482411284148224
1511467778733223936
1511365662731550724
1511037374675013632
1510679860104024073
1510283962610065409
1509972708595048448
1509936999267983364
1509929797111193600
1509652395961290755
1509567967658487810
1509559579436273672
1509523735086313473
1509287863531233282
1509274725788397573
1509270203045232648
1508918644817997824
1508857172293214217
1508606810210590721
1508564527775891460
1508502500688773120
1508150492412760065
1507793689648812032
1507428511191117826
1507088302423298062
1507053200184168456
1506756846001995778
1506729026764816388
1506687630376902657
1506675812136853509
1506629479971667974
1506383456833581066
1506055155749380102
1506005875709788160
1505992058246508557
1505543145248940043
1505171049922678787
1504814338732867584
1504571025585061893
1504544086593871872
1504541038895149057
1504463936682401792
1504232800010092556
1504209503868313605
1504184574351486980
1504129596383543297
1503899208243372032
1503821511924359168
1503768150185238532
1503728114685333507
1503499584819105792
1503465559039614979
1503368915862306819
1503169505547145220
1502358147410935817
1502341735363534853
1502142288709013504
1502072053163245568
1501932037401284614
1501686200574296068
1501643780956557318
1501345234147495937
1501333463504465925
1501307803910250504
1501246856759816197
1501226148365094914
1501213973785546755
1500978233340305412
1500502568065191943
1500141956667785218
1499886342628651009
1499879907706474498
1499859721624428550
1499850656831713282
1499775502097301509
1499546709315174407
1499391347706540040
1499155236929388554
1499147014344433668
1499143355200118791
1499050054077796355
1499034481512046598
1498864792433528834
1498796707064295435
1498791465635483652
1498769904371224576
1498737082973446155
1498463312044081157
1498450681908318208
1498434540599193600
1498376217656967178
1498063881373110272
1497996349857538048
1497639483004575748
1497365099295739907
1497330488616312837
1497252597333475331
1496966105818148870
1496705500934725632
1496613437492899863
1496228062941298692
1496194402322161675
1496169195037499398
1496135980360818695
1495816382532964356
1495133835280982023
1494735719935393801
1494721367375327240
1494441364892827648
1494082137934467084
1494039448446808068
1494020423306129418
1493785660632678402
1493673155927363588
1493309189090910212
1492972425004392456
1492500388821540869
1492235544230875136
1491895214994333701
1491832712063160322
