1534627860769607681
1534610302490361858
1534583069654536192
1534548847866920961
1534539377489190915
1534528215619870721
1534275316176277512
1534234640487174145
1533866616190029825
1532778919262310401
1532410340398473216
1532026923450245124
1531295933358559233
1530281565196103681
1529931337326641166
1529445285952471040
1529289598240706561
1529192190982897667
1529154519183024128
1529111112679047169
1527390303329599489
1527337184579448832
1527297689737641984
1527297050001707009
1527296218518671361
1527260207813894144
1527030888734801920
1527030727543513093
1526977208455241730
1526955176808030214
1526674906968211457
1526649668544958464
1526591793650978816
1526323936933330945
1526296225280049153
1526295751315308544
1525209340818374658
1525144449046794240
1524822405868306437
1524789946372001801
1524457975313752064
1524457515899047938
1524183975916359682
1524093755938291713
1523812752447651840
1523751426450915328
1523705731702132736
1523662186127626241
1522313699566002178
1522261488148307969
1521863627556405250
1521580577572503554
1521536499300323330
1521509184218574850
1521508505219440641
1521200328200364034
1521182134391742467
1521139815005175808
1519785405142421508
1519761916733923329
1519382916123533319
1519359917429346304
1519346324130476033
1519043211527917572
1519022020998094853
1518968955574140929
1518666320849649664
1518606325906878464
1517582768376590340
1517533595908329472
1517505071415705601
1517230105436770306
1516104979974610953
1516082099526291466
1516068670430138371
1515494202842521603
1515100519643160577
1514998841610846215
1514356575481303043
1512521089838161921
1512477498327584778
1512444608990560260
1512226429425045504
1512200478075101191
1512087945129312256
1511825941298917379
1511812824703582213
1511786500253487104
1511737096205176840
1511723347025055753
1511496160430678017
1511436030251081742
1511403827454488579
1511096885758541829
1511082893975724042
1510635036873269253
1509982558381092874
1509956941199646722
1509680725095862278
1509631106823376898
1509587291714564098
1509531948963676161
1509355608738254853
1509297621524959238
1509236843874861066
1509211176751796226
1508881181269446661
1508830546075561999
1508548470973554690
1508474576237432833
1507433552018821123
1507038889000804358
1506813556926341122
1506724618102583300
1506690818995806209
1504901540007530500
1504834099680264203
1504564706433974275
1504541731295055872
1504516630239498248
1504154230256545793
1504144460384374785
1504110463256350725
1504097996694241282
1503827346461237259
1503820183223287811
1503745100526014464
1503458016074641410
1503434014765502470
1503416860771037187
1502840059631919115
1502389814385119238
1502375944308338696
1502375091673387018
1502374289122672649
1502373571234082818
1502372495298547712
1502371056237125639
1502346874623299591
1502334958442098689
1502060281282838533
1502021861735022593
1502000229020798977
1501683657504964608
1501673356709482496
1501664926976327686
1501648412072099851
1501648123176837121
1501570797978144773
1501328276828086273
1501324084264640513
1501282946392551426
1501256845968687116
1501248360468168712
1501003692438622209
1500955339864387584
1500940790444478473
1500914673406955525
1500210218768257032
1499850331529879561
1499822552704856070
1499504916720726017
1499413868300410884
1499404905701785606
1499158559044648967
1499130282254950404
1499113251279413250
1499102464796250122
1499070217070260224
1499041834714206209
1498878755015643138
1498864237283794950
1498857498345889792
1498855361922617345
1498854309215281157
1498850715644661763
1498848143865257989
1498776372218638349
1498764760397066240
1498731546483867656
1498730516060721161
1498715495373094913
1498698050658869252
1498679486216384526
1498516275483627526
1498464689407336452
1498419876091809799
1498335272290992129
1498144448076820481
1497324536588500994
1497298905125556226
1497285625736744961
1496944830194331662
1496861182157893632
1496648472904220676
1496575104402300932
1496565184021807111
1496147807069261834
1494799078902927360
1494766337838751750
1494690086063161346
1494435889010950150
1494415949520322566
1494391917601247232
1494331446604926990
1494126714741567488
1494036691723735045
1493987173800030209
1493705094868738048
1493689400793964545
1493678583017005058
1493663492116729863
1493357763812077570
1493345681578283014
1493311180311564288
1492251312670613505
1492218359877976066
1492210726894772226
1491860456176242698
