1534631695932080128
1533938745220677638
1531744206947069952
1531669628161761281
1531252637173153792
1528819319513272323
1528121480185266177
1527776067246776322
1527416124551352321
1527036652924837889
1524849106828640270
1523272659059937280
1522272981224939522
1519105789989953537
1518686116387475460
1516808040498057220
1516516510503784448
1515719245900005376
1515117929725104134
1515117893494747136
1514626364632141830
1514283544201371648
1511763020753653765
1511763019306520582
1511458486747639808
1511434711402430468
1510017707567206403
1510004595317264388
1509575285078990866
1509575236978720776
1509530090337550348
1509181263399301120
1508877446053085187
1507460492700561410
1507377031385915397
1506286407375011841
1504895519834972162
1504895369079103489
1502373463784361986
1501962587050856452
1501283374459150344
1499882760852361218
1499436202650480645
1499156614284259334
1498787535589462026
1498409169149476864
1498364686689046530
1498096380228911105
1495871418600497159
1495799144954449926
1494388314811600899
1494008844414066692
1493969135021211653
1493361934225260544
1493361858757238785
1493360962879238144
1492215078724243460
1491882454117933059
1491575336718544902
