1534212212243439628
1533954406093307905
1533934070677352449
1533120996114411520
1532466523914240000
1532398649614950400
1532014928168615947
1531275150322196480
1529924669020819456
1529903433569927168
1529223857369927680
1529113385077731328
1528741668970807301
1527720441204379648
1527720250657087491
1527319032499965952
1527312605072674819
1527312603738873865
1527014448111800323
1527009040785719296
1526656616849891333
1526656615738482688
1526656614522028034
1526656613305569280
1526532057630900229
1526348068517564416
1526254261537017856
1526212817040420865
1525207739550556161
1525207738330005506
1525207736941682692
1525207735746412548
1525207734219591680
1524855639670984705
1524822731862179841
1524113323406544896
1524113322358063106
1524113321133285379
1524113320046907394
1524113318964867073
1524113317882744834
1524113316657967106
1524097335361478658
1524055958179221504
1524013087036256257
1523761991961120768
1522250183484092422
1522234669575589898
1522025984999972865
1522018996115185664
1521586776070103043
1521573346395271171
1521549864303267841
1521504407451574274
1521502478096818177
1521300274148749314
1520045316715782144
1519749713649614849
1519705781033181185
1519366692446613505
1519028833852211200
1519000286643249160
1518940905469788161
1518217711633027072
1517148124032077825
1516562130429956096
1515703566211719176
1515012082378358790
1515006653015506951
1514598393099685897
1514311299055984643
1514266519831822341
1514259108987383817
1514259107510947843
1514232803973545988
1513669368835678213
1513595780841549825
1511790172333125647
1511785534217232389
1511427214159589378
1511406263212646407
1511345845127553028
1511020672193028106
1510396751382986752
1509593464668925957
1509548533824868362
1509343789936218113
1509215623099957251
1509156066461900803
1507168234881097734
1507054269572259841
1507050757845045256
1507045337113968641
1507009825208619022
1507002492118351873
1506771101468311555
1506447210527002625
1506423555495448576
1505985652512497674
1505546960044007425
1504140370187325441
1504130205912375301
1503786121007882248
1503738657794142210
1503736107854446595
1503704799522574337
1503470657018875906
1503457898046894086
1503162094715555843
1503093841246756870
1503071537485819912
1503071535996837892
1502367587908431874
1502336517041176583
1502336515669639171
1502046757034901508
1501942475111362562
1501704136835878913
1501700191153541122
1501696500878950406
1501692833631293440
1501688542866644993
1501647073480953860
1501646743590608899
1501615662137061377
1501615660794888197
1501300114102624260
1501230840562421766
1501028096895561737
1501027862127820805
1501027540462448642
1501026302459006980
1501024840639209475
1501024494202376193
1501024166555832322
1501023859058765826
1501023399174365185
1501023131301040133
1501022694631948292
1501022455531507718
1501022454021505026
1501022247162724355
1501022087233916928
1501021860997259269
1501021741153464327
1501021438085582851
1501021436722434049
1501021224599793673
1501021064540917760
1501021063483904007
1501020737435578369
1501020736093364232
1501020553238519808
1501020373722226688
1501019914865455109
1501019146116648963
1501018663209607174
1501017733244276738
1501011849726369792
1500868163491274757
1500517551800991749
1499841996520833025
1499778728150327298
1499499943727411208
1499418595369041925
1499144986356596737
1499138688860700678
1499109103213371397
1498742515037782016
1498742512629989376
1498685435731656709
1498654196765270020
1498468889562333184
1497916791812767752
1497601145585508362
1497596909778718727
1497278984844943362
1497252551019962372
1497233608230195201
1496972663532756996
1496824331732664321
1496624469179355140
1496612852395921410
1496550102944653317
1496212167045099525
1495920252529557507
1495775660639408132
1495454986662297604
1495411799646220295
1495179932426772492
1494840657361448971
1494713370662129669
1494052111562256387
1494027647717892106
1494023279979511813
1493734258514530305
1493717879996440578
1493560720499298309
1491894141218926594
1491885489573531654
1491853786058571778
1491850930895175692
