1534658298724630528
1534626471767117825
1534609096854339585
1534579587803381760
1534562646804013056
1534540528410320898
1534319441764356096
1534303502507331585
1534240749709103111
1534207844807069697
1534177862374330370
1533963501219332096
1533874738090713089
1533851294217211904
1533801347170148352
1533462213817679877
1533227971959566338
1533089247871307776
1532820632362156034
1532768384626171904
1532720070555836416
1532541086215847962
1532463754750971904
1532463753190690817
1532463751638749185
1532463750091051009
1532463748161626112
1532463746299338752
1532463744009359360
1532463742428106752
1532419597042868224
1532388133165228037
1532354753757331457
1532133369710096387
1532127378675314699
1532091117910609920
1532084201754869763
1532050199723626498
1532007239061471233
1531990643014344704
1531785798936416257
1531726095967473665
1531693716196532224
1531678430768644096
1531633566895210498
1531277572390244352
1530915955114745856
1530633724190130177
1530553857956274176
1530313851765391360
1530273889149927429
1530186802103046145
1530019882284228612
1530006311584268294
1529969799241031680
1529910863997681665
1529823343431385100
1529620093902147584
1529558906552389634
1529558905298178048
1529558903209459717
1529558901967962115
1529558899996631041
1529486226520145920
1529471033836707844
1529246947789373440
1529217840200417281
1529152537936510978
1528834793533755394
1528795765786689536
1528736164018102277
1528530094116986884
1528382227066888193
1528107960689360903
1528087134346874880
1528017796759789568
1527742840238919685
1527737154583019522
1527709669220831233
1527639681579589632
1527446086176104456
1527420602364985344
1527387571495415808
1527348767304822784
1527308877707894785
1527281116407042049
1527071414469132297
1527071412657213441
1527071410459484160
1527018692944531456
1526979608419217413
1526910483587952640
1526652470671331328
1526641000697012225
1526602176428113921
1526567459767164929
1526373477695074305
1526344311851327488
1526279619418128390
1526244652420046855
1526196866400002048
1525947232331128832
1525896784773537792
1525558567771815937
1525488120061378562
1525262239309221889
1525223006406168577
1525197440328126465
1525125674452885511
1525109037443997699
1524926998744801302
1524907735640330240
1524857768145997825
1524822075462062081
1524806332766998528
1524800370953924609
1524789761986244611
1524763526551724032
1524763524794400769
1524488356247347200
1524474352883929094
1524453761715953664
1524420860198674432
1524413938460512256
1524383690788376581
1524378440694181888
1524192165739614208
1524154372506238977
1524116791412281347
1524094477471817729
1524094475861217282
1524090380077182976
1524060099769155584
1524032095055720450
1523791988575043584
1523752257141018625
1523712750714712064
1523653273600724992
1523037488318582784
1522953072385097728
1522675518591676416
1522667364252274690
1522625580881137665
1522581839923269856
1522376800420216833
1522313028707958784
1522287108190261253
1522270628711129088
1522220252758781952
1522026666603819008
1521997117950152707
1521970169123426305
1521943864017399821
1521904717118509058
1521848215758327808
1521604478067163140
1521563502288252929
1521529779408805890
1521514647991562243
1521301933897756677
1521255996227731457
1521212247024021506
1521200871954071560
1521155622242291717
1521120865919905793
1520921411283468288
1520865154828845056
1520769560701452288
1520495104380874760
1520418799111086083
1520182500395560961
1520103712764612611
1520035263346528256
1519851612759539714
1519817228258000897
1519780944462368770
1519742403900547072
1519694838458892288
1519669708794040320
1519466864509960193
1519415696077299714
1519386774048550913
1519346971571539970
1519309217760485378
1519309216607084544
1519309215457812481
1519309214283350022
1519308726385229825
1519302449131134978
1519133540763553792
1519097157814472705
1519078826344853504
1519020911281807360
1519002232183791619
1518978852055363585
1518945439919321088
1518702084048179200
1518661103835885568
1518586075320659970
1518352830121365506
1518276310791081986
1517970159817928704
1517950443212705793
1517880597909319689
1517618046248144897
1517552584243953664
1517499832386138112
1517309885779783682
1517259382240784385
1517195685619286016
1517138353245679616
1516949113912311808
1516923061626355713
1516844600782049280
1516781241323954181
1516544261839331337
1516512936923222022
1516403730073202692
1516203824851075075
1516168141914656774
1516122552950734848
1516094490796339200
1516046867557146625
1515694842483023875
1515432725288787979
1515342067261661190
1515091234213220363
1515052208915722242
1515031204910841869
1515017105430786056
1514972932258336775
1514778357342224399
1514708006776283142
1514673404531687424
1514591781266104326
1514405904787165187
1514365826689900548
1514286702323544077
1514239005117886466
1514039370189352960
1513992772637929481
1513973874471448591
1513915409870819330
1513881687343742977
1513881685359829006
1513881683266871305
1513881680167247888
1513881678153932809
1513881675742294029
1513881673405980682
1513688384069373956
1513683100496244736
1513601419936473092
1513555315391975431
1513508988331175943
1513237957523742726
1513156812513624065
1512886911374970888
1512879324076154894
1512813287876014084
1512537897236377607
1512458051692941315
1512423303373332482
1512198567968092161
1512168518212534284
1512133641664712713
1512123434045689861
1512109637310558212
1512052576941838340
1511861737800323078
1511853274474987523
1511831098917105672
1511827897866145804
1511783863319732227
1511754428558286856
1511714853119012869
1511496184208232452
1511481802443173889
1511452470257635333
1511416467677499400
1511339185831133205
1511134263395160065
1511038203230310414
1511003340485894158
1510980811981570058
1510641826558054403
1510376188652494857
1510271902992199681
1509975752783142919
1509941701875490821
1509926043771150342
1509880177941176326
1509665611152044040
1509616850707128325
1509517616066580480
1509352595919364099
1509329165748682754
1509268171534082049
1509247336945532934
1509206439323127813
1509164226841042944
1509001607521972224
1508973284892848129
1508955085971283984
1508916364312027139
1508899712287625221
1508859808543387815
1508815602806362129
1508776958443806728
1508592924568829952
1508575242737926144
1508541217956638729
1508490908496539654
1508471029886341125
1508452157565059080
1508161354712162316
1508092262835703814
1507819740127023107
1507722288346673159
1507525072029986817
1507507726833885184
1507474023470444545
1507467103460331522
1507426060165599236
1507369545610285064
1507337270130614272
1507120428241891333
1507081647858282496
1507049785567629319
1507001804437000200
1506769695633985550
1506722462515478529
1506686090824069124
1506627568157478920
1506437821279707139
1506402968626728964
1506342899163795459
1506262928852410377
1506067640527241221
1506029483836547077
1506002698692399107
1505930550510501890
1505906014121570318
1505620187105665024
1505544690288009225
1505268445155315720
1505241734049116161
1505182310135697417
1504926215592980480
1504903805216993285
1504866716274331686
1504838486561628163
1504820190764224519
1504640363063128079
1504602645125910538
1504587168689360898
1504566737915854849
1504557660493991939
1504534927836123147
1504502259547353092
1504279768153399300
1504251012667768837
1504243394284953604
1504201355593932807
1504183730461630471
1504148127418306567
1504126204345036800
1503908401704673283
1503877082815901697
1503827131419308035
1503790085837398018
1503743475837292548
1503485184586489867
1503435148532015104
1503411221227266050
1503361130500005888
1503149966985818116
1503108223116537856
1503007974092070913
1502745423881990146
1502669246244958211
1502414948349235202
1502395993928654854
1502376771655716865
1502369910613151745
1502293930825576449
1502104327540064258
1502096095127633923
1502038882736611328
1502012968845799426
1501977182029025293
1501946852924555266
1501719484146487296
1501687996642439173
1501647883103260675
1501608360491335691
1501567408032595971
1501371712419418112
1501366132728500230
1501305068850749440
1501242795402661897
1501218520750829569
1501211623641563144
1500936442016587787
1500906058684018694
1500835945955819523
1500594268536119296
1500577844174282753
1500490651447660545
1500143535911227397
1499920071342235650
1499876955147046915
1499837087029227522
1499783516472680457
1499560135559102465
1499531256006070273
1499515729728651267
1499487275327102976
1499456862743367683
1499380461587496962
1499204864949174282
1499188790811709441
1499145328490160129
1499129601720791045
1499107504919388162
1499048622754865153
1499013066033221635
1498861394514563075
1498856385781682177
1498852508487331850
1498850615065300998
1498826130056376322
1498795173240840200
1498669538824577024
1498461627842273280
1498453362588590080
1498430270202130433
1498376453280391178
1498306173203673089
1498050122843787265
1497960394245107713
1497678769036808195
1497598727208402947
1497330545553981453
1497277064856092681
1497233001712807939
1497221734860148737
1496948872429506581
1496890560564584449
1496660319350890498
1496570335008808960
1496558888010887175
1496541894830137344
1496490855070576640
1496317410223456257
1496302097566150657
1496236777295732741
1496211402981314569
1496130526926753794
1495858365343350791
1495822598625964032
1495763475897139202
1495510301369946123
1495416924838137861
1495140983150940160
1495057260136964096
1494813789983842308
1494785187728830470
1494765042373439489
1494680814612717571
1494478497368133635
1494440775886716929
1494399424965062668
1494386874240098304
1494349019270680581
1494137161448230917
1494111491347333124
1494066639213674497
1494026022219616264
1493990395126042625
1493974637063061505
1493938712387862530
1493765659406254082
1493736607513399298
1493686722374348803
1493659728794333184
1493633066035781635
1493590630567759879
1493396713889050631
1493396709787025411
1493396706171445249
1493396702803513347
1493357037195046916
1493330425917415425
1493323714116698119
1493299988549484551
1493268960518852613
1493233134204248068
1492974247869919237
1492876229417918464
1492614860244504582
1492518497791791107
1492301975400198145
1492262342100496392
1492252885303930881
1492223813685329922
1492177309985652739
1492136350400847876
1491948601135837186
1491915564297687040
1491896525630451714
1491879785177522185
1491857554502303745
1491814814833954817
1491777275188199426
1491593692334985217
1491559327186006024
1491542497222397952
1491533904792236033
