1534683642366238727
1534661988462231557
1534648583710023682
1534636826736185344
1534585075379191809
1534566322385846272
1534558358061076481
1534555670569226241
1534553067588395012
1534551893430640647
1534544740611502083
1534542530267820032
1534540546110283777
1534533489118289921
1534529485093191680
1534525222669455360
1534515910823890944
1534503315484049411
1534501898459312128
1534499940361175040
1534498559701164033
1534245936649711616
1534202047880388609
1534192879194734599
1534152149642448896
1533851118807269381
1533793310548148225
1533790946332184576
1533453357750312963
1533175813603999744
1533116871574159360
1533087234571784193
1533070985670365185
1533036363683086336
1533025989130956801
1532780855172771840
1532726949356912641
1532721683639017472
1532718800533131268
1532704154338074624
1532674912594317314
1532556287204106240
1532534290138820608
1532526784855547915
1532525534046986248
1532524792150106117
1532524401366802441
1532499883026010121
1532453087885008896
1532424382899015681
1532414879373709313
1532401462269050886
1532389771217096706
1532375552669237248
1532322723371831298
1532318579064025088
1532315424196550656
1532309562291798017
1532307474098835456
1532002261341282306
1531445680291684354
1531431297075265536
1531431223746342912
1531428941067698176
1531427341590745096
1531418538786832386
1531417040371830786
1531398698206380032
1531199909457809408
1531092886426615808
1531084666157125632
1530615593363177472
1530613864970190852
1530377977271402499
1530376632665616384
1530291927727448066
1530282011830943746
1530280414551625728
1530246690363609091
1530224204276449281
1530202273682493443
1530201348523929601
1530191812995973121
1530184231753752581
1530126885396561921
1530015446317015043
1529901268570886168
1529601121911808002
1529565802864726016
1529548045569892352
1529527810666250241
1529488783879688199
1529238626827223041
1529170323731533825
1529166912462409729
1529031349826473986
1528830193011392512
1528702236414685185
1528664519601446916
1528663739695779840
1528339664297373696
1528337946960662535
1528330102332850176
1528191134526226436
1528183602688757762
1527814649869115394
1527813823348019206
1527640912251207691
1527616406942007297
1527596353467076613
1527590240709447680
1527579551618027520
1527578080197369857
1527431341377306639
1527372569263099904
1527337220360658951
1527336140931379200
1527324230857023496
1527152542353858565
1526999228811198470
1526995923867410433
1526986219602812929
1526660227659091971
1526614690859831297
1526583917951721473
1526578733053882370
1526576813966860289
1526564407681089536
1526557080420855809
1526285168838844418
1526201485423517696
1525791339736186881
1525789400218624003
1525670294626639873
1525600953449201671
1525517486443085824
1525514435011428355
1525513673485197313
1525510273410519042
1525504317016481799
1525497903338381313
1525496252561080321
1525480031157633025
1525475979690385408
1525473802573979648
1525473136216514560
1525471217528016898
1525469688863547393
1525469684518334464
1525467590843322369
1525466380639866880
1525264719686385665
1525171658734051328
1525166705730805765
1524848311496327171
1524809291420557313
1524808594419589120
1524808390114934784
1524805447743590400
1524804775933620226
1524803898720112641
1524803617525571590
1524728538762465280
1524718387460710400
1524589558880509955
1524569761580998663
1524568042797154304
1524519702898348034
1524496635589541896
1524368587909218306
1524354863597072384
1524352705787006977
1524210128546942976
1524165769050869761
1524139434635153414
1523944983128162306
1523941983735197697
1523858443727216645
1523738944310972416
1523677490996457472
1523661245588844544
1523364578876600320
1523342321839837186
1523318867862335491
1523293901867700226
1523284678748385280
1523281900835639296
1523278706193485828
1523277326867337216
1522894723303813120
1522706434902970369
1522398620464599040
1522320745103253505
1522300771810922498
1522300632237068288
1522217315139391490
1522201435273838593
1522177089801175041
1522135358351323137
1522134377299419136
1522131246545055745
1522042357453103110
1521866312305233922
1521591326831218692
1521569315853672448
1521494414975242242
1521488012781268994
1521487161257828353
1521484948003299329
1521298345507143682
1521203489694748672
1521199743275311104
1521093617397514240
1521087822383439872
1520435307602132996
1520431641642127361
1520426346131898370
1520420418967982081
1520420078591873027
1520419470040350720
1520418818924896256
1520415879049138176
1520409815159390208
1520404039325954048
1520365246879354880
1520364716757037056
1520359380935401475
1520357653574299654
1520352713007108096
1520246379435552768
1520245356667498496
1520234305766580224
1520229386494033920
1520228695868387328
1520154816965718022
1520064759726551048
1520035186058088449
1520033076172271616
1520024682157723657
1520023251484909568
1520005350816206850
1520002057301811201
1519856621677072386
1519838860078952449
1519788876835045377
1519788110900563970
1519784062344478720
1519762648476401665
1519625372408627202
1519053600990900224
1519046254046629889
1519044532192563202
1519043898601058306
1519001240381927424
1518999975862145025
1518994161378209799
1518988106598342658
1518988032568930305
1518987749268889601
1518987449833345024
1518985593807687680
1518671158366904321
1518178098134593537
1518048295951740931
1518046983381991425
1518034228709150720
1518025091304599552
1518022876372385792
1518018623566225409
1518016215842799616
1518015045011226624
1518013701206462466
1517909252878311425
1517851163961532416
1517844877383450624
1517840776922681346
1517635765915820034
1517631936038154240
1517629601408860165
1517625446954897408
1517624354758090753
1517618996715167745
1517546135157624833
1517538380699119624
1517509535795191808
1517508095878090752
1517464819926028288
1517463777410789376
1517435529498959872
1517434070342504449
1517422777887776771
1517299717662724096
1517177764679405569
1517166498397237250
1517082864860475393
1517068247333548032
1516902351407403008
1516901266441580544
1516883525932310528
1516879239383035907
1516868637814136837
1516862446555869193
1516760505477738501
1516755582119784452
1516731641179291655
1516727722768318464
1516595564548345862
1516587617902546947
1516585959680323585
1516566546537140231
1516565044418555905
1516473542128418827
1516471342253678601
1516469982510649352
1516370302518898695
1516359925278064640
1516358203319197697
1516356992792682501
1516352942806380544
1516350735834877959
1516349274572865540
1516346735831957506
1516213164693725185
1516203886549348368
1516200387191218181
1516199097924997122
1516195250167033864
1516195138300743684
1516194502997913603
1516194145609691137
1516193668004302858
1516193478736240641
1516191719494144000
1516134923685535744
1516076190502694913
1516069030347554820
1516051629753180168
1515840456801894402
1515686173691232257
1515684642397036546
1515683651727634451
1515372775451602944
1515279554293768193
1515277626860097540
1515168500708425730
1515167357420941315
1515167248641667075
1515166272476127240
1515136437934510084
1515136002196742145
1515135238317477891
1514931626769276928
1514927117821255681
1514628945206984717
1514534834479239170
1514532728544321545
1514446997780111363
1514445609993973763
1514422908738838531
1514347190390603782
1514337978864345090
1514206239223336960
1514074653907636224
1514071718838558725
1514069154810183689
1514063808611897349
1514063447918587907
1514063015028609027
1514062973228261384
1514062797012938757
1514060735021735940
1514060345354170371
1514060245995335686
1514059685925728257
1514058295924903944
1514056882784284672
1514053171299164167
1514052630896693250
1514051463722545157
1514051072762986496
1514050342689951751
1514048900876980227
1514048398613262341
1514043305683832835
1514041648375816199
1514036614481256448
1514032172298027010
1514006236295016456
1513909327760957451
1513906360051773449
1513808019854868484
1513709289860386821
1513708225115394050
1513638177973678086
1513599830005796868
1513597613202890757
1513596873252261899
1513596278155923471
1513553732503580675
1513484199558324227
1513480501373423622
1513479343573454852
1513475675038044160
1513315838341926913
1513312153687711751
1512981126981292034
1512650315920719883
1512648262456545284
1512642670719553538
1512630193306877956
1512626959901155335
1512624228478160901
1512611835404500999
1512546492527095813
1512448362427072513
1512440891222511616
1512421224831410178
1512408895729381383
1512245144900325379
1512204052205285377
1512202470809812992
1512169548010639364
1512167069344796683
1512091920138444804
1512089611874365449
1512077334282600472
1512069392044941317
1512051264904904715
1512049770281541635
1512048759697465344
1512037701956124682
1512034591548264451
1512033747713077252
1511937272492482564
1511935957867667457
1511915439290466308
1511914573921722368
1511913403790635009
1511872156069769222
1511766406957781004
1511755355449135115
1511729132224327684
1511727326433882120
1511726153844903943
1511699265155964935
1511696103611285508
1511693787080310792
1511515988843499523
1511407849368395784
1511389351757893639
1511382786313265163
1511371919748124681
1511342876487299074
1511142043690668033
1511091700894208001
1511091345309540359
1511087379850964997
1511077017508360198
1511070929065058311
1511066732584132609
1511052363313864706
1511048932335534085
1511047352173449216
1511041705612660742
1511037822165307393
1511017869915607046
1511017789208866830
1511017620493029386
1511017279831609358
1511016868139737090
1510908341517754370
1510907681233645568
1510907203309428740
1510906486054076417
1510903996231434242
1510903121802928131
1510902867040915458
1510811624222900231
1510809390139547648
1510776387099107334
1510776108937093125
1510775730795425794
1510775464310226947
1510775002001510403
1510774738049802248
1510774319315660801
1510772590108893197
1510771677541580805
1510658335330258948
1510656233803558919
1510617651026051074
1510613641522995212
1510545067748044804
1510544868627656709
1510544624842153987
1510542134373462018
1510537020107595779
1510532670295584770
1510521923104563200
1510428140753113089
1510427288478834694
1510426854116708352
1510424388751007756
1510237354367324164
1510174439375347716
1510060733194813446
1510047943851708417
1510047509988659210
1510047214701268997
1510047028457390093
1510045065883885571
1510044505780674560
1509881303327379466
1509877819387498496
1509873645669167108
1509867605347160073
1509845048137035783
1509715730056597504
1509714474189697027
1509705387280375815
1509704816506855427
1509665343622590464
1509633526601289728
1509620233086148613
1509618422249889796
1509613443610988547
1509613246692659205
1509611844285173764
1509559359633858564
1509367209352650752
1509337496248897543
1509337229931520003
1509300899721658371
1509298954197999623
1509283930461151234
1509253504518529034
1509133642563477505
1508993906951790594
1508992682298851329
1508990826394918912
1508986437852712960
1508899516065452032
1508854731732660230
1508842700275167237
1508839843085885447
1508818399580893184
1508812316623753221
1508562475721056266
1508488841753247755
1508437352594780160
1508435720175763465
1508278454394961920
1508150254096502788
1508119197741682696
1508115234325676033
1508115233210089480
1508106890043080707
1508105111922515968
1508103939513884675
1507951496780042241
1507948773460357123
1507946599472844801
1507945105872891908
1507943030204125186
1507932687566258178
1507932558629220352
1507899130428985347
1507893940372000775
1507891268361326593
1507818270920957960
1507770532946665479
1507531270737301505
1507518003654627330
1507424224511725571
1507383954814472210
1507326337022889986
1507323857396506635
1507320023790067712
1507211700541480962
1507210114159325200
1507209579528171520
1507209275583737857
1507206087723859968
1507099579275218948
1507096432477720577
1507090932910497797
1507034224867565574
1507011280762114056
1506988646028787712
1506985669507309571
1506985668597227528
1506985667418537987
1506985666395185155
1506974963944808452
1506944461779177473
1506942920401768455
1506725400440975365
1506723565261008898
1506626171005513732
1506625620880785415
1506593971400814595
1506593135446659074
1506505814177206273
1506296889653833736
1506294317131960327
1506294267941163018
1506294259527434250
1506294253286211596
1506294247263293441
1506294239994552328
1506289389332307981
1506268266787921926
1506087770615386115
1506072280442585089
1506064383176286228
1506061774264717314
1506053223819395072
1505753268617719810
1505749821814149127
1505611823634161669
1505611461867057154
1505548971653095430
1505543250530250756
1505540294334369796
1505185648893906955
1505181061734670339
1505025605603143684
1505016204771180544
1504950553536831492
1504910600136273926
1504908520998768642
1504897098122252300
1504877146870849542
1504874383168389126
1504843394421514240
1504830734875377700
1504764154057482240
1504604548417171459
1504589166562189312
1504563464752279559
1504562598615863303
1504551136988119047
1504542248352063497
1504532481025925125
1504532456644517888
1504532139253108746
1504529423210582037
1504522757828132871
1504518874074685440
1504517100815233040
1504516268271017989
1504511090662817801
1504510435164405768
1504509048552509452
1504507173384200196
1504505726764470277
1504497499381321729
1504487304148176896
1504478558340616197
1504457721025687553
1504162084468240387
1504154827974230020
1504140219335028736
1504084341764370435
1504056574721019908
1504050406267236357
1503901286642733063
1503864043567783937
1503858046803623946
1503857669936930816
1503832219596595214
1503829740301471748
1503828945191546884
1503815788981108738
1503775939930607622
1503775873719279622
1503771514579173379
1503588923368521728
1503488568689315841
1503478007264071682
1503477271025307648
1503344054339256325
1503237944848617473
1503196660897390597
1503193813543751680
1503104163206643717
1502867529051648006
1502864548994424837
1502863590100983810
1502861425844400129
1502835694200397833
1502755632851656704
1502734882300207107
1502673437680144388
1502672748883152901
1502282055438188546
1502281334466744320
1502276301150896137
1502275877983465472
1502274241789665281
1502273323912380416
1502271610123956226
1502270932190121989
1502270510935293956
1502270073842671620
1502268126079164420
1502264319576199169
1502104062065528832
1502097108920418316
1501980355146010624
1501980081664806920
1501978544318074887
1501978419503976448
1501977969027334152
1501976069083181059
1501975207455641605
1501974347044605955
1501974204492750850
1501952528153513987
1501935172614189058
1501929290635661312
1501923809665949707
1501917870082641927
1501903354238320648
1501674397240803337
1501671892813594628
1501649490066952208
1501637637668548613
1501630905877684228
1501614499451011072
1501588218319364105
1501574128746311680
1501536942810406917
1501417714698629120
1501351329293377537
1501248147460440071
1501235865896562693
1501220502580473863
1501220154134380548
1501217852774309891
1501193109203521541
1501193106884071426
1501184973713379329
1501180226830802944
1501178771004608515
1501177185448640513
1501177183733227524
1501171140487790595
1501170760546762760
1501018817530638343
1501018415527600130
1500990272028745730
1500968986166579212
1500954118294286339
1500943705393569792
1500942691256971269
1500931149199204356
1500928359852920843
1500922378335014919
1500919176508198914
1500915386413420545
1500909629890605060
1500906336749502467
1500897317775368194
1500893409137016834
1500885672860786689
1500630282130571267
1500506149719842820
1500504715330740224
1500496645540265987
1500495931514527746
1499796834319011843
1499795576849944576
1499758078920642571
1499757040616579075
1499752391431839752
1499746984806297607
1499726798237671430
1499603638301474817
1499598686992621583
1499577918921531394
1499498092873269248
1499495245003870216
1499445185205387266
1499439945798270981
1499393803639267328
1499239502715498496
1499211649986740228
1499169395184214022
1499169393762263046
1499169391346343954
1499169390071328771
1499169388955590668
1499169387739332609
1499169386279624708
1499014557813116929
1498994308334198784
1498874476456460297
1498859368808431618
1498858599170424834
1498855854921166848
1498854937777876994
1498853348405125124
1498852874620743680
1498852465093103617
1498851449610162176
1498850603577102341
1498849549586255878
1498848351416197133
1498847284288753665
1498846620716347393
1498846463291498499
1498845883600969733
1498844489963687937
1498843664696631304
1498842553583501315
1498832176640667652
1498813190628597764
1498760728794255361
1498755097391767553
1498754429851426820
1498731048557027333
1498731046397005825
1498716606935019524
1498709551490736128
1498678020277772300
1498638469333200905
1498451879029837830
1498451877620596737
1498451876140007426
1498451874340610049
1498408227150696448
1498397906767863809
1498357113986461696
1498355439976828932
1498178344889815044
1498034504342151174
1498002303693070336
1497772923955945475
1497609195167834118
1497589084914659339
1497582588361383938
1497421436092399617
1497418655344181251
1497354056016224259
1497327165918040068
1497325209724112902
1497210022018826253
1497195993774891056
1497151836532453387
1496918456058400770
1496865188984754182
1496864426040909831
1496602379977998351
1496584910181650435
1496435501020164097
1496295197805793285
1496294155307425796
1496291611818569732
1496289578612895749
1496283978399195136
1496211703121555463
1496205844417069061
1496187803797008386
1496159580774141956
1496157390600867848
1495925413377363968
1495887572874240006
1495844835483439109
1495604628758700036
1495560505964044288
1495560135472726017
1495544305338961920
1495224298369433605
1495029217347751943
1494888322304548866
1494837119361159173
1494824570548899842
1494819898710708224
1494813628058451968
1494697546903883777
1494686302041690118
1494681498036981764
1494679842914279425
1494668007607521284
1494666399876370432
1494490276903235599
1494468179233591299
1494446675448020994
1494429622058029061
1494428164726173697
1494396055978483717
1494346038227914758
1494345729216856072
1494301207233503232
1494300997769912329
1494164094013878275
1494163081768968200
1494161534473412608
1494157504464445442
1494154092863803394
1494153653225234435
1494153303554498567
1494149239101964293
1494149041571209217
1494147702724214784
1494128311093669891
1494126928248381442
1494126306010832907
1494124215829729281
1494120699618856964
1494119287388356621
1494118149515534337
1494116770407460865
1494115596539154432
1494008037522169860
1493952268021944321
1493951119688622085
1493946380460691460
1493946182074261519
1493944512770621447
1493939392641216516
1493937900303491072
1493793131552247814
1493770885915836418
1493766647999610880
1493758741585416199
1493757323000655872
1493677397291458564
1493630123542827009
1493627143959597061
1493621531431350277
1493620527327502336
1493406926276907013
1493356524273639428
1493328930174115849
1493321749953490948
1493295644940939269
1493291460745216002
1493286083068669954
1493219880195313674
1493215214136926213
1493211686735691776
1493053236227493891
1493049080045608961
1493048303851876360
1493025864216363008
1493023921502838784
1492682657557356546
1492681719476011009
1492680145030766592
1492677138054631425
1492560807636385793
1492512219115970564
1492508881729331201
1492499950319587328
1492416361724878853
1492415412511944709
1492409116609990657
1492330403125882880
1492310401001959432
1492308333017153540
1492306053337341953
1492305039494647809
1492283137010900996
1492282551498645515
1492281488221609991
1492275953581674499
1492258336594665472
1492250210013167618
1492186807253020673
1492185374717845507
1492180553801601025
1492178404900327425
1492169042504912901
1492168851898970114
1492168731342118916
1492167897438990344
1492165697895636997
1492164047696973824
1492138879457153027
1492137680729223169
1492137071103942656
1492127759132471297
1492019713546854401
1492017352526995464
1492015275276967943
1492009116415504397
1492003406747217933
1491990316538339328
1491942521416650753
1491934747253260303
1491933366257696776
1491929391974301701
1491928862430838792
1491924545179168769
1491918939370274833
1491905664666542083
1491902857666301959
1491902425875238921
1491899739599691785
1491887231354691589
1491882993136418823
1491834157261074435
1491803757658755074
1491788568397705223
1491787287344025603
1491777228618743810
1491758672736923654
1491661049824747522
1491653639638855680
1491576910819778563
1491573240019529733
1491551018106200067
1491545319259185156
