1534541209317871619
1534255490208649216
1534221282778259457
1533882264295284739
1533870584148512770
1532745061112463361
1532745059925471235
1532745058281308160
1532728111355379716
1532427803852947457
1531645667373883392
1531292501398667265
1529584543094669318
1529584541266063362
1529584539479248896
1529584509552939009
1529178455555833856
1529135816886341633
1527674322831171585
1527652578275868674
1527357642166849550
1526977842403282944
1526975321244938240
1526939304337068040
1526926877922844673
1526636227641974784
1526605867134631936
1526574210633670656
1526257739797782530
1526221871963840513
1524814596409856007
1524515224237322246
1524494983943884801
1524423647678586880
1524132526968737793
1524074539570929666
1524018126878355457
1523299330651697157
1522925067302227968
1522655702094860290
1522603844114522112
1522317645646860289
1522252398781153280
1522246838518226947
1522214615660212224
1521920223431045121
1521579519458619392
1521536966302515201
1521176137543692290
1521164040730513412
1521132422804430850
1520096707631005699
1520096690581258245
1520054240441479168
1519784729603682305
1519756976879804421
1519740521404579843
1519703761991585792
1519687791030030338
1519370510152384517
1519311599986688001
1519082334288584704
1519059233991442435
1519014009516793857
1518952966199418880
1518599895682330624
1518578712358367233
1517498639341563908
1517196715027316736
1517196713584386048
1517196711957078022
1517184722413236225
1516879403002781704
1516837440958382083
1516488520776433674
1516099769835438087
1516056991017410569
1516056420906672139
1515688614344200192
1514955097414979592
1514706223916060684
1514671649093738504
1514671647491596289
1514671645914550272
1514284073602240517
1513888029311741967
1513871146915094528
1513513123579416577
1512504546001629186
1512504544613314575
1512504542843355141
1512481330709549059
1512481329052790784
1512481326242283520
1512481323646009349
1511696953456959498
1511512581923655680
1511443044016480265
1511423191956271115
1511371720141287427
1511358039223382020
1511125464076718082
1511125460712935448
1511073517730779142
1509989972618760198
1509972487798509583
1509972486502428675
1509972484979838981
1509932386854838303
1509932384963207195
1509932383725887503
1509932382576693253
1509932381100298240
1509611303660367877
1509551174118219785
1509551172771848194
1509162311495581701
1508457557572165646
1507917849012092933
1507042470395273219
1507042469086740489
1507042466976907276
1506691112852938756
1506324738863419392
1506297611459903507
1505906614653669377
1505558552039108613
1505543523176693770
1505008144707203076
1505008142018621440
1505008140156342273
1505008138503790598
1505008137052512261
1505008135328743427
1504548901461925890
1504538276430073859
1504526959686074369
1504103889041342467
1503803058307813376
1503508311907385350
1502362834952413184
1502038104189849605
1501936267059097607
1501936264915734537
1501600597774159872
1501596821671620610
1501567779937398785
1501567378219544577
1501308826238128128
1501270471500697601
1501270469541969926
1501270467373588487
1501249112313843715
1501216565060120589
1501216562656776195
1501215848220053508
1501215846525542402
1500951678052352002
1500886616927318017
1500855437335449603
1500855436081303555
1500517115584991237
1500148540844257282
1500148535777447937
1499848556068413449
1499848548170481669
1499603916098609153
1499494415584346122
1499465104722739213
1499125409086152712
1499046170282405894
1498866626552344579
1498856545391718401
1498855407598587907
1498852722728124424
1498849848963047430
1498847085134757889
1498843935514542082
1498833059428319233
1498833058501476366
1498833057696079878
1498812365931954181
1498776553022541826
1498705637554929668
1498699373651365894
1498632896201969669
1498495652032135180
1498495649951670276
1498309290339274766
1498303304589361154
1497957209455546368
1497587745245601798
1497581547918082058
1497249271887929361
1497221626135461897
1496880069427404801
1496823778923491335
1496576679677997061
1496497737206059010
1496271958383763460
1496230980281147394
1496162869674708998
1495799111446155264
1495786016174755840
1494742846527741956
1494725766675935232
1494681101427691521
1494366553114087427
1494329931966214149
1494078584205553666
1494055800985296908
1494024088259637254
1494007567579856896
1493684193716588546
1493633702231957506
1493324353513132033
1493322730573381641
1493296503837892608
1493296499303890945
1493296497160605700
1492874724870868993
1492244074253934600
1492180180554727427
1492144301782056964
1491843666524188673
1491800470108602372
1491793101475618822
