1534641213416083456
1534603980692652032
1534300104265449474
1534216237684858881
1533836613293330433
1533418362281136129
1533097492304105473
1533090445269557249
1532826142826168320
1532693951999778816
1532470610747658240
1532408140037242880
1532376506273370112
1532358143409373186
1532077168225820673
1531742382038859784
1531674088317538304
1531253088492785664
1530881643061329921
1530542154031853570
1530284492480552962
1530209865007869952
1530192331873329156
1529902097386426368
1529545362582683650
1529542776618205184
1529468825162469376
1529454519913947137
1529152650205437954
1529130942731804675
1528834496296103937
1528346184426958849
1528147480340316166
1527997649114132480
1527740759843151873
1527675268999036928
1527383187168448522
1527377756719173657
1527038649824645120
1527014155378728960
1526969978192265218
1526959870989172738
1526665748583698432
1526620319879991296
1526312889442779136
1526285762299404289
1525817019353993216
1525506472754483201
1525476274029862912
1525194337973305349
1525141020161220608
1524858443768676352
1524843998082387982
1524766969320423424
1524748818285154304
1524505005797085185
1524486202501517312
1524464779611590660
1524164179820695552
1524161070155378690
1524114014304976897
1524099732729118729
1524083349412790272
1523693421453475840
1523294147045519361
1523275270488084480
1522963214522150912
1522931757967945731
1522637366808223748
1522627738670182400
1522575012078788608
1522311733246926849
1522229287495114752
1521967954426011649
1521921785670819840
1521589807452991488
1521566422958288896
1521529597883555841
1521224535462359040
1521215634696200192
1521164645138063360
1520760953280868353
1520403598747701250
1520143191734902785
1520109014289428480
1520042623955832834
1519746670224883713
1519678767979016194
1519473762713882625
1519416609303056385
1519372438693466113
1519346083238981632
1519083267240173570
1519036613942259713
1518208635251445760
1517878962793312256
1517503495393357824
1516900895388278785
1516553212744110085
1516512168962924549
1516466761180274701
1515670913466970120
1515088828175855616
1514954945845415938
1514598094394081285
1514254588991451137
1514239705428238336
1513941987140976646
1513917823852163080
1513896786414477318
1513877713983057927
1513630262575484937
1513553895171178499
1513549723273252871
1512818619054497793
1512786658378145794
1512476754249662466
1512456473745448963
1512164152680366083
1512160147530989576
1511819434322759688
1511818119211323395
1511793740125458439
1511359754492432386
1511115521055465473
1511071360948318211
1511015627707850763
1510696172926689282
1510601510014660612
1510255734730072070
1510238375315390464
1509978776649842693
1509922216548442119
1509617778097115136
1509592972790272011
1509572964802519040
1509531291238215680
1509282895394922500
1509272014820982793
1509174931422171138
1509164386887344132
1509163031472664583
1508827283167059968
1508561548775669761
1508535241044119565
1508499996101992451
1508060264960335876
1507718010001403905
1507371904176377868
1507048408980377608
1507013989082882062
1507006756962115585
1506739661519081483
1506722331510591501
1506682090124947456
1506630455747096583
1506381501998542853
1506274696781873159
1506263813775323136
1505981160790315018
1505958700892176391
1505519020111368194
1505269917070811136
1505203189041139716
1505167705673973762
1504861895383212039
1504857187574820873
1504547148167364610
1504496529234669569
1504200661059215360
1504125668837269511
1503863114412048389
1503774772315914244
1503766776244494338
1503755605244362762
1503752766094823426
1503474808901746698
1503426701837152260
1503019215846051840
1502989603094990849
1502660182580498435
1502372586872836097
1502309215808991240
1502118374427574277
1502043766202503173
1502040477956202499
1502030865400053766
1501954202884624386
1501604154858512391
1501316348693168128
1501274296274071553
1501249731426672644
1501227786094080000
1500543057439121410
1500123467433201668
1499814814545321989
1499480547260837892
1499455303347322887
1499422462903300099
1499140568135487488
1499072979694665728
1498859340412997638
1498842171792932866
1498789820746936326
1498771509740978178
1498752700166647810
1498680695241293836
1498446650850910208
1498335395163037698
1497928504167436290
1497591407225315332
1497287322018136070
1497283143778422784
1496887861903249416
1496875207709110276
1496543986248560648
1496232170163249159
1496198497175056387
1496147928393691144
1495761224042168324
1495404372263538694
1494760933570367491
1494719521592066048
1494706293092802562
1494424441702518792
1494410275558199305
1494362331693912068
1494327072939859968
1494059783611166726
1493978039163789316
1493968839268257792
1493685840630980610
1493650288615510023
1493356067035639808
1493308245167034369
1492959128083435525
1492948002482409473
1492583025221279754
1492514741755027463
1492511187086553090
1492215902657466375
1491785104712245250
