1532726791105875970
1532044698679902209
1531352862088912896
1530243638600548353
1530195194309660672
1529973798916837380
1527700803393396739
1527672372483989505
1524830786192547840
1523297411371651072
1521489378912178178
1521214694559784960
1521133306074574848
1519789853445079040
1518282631997276163
1517517383459610624
1517275609742856203
1516812363000913920
1515678011604955136
1514977376056188935
1513887793885462542
1513542109000880132
1512434589662384130
1511769133771276291
1511730800760401928
1510427800636903425
1509938201506496513
1509651504415784962
1508959068781744135
1508895939355979782
1508580628664659977
1508520374627180557
1505981260505796613
1505913046606221323
1505178093195083777
1504551879581315075
1502349169364815874
1501780130053734404
1501327005282971650
1501255281149460483
1500988043414720518
1499852562417295363
1499423159841431561
1496860735598895106
1491863614172835841
