1534670653336453120
1534643382470967296
1534574208428163074
1534572837993947137
1534558231707648006
1534557306557542403
1534550827825876993
1534523852960763904
1534359681719844864
1534317916581134336
1534261851906768900
1534251117416173568
1534217762263994368
1533940769668595713
1533901984633348096
1533901983089827844
1533901977721135107
1533831079936905216
1533829133993664515
1533825012204978177
1532831604405583872
1532831599871639554
1532816526360952832
1532421223191289856
1532095230547308544
1532095228609445889
1532066520641155073
1532065551350374400
1532014106714288136
1531749814119145474
1531696176629792769
1531390335225569281
1531297798657818625
1531268827060871170
1530307860025860097
1530265770021756931
1530249223714787332
1530249222142013441
1530249217708593154
1529873460519911426
1529854518606843906
1529778191790919680
1529477398437236737
1529212715314688000
1529166223853887488
1529166222801223681
1529165751436836864
1527762367299428353
1527748935992987650
1527699233213759489
1527699160765546496
1527690117065891843
1527358665363439616
1527358663345655822
1527291458297876484
1527291413905350664
1527291347589165065
1526963069246746624
1526963067183038465
1526961679547961344
1526960207829553154
1526960164045307908
1526940685995229186
1526701985940049921
1526701933947387905
1526656943523340290
1526653298161360897
1526644685330075648
1526621713877848066
1526621711617204224
1526619334268821506
1526318889961144320
1526318888350367744
1526318887004000258
1526318885514919937
1526313315139477506
1526283245444268034
1526258788814270464
1526203085630148610
1526194895244955652
1525968219047137282
1525197362444083201
1524823261485342721
1524772080134377473
1524772075520598016
1524768665534705666
1524485366304104449
1524485304119345153
1524485202021691395
1524438133726756865
1524438090546397184
1524155588434964480
1524155586480381952
1524117568545558529
1524052991292022784
1524042999201767424
1524042995032539137
1524031649050247169
1523771947058069504
1523381886420148227
1522669928557555712
1522667947986235395
1522660921046454272
1522584509501390853
1522319220553531400
1522300167973711873
1521503845339312130
1521503844097789954
1521503842797502464
1521503841551884289
1521503839886753793
1521503322267598848
1521223394095677441
1520139010340970496
1519831210385711106
1519792506606604296
1519717113522491392
1519703215373230082
1519699147267448836
1519699059518361606
1519428676911349762
1519409627393400833
1519409437609541632
1519383411605000194
1519367134010302467
1519366475689209856
1519348248032514049
1519327322343718913
1519327278676811777
1519308476031418368
1518681249837166593
1518603281093873666
1518599920600727553
1517633239694807042
1517576997245001730
1517575842188115974
1517558242951548935
1517532845337624576
1517532774911074304
1517521688434511872
1517518720264032257
1516858422892843012
1516815849377701898
1516805376380973059
1516793816749121548
1516511796252848130
1516467071760150534
1516447783703748610
1516429115917840391
1516159828024045571
1516154297163026432
1516154018841694213
1516133227995570184
1516123939654807556
1516123938048327684
1516123933820526597
1516083729332162562
1516072485443276801
1516067920035594242
1515780358847008777
1515057372955176960
1515022793888391170
1514954716194684931
1514715212074655747
1514623782014570502
1514601113139523584
1514579574927024128
1514579572599271426
1514356864758263810
1514285387044245504
1514257115124101120
1514207896837492736
1514075269979680778
1513969601721290765
1513969600161058832
1513949970361204743
1513949057596674053
1513905110715453440
1513905106051338255
1513886947009351701
1513886905305382912
1513868882687279112
1513634700019089414
1513613294535417859
1513598844801634304
1513530766877204485
1512516529841180680
1512488809287778304
1512488806095945729
1512488802975109127
1512488794020220930
1512488758687551493
1512488756686856193
1512461347694555138
1512172286010351620
1512164017061736450
1512160830783111179
1512160828774133762
1512160826798579719
1512160824311361545
1512160822616801284
1512160818300862467
1512123829325287433
1512097826267873287
1511813520094109696
1511782608539111426
1511781526945550338
1511767922879909892
1511730029646000147
1511720384768401409
1511449330548420618
1511446048761421825
1511445762399424513
1511416775384215559
1511406843838570500
1511390421070532613
1511053232851894278
1511049913861292044
1511048952908558336
1510306386860724232
1510306301120851972
1509956469004943370
1509898304330608653
1509893237472911366
1509727054790598662
1509723354600808452
1509614585459920896
1509613991332483111
1509570857055789063
1509563108007763975
1509548857453166595
1509544371305209866
1509544362438533125
1509260861180948484
1509183681948110851
1509179468660813824
1509175609188040707
1508879105957240843
1508867642656018441
1508821427407007758
1508532953781096449
1508482022032949251
1507842886779482112
1507408247820533781
1507378840720613381
1507064673744654351
1506998080901632009
1506745149682032652
1506701346958888962
1506646972446371847
1506395203703390219
1506296482722463745
1506295397895053313
1506295396485799948
1506006999628238848
1506001757117288451
1505998277010939904
1505929298930192388
1505914119999963139
1505035181064916993
1504916314766426126
1504916212614144017
1504915050863202320
1504844034359144449
1504816532567826442
1504658016246939648
1504578411460763656
1504561694034612235
1504492383286800388
1504476492998213647
1504476290295820297
1504121136392687626
1504116984442765312
1504110250089189376
1504107687591694338
1503849535147233291
1503849533763203073
1503849532320329739
1503849529078132739
1503751155339436048
1502411046358818820
1502396573807960069
1502346815513010182
1502317472350887937
1501988933667807232
1501685482123677700
1501685476813852674
1501661836046917639
1501661389798137866
1501613579006615555
1501588621987614723
1501225061453385740
1501220542401200136
1501213900439752716
1501211322389868547
1500938008748605440
1500900591001817097
1499759634650968079
1499506290741202952
1499492609009623041
1499492607218622474
1499442393816485888
1499425218812649473
1499425206246461446
1499425175498072068
1499423439718961163
1499415613164371976
1499394522031304706
1499151849156489217
1499151847768141827
1499151846266527751
1499151844530171910
1499051907058487301
1498856135100665862
1498848651975798788
1498810316615917570
1498795222540582912
1498778511217246215
1498773007048876033
1498762120682483718
1498749593860911111
1498749273307025427
1498749128196694021
1498722356583448581
1498722137447747586
1498714272779669505
1498704643567853569
1498696862320185347
1498494726684745729
1498395509844852745
1497587797502267397
1497584128904110085
1497582796159737863
1497582794687619077
1497582793211191296
1497323290410553354
1497275944129622018
1497275942292525056
1497275940682014722
1497275939088216075
1497246431337488392
1497246139351019521
1497237710716772362
1496947752550506500
1496947750776315904
1496892661051101185
1496879495919603719
1496879494266863619
1496879492719169542
1496879491154595844
1496670929920868356
1496665606371880963
1496665529423171587
1496612835555790861
1496515203336478720
1496227151712067593
1496176496913920004
1496146683780022281
1495854020522659845
1494788869623099398
1494768579736219649
1494768531120005128
1494766409414594563
1494755278667100162
1494755276880289807
1494747352707612683
1494714452494753794
1494679487086309380
1494405517439025162
1494405505531404288
1494081412064030722
1494081407974522880
1494066944198287361
1494062032966008835
1494038246648647684
1494038236393574411
1493688853793759239
1493683554500423684
1493628976933310476
1492669253731893254
1492302437855772677
1491924951149858821
1491879654214537226
1491872348311543817
1491841977146654724
1491841482109640706
1491834348361981952
1491803236784754700
1491784089912889344
