1534684605395128325
1534684603717505024
1534653769262284802
1534622225738960905
1534553968524795904
1534333212679450625
1534251228644909056
1534251227348877313
1534160834754134017
1533837565614333955
1533569367857942528
1533518084459450369
1533518082366488576
1533186577312231425
1533151691830329344
1532937910571388930
1532937901658578947
1532860105678635009
1532860102054752256
1532545478239338501
1532545476230266880
1532527739500109851
1532468688338796552
1532468687101378562
1532418565197922307
1532399647913803777
1532399646190051333
1532131414778470400
1532085101500190720
1532070927487598593
1532043269848408070
1531745118600019968
1531685401534005248
1531652613292400640
1531385045193310209
1531362531998056451
1531312229512908800
1530993864051462144
1530627313393623041
1530627310994571267
1530359701623406592
1530290275578523648
1530290273158418432
1530225962532720640
1530225960838221824
1529951751167696896
1529951746935726081
1529917783269593102
1529917781730283537
1529867479396274179
1529669694298398720
1529669688506126339
1529656502683942917
1529656500909662208
1529611594262618112
1529581050757894145
1529581048769699840
1529556036767690752
1529556035270332416
1529556033244434432
1529539296671170561
1529302984470953988
1529244317226762240
1529155846663507968
1529155844876771328
1529104287015526402
1528795624631574528
1528775384635932672
1528400013709217792
1528111516997894146
1528067646121467904
1528067643617562624
1527780588203266050
1527780586039001093
1527747221525041153
1527747219633348608
1527713837528584192
1527712404666294272
1527712403399614464
1527690142382796802
1527430972190474265
1527430969720029187
1527381058483671041
1527366300476944395
1527366298606665729
1527322382695686153
1527322379760078854
1527282190358155264
1527077351921700865
1527038352133963776
1527038350552596482
1527030411611742209
1527030406834532357
1527006464157548546
1526993376792420352
1526956522051346432
1526910331800502272
1526744882743758848
1526689586168360961
1526674056149336070
1526640958833664000
1526617050784927745
1526595477483016192
1526329418293166080
1526329416606965760
1526248675810353152
1525934334250713090
1525898029789847552
1525568978952790017
1525504433060204550
1525198477709529092
1525198475880800261
1525136858077876224
1524915830437314568
1524900291581300736
1524883353551396871
1524794060824793094
1524498234936377344
1524481710058090498
1524481707704991746
1524412192023625729
1524412186923311106
1524226195281395719
1524212742432903171
1524167388706574338
1524167387511238657
1524153824088412160
1524153822536474627
1524120320013213697
1524094002873704449
1524093998809366528
1524054399198408705
1524054397852000259
1524030366448816135
1524030365266059265
1523798258015141888
1523719884336615424
1523719882126151682
1523709545339830273
1523709544077344768
1523437978000912384
1523354659414765568
1523121906261827585
1523121904600686595
1522716362078142464
1522716360580730885
1522419478503432192
1522375812170850305
1522060010825699329
1521607069291458562
1521591686979280896
1521591685389733888
1521562233049948160
1521528576662777856
1521337536773124097
1521337296473141248
1521290313637183489
1521290311795986432
1521244075357315073
1521206836040552452
1520857211588726784
1520818513497231366
1520559221183549440
1520559219166044160
1520509737325977601
1520509735799250944
1520201918605320192
1520201915212177408
1520146526856781825
1520146522167558145
1519849446837682176
1519784587601530880
1519771655014391808
1519771653647081472
1519732160256692224
1519732156364431361
1519713248924385281
1519713131412570112
1519490481348136963
1519427615580434434
1519369373819060225
1519369372514627584
1519066102378250243
1519066101212139520
1519035215930445824
1519035213577392129
1518628197591662598
1518397498657812481
1517959393995898881
1517652635746193408
1517611362142326787
1517589679859773442
1517589675334066179
1517586108124737537
1517560785941278720
1517560784787808264
1517306282683813889
1517306281006190595
1517278559898845191
1517278555457138689
1517243110018977797
1517241155381084161
1517239620664283136
1516957320697290752
1516957315286581256
1516893397805637636
1516893396647956482
1516540707464491008
1516508909682536449
1516436846531780609
1516436845197991948
1516401354989871106
1516241884842237955
1516147915030417408
1515759323716145155
1515354616409608193
1515146594949160968
1515118080514527233
1515118075133276163
1514996992350511108
1514808317486387212
1514808314168692741
1514715357914836997
1514715356589441038
1514695372559507465
1514421475226394628
1513579644875849745
1513579643768614916
1513335206593417221
1513193712108679172
1512956601262653444
1512539711922974722
1512539710719246336
1512457258197786634
1512457256431984657
1512158796394729472
1512132436569772032
1511902135079813120
1511902133238607872
1511810591618445314
1511708385569386498
1511454995920605193
1511425122636382210
1511425116994945028
1511372159578517513
1511372158496555009
1511164549306662919
1511136748893577217
1511136745303252999
1511096779495858179
1511065040958361602
1511065039033311241
1510803839984803840
1510803837468127240
1510683244248842240
1510595472393748480
1510406150910615552
1510302073753149444
1510302072238977037
1510033265637343235
1510006058013630470
1509991588444966918
1509991587329286155
1509912316464218117
1509705606944370696
1509661615200911370
1509629725752373254
1509629724691161089
1509615613215453185
1509605317969068036
1509581534331916291
1509569255913705484
1509350325827817478
1509350324800307202
1509321706707509249
1509314292990029832
1508891058213736454
1508845983907696644
1508822094964043778
1508497024961949706
1508497022927740933
1508153950402449408
1507907072951791621
1507843220272816135
1507805477954011141
1507429704965447680
1507110695111991299
1507052770171441160
1507052768728694800
1506772201676189700
1506739728003047427
1506739726740561931
1506730047650025482
1506711842294579201
1506711841233321986
1506446698880671745
1506446696871567361
1506349743907217418
1506317186020880391
1506024158869741568
1505957530698199043
1505636293073592320
1505273412532547586
1505243315792494597
1505243314680963076
1505243313481334785
1505243312206323727
1505243310474121217
1505205876566675459
1505038677377957891
1504935135539515396
1504879937127424002
1504838894407270410
1504604380141662209
1504604374961635334
1504591709308604419
1504591707547086849
1504511452454998026
1504496233330757638
1504483486689755147
1504220911905304577
1504220909632200705
1504146475961372672
1504113814652002309
1503851378992627712
1503814605205909507
1503773846486269960
1503773844024213508
1503476265382289408
1503390678541344770
1503120239411843075
1503120237809610755
1503083987744567299
1503083985504813061
1502792633495740416
1502726025943425029
1502480634584907776
1502399888797147137
1502364411834609668
1502364410316218369
1502131626591019036
1502008072197312512
1502008070452518913
1501971777412554759
1501926535032414208
1501768062009290752
1501768060407009282
1501664677457182725
1501664673179082754
1501595744754704386
1501595743102058499
1501377213077274625
1501349043020222468
1501318001546592261
1501317998023434244
1501265844336275467
1501233331320492035
1501233329215098880
1500955556202303488
1500929689472450564
1500866434687279109
1500562359743488002
1500264396022599680
1500204190240493568
1500149954458828803
1500149953032773635
1499891754283286529
1499847404207673344
1499813860353716232
1499765753419288577
1499543493168943106
1499543489817858048
1499525044116103171
1499501915016777739
1499452787704356865
1499416183212331012
1499204749291315200
1499187246418829313
1499187244984418304
1499149821462171655
1499126323314319360
1499082495081517057
1498861826649595911
1498857134070583297
1498856432636153864
1498852904232443908
1498851831325380608
1498846103600566273
1498837884463374340
1498734668841361409
1498734666555269122
1498711811004248065
1498693032400597001
1498449182490865664
1498356281907851269
1498329599180218369
1498105923167866881
1498022121015898114
1497721641115160578
1497635825625886722
1497603845572251659
1497603817076105218
1497294470219370496
1496935712309972993
1496902633981988865
1496902632325144577
1496620837805469707
1496581573659045894
1496562805075554314
1496490888087879681
1496237185649070080
1496237184457789440
1496169219813265419
1496169218697478154
1495951132761464832
1495841024350076929
1495516108484333569
1495093070785744897
1494748483299024905
1494748482023923712
1494747292414267395
1494398277457952770
1494364342678077441
1494088954433327109
1493734057783537666
1493733991693881350
1493713681321971715
1493422911658541059
1493422909146251268
1493339002023428107
1493293640302612484
1493259252110139393
1493006889482919938
1492606676029083653
1492530416993120258
1492530399393812480
1492217889000144901
1492197872367980546
1492197870635786241
1491904778997272588
1491904776652656640
1491882517095452679
1491882513396080641
1491831051278336000
1491803973891809280
