1534671624011653122
1534664064936181760
1534656523044958209
1534648964494106626
1534641414780354564
1534638143361544192
1534626319882866688
1534618765983367169
1534611223454654466
1534581022423240707
1534294129793937408
1534271864507351041
1534265187225653249
1534248831231045632
1534233735196839936
1534214854734757889
1534199646800777217
1534192708280983552
1534175093663727616
1533980468793720834
1533949632019107840
1533937825489510400
1533555761141338112
1533493859312799744
1533161665004544005
1533128193770549248
1533124671079469058
1533122657884917760
1533121399342047232
1533118128015785984
1533108819764592640
1533101274383757313
1532878548939132930
1532870999829426176
1532859683354120199
1532848350017556480
1532839290304094210
1532823673526276096
1532821925956919302
1532738885578412033
1532512638344757270
1532482191057293312
1532482190935617536
1532474639930167297
1532467092536041475
1532459537818697754
1532451994706669568
1532436889096990720
1532427201571868675
1532421798796484608
1532376498551672832
1532139323595935745
1532122416150880256
1532115532769640448
1532104703214964737
1532059404442517504
1532025005051084800
1532008648700055554
1531831639520714754
1531831638262534144
1531831635699802112
1531767194111119363
1531712113575710720
1531697016798969856
1531681917094858752
1531666825678934019
1531274233271070722
1530330511163408385
1530316164701691904
1530307863314198528
1530285326459195400
1530243502013140992
1530241121716150273
1529983220732657666
1529960573538115585
1529953023073538050
1529945472386973723
1529934651195674624
1529919256451854336
1529568739854647296
1529557163504455680
1529551265675485185
1529550368635379713
1529535101670924290
1529513423637200905
1529507596121649153
1529463043645579264
1529236416244420614
1529190501282455554
1529175398826639360
1529156911588945920
1529152748553261059
1529141546385391616
1529103927001554945
1528888512048771075
1528880958224510976
1528865859728461824
1528858313445744641
1528850760326205440
1528843211501887489
1528808228552859648
1528794638999605250
1528737521097510912
1528050487320117249
1528012748537348097
1527778696395776000
1527764853988831232
1527752533665513472
1527737172282859520
1527730227752976385
1527431406468534272
1527423864673685504
1527408765854699528
1527399698394382343
1527393664019873794
1527383099101040640
1527382334227378176
1527374434285539329
1527370363835133953
1527316400003436545
1527303313770823680
1527287967492018177
1527062225797582848
1527053918815109121
1527046372708474881
1527042594789724160
1527038821312909312
1527023721239617536
1527016176068403200
1527002329521590272
1526982699612680192
1526971421968289792
1526944951069642754
1526929601208782848
1526714186633424897
1526699333223170051
1526691532878753792
1526684233271484421
1526676435070590976
1526670086576263168
1526586841595527169
1526570565720588289
1526563194185011201
1526369296938635264
1526359342211117059
1526351798264426498
1526344243123572736
1526334176730836992
1526324111747665922
1526318101452795904
1525944112066748423
1525862559311663115
1525593797891072001
1525575930089029635
1525555545695846400
1525551520007307264
1525539204020707331
1525521325267136513
1525513772890087426
1525507479509028864
1525497161063968768
1525492128834392066
1525204233947009024
1525181581882793986
1525168998798827523
1525139224130879489
1525136027140120576
1524904008552534018
1524900139814604817
1524896453369311233
1524889658324406272
1524879593064259603
1524864492450070558
1524861465861275669
1524853670902263811
1524841847725740032
1524835803163250689
1524826240116330498
1524814664399568896
1524806040704929792
1524785471749885952
1524774147133296641
1524766346004860929
1524758799604588544
1524751258539593731
1524539857938300928
1524532303459979264
1524528528636620800
1524524754656399360
1524518713914839040
1524509659696037888
1524506382556401664
1524500334504255493
1524498832867790849
1524138916449820673
1523739581706764288
1523711142597693444
1523711141226057728
1523694287828836352
1523683208814026753
1523664083286999040
1523450944989503488
1523362094929915904
1523301695639465986
1523029904874426368
1522999710289604608
1522969508759150593
1522690165201768448
1522667516140523520
1522637318494031872
1522607136231936000
1522335328677158915
1522305134021292032
1522274933585420289
1522244743144505345
1522214544914886659
1521974700708175874
1521968912488747008
1521962873056022531
1521955826243543040
1521946817897893898
1521939580215304193
1521866483994927104
1521865751342239745
1521852146081181703
1521645028355018753
1521637656458842113
1521633809065783296
1521629928814309376
1521626154423271424
1521623310831865857
1521622352307666946
1521620646417117188
1521611233497133058
1521607541142265858
1521561981353922561
1521554868053463040
1521273927628210178
1521273155196796932
1521239355381141509
1521230969247879171
1521204626376183813
1521189526923710466
1521184493909909504
1521173554523512834
1520844755151720448
1520823705559093250
1520469784298545152
1520424485907697664
1520245808611745793
1520142628745924608
1520135079070027776
1520132562340958209
1520127529436258304
1520119979470823424
1520119584648531968
1520105330738401280
1520044230583980033
1519813717264842753
1519810439743344640
1519802890029731840
1519787009937657856
1519784532211388419
1519773515590819842
1519762980744966144
1519684952224407554
1519683383005270017
1519474513657962499
1519376833409650690
1519365004817956864
1519356102114226177
1519342355593240576
1519336805518266369
1519319454663905283
1519315432162877440
1519302018535510016
1519004127086395393
1518989279136911360
1518972166427103235
1518963570138128389
1518761414307069959
1518759317385658368
1518671938226253824
1518309801687625733
1518263463109619712
1518263460693430273
1518230026226786304
1517917466520920064
1517646936408481798
1517640139349975040
1517633344544063489
1517621533413457921
1517617387578839040
1517616385614139394
1517542654212509698
1517533436000448513
1517522614993960961
1517515316976365574
1517507767006679040
1517503504218173440
1517292347687464960
1517277006165164032
1517270956477136896
1517262652208300033
1517258625432973312
1517251384441200640
1517246802294042624
1517160227132428294
1517152928909475840
1517147895740264448
1517141100850466816
1516933986077003781
1516931469469315072
1516923919768461313
1516921532873940994
1516914001795559424
1516901287580868608
1516816346469867521
1516812364959596544
1516793826551099396
1516778713630740483
1516552228491849730
1516452564149145605
1516437444996079619
1516433378429616131
1516416328059416577
1516195043341705221
1516177315545468931
1516171063280947200
1516120105389891585
1516074573590147078
1515822159981006849
1515797250080976900
1515788941164617728
1515757483750572034
1515740622883328004
1515710423844143106
1515706397379469321
1515691551023845385
1515468328545906695
1515407427176304641
1515381003337883648
1515346526008188935
1515081278315401218
1515074483433848834
1515069450470494210
1515063662259617802
1515048209089011722
1515027423657484289
1515013833949163524
1514981874237677573
1514966821929046020
1514723168413356032
1514706810652954647
1514706783490686982
1514691459605274642
1514681861431304204
1514677618641027081
1514671502163156992
1514655724000845843
1514634333172105216
1514623786594754563
1514608412625039363
1514604390220447744
1514388653505720320
1514376732953960458
1514330985135022082
1514291207366664194
1514272909170257921
1514026830281547783
1514015002520215558
1514000658642321409
1513994114999721992
1513984258024615942
1513951263112802309
1513923466097053698
1513669724185538568
1513664046251319296
1513633272949051396
1513588140598079495
1512857142428119042
1512856185111822346
1512509582685335554
1512481397562388490
1512458894618107904
1512449184800010249
1512189222077153281
1512182175323537416
1512160029402619910
1512152227930001415
1512146691536801827
1512141257262391299
1512120521579585544
1512112465819189254
1512106039075913730
1512103814945464331
1511893599860015108
1511888838276354052
1511860158812590085
1511841933643042821
1511830105412169732
1511819787613007874
1511811231321100290
1511799906582814733
1511792608485560323
1511782533125619717
1511776952054685707
1511767442648825857
1511763667502706691
1511760329742684163
1511756621453557763
1511748938482827270
1511731455470276611
1511719879220506629
1511709561148825606
1511705283835273216
1511508424760217604
1511507797413875714
1511372590673063938
1511362021127729153
1511359756362936323
1511357467074117634
1511345915180814353
1511343953135734801
1511342455597244419
1511095868623138817
1511072865742987273
1511057514674143240
1511042666766778371
1511028694848053251
1510978777102405648
1510726835738492935
1510694120288886796
1510665934586875909
1510637497096757250
1510377282807873538
1510347838500360195
1510316129473937413
1510270833469673474
1510257996349194244
1510240068740468746
1510230090856161281
1510051889391407105
1510043583469998082
1510029245229150213
1510017914690277382
1510013384388857860
1510005331404853248
1510003318340431875
1509999291858706432
1509990735214436359
1509983843750662152
1509969093021126657
1509938651026714625
1509910204862722052
1509906178305896469
1509897370179280896
1509885138343186435
1509687361264881666
1509671910644273153
1509636148775243788
1509633380572446724
1509611293010968579
1509610479768899606
1509597393557327874
1509593519773655041
1509547816988786689
1509534982448070659
1509305218743349253
1509287350932803587
1509275019825799173
1509267217933688841
1509260354135732225
1509227591139536899
1509208348721299461
1509200528860925953
1509185429278441473
1509172594645385219
1509168581937836034
1508942084350394375
1508937376198021127
1508936035832578060
1508926472534343691
1508915651364069378
1508908604946010117
1508902623117783042
1508810206985310217
1508804622537867265
1508588998972870658
1508575661098770439
1508565343412711429
1508560142857555977
1508463170003820558
1507734367929393155
1507478934539055105
1507463126773809154
1507356643788423170
1507089115891724290
1507086609396740103
1507085061610430465
1507030479651758088
1507026201319120905
1507017806230917129
1506776812034134016
1506768503583481856
1506761708328480770
1506759046891810819
1506753404223299587
1506741438649880577
1506718770429112329
1506683191087804420
1506650978950565890
1506632826942328837
1506400401284808706
1506305703832604686
1506288591193968655
1506273743219404808
1506269473094864897
1506259921263861763
1505926203663794178
1505680836602998785
1505636292993769472
1505590994728800264
1505589310455697414
1505305110594871303
1505272395120013314
1505236538904485890
1505229361485594624
1505223853190135814
1505198910989488131
1505006971921047558
1504898179103268865
1504881318378696704
1504836523199397891
1504823939997995011
1504602732388253696
1504575050061602817
1504563977308684301
1504554162448707595
1504537049734516750
1504524718484959239
1504516212356755457
1504510228234125314
1504116105434046464
1503870155394269185
1503840208009281536
1503835174831726592
1503817306962604041
1503808404426481667
1503482098262237185
1503472787008233478
1503447369521647616
1503445867587584005
1503439597895929866
1503417422258348034
1503407861782786057
1503394521178017794
1503386465732018180
1503370361991225355
1503038676795756544
1502710010836488194
1502435954866368515
1502412802480353282
1502403472083329030
1502368495874551811
1502298328926588929
1502050415046799379
1502039593406935047
1502031005221281795
1502028268639338506
1502018202464784403
1502005062922604551
1501955036280242184
1501718729435987969
1501703377821990912
1501693060077559810
1501684251980271616
1501682238521552901
1501676036781711368
1501629321835945985
1501615549167509506
1501596171998879751
1501588622901866496
1501583319313653765
1501579746173411330
1501569686793859077
1501350049493696519
1501343496636149764
1501319363533541376
1501295943148261376
1501284006150742022
1500969543077928965
1500949725842976769
1500921224024756224
1500903356277141508
1500890332724092930
1500873083644788746
1500852929405804544
1500848998524985349
1500596333329018882
1500546756483993609
1500516561068564482
1500214569888854019
1500178328837255168
1500154173140123654
1499891438754086916
1499879107273838599
1499870713926373376
1499848732350861327
1499835057896308739
1499812921081315347
1499797821750489089
1499797821658214402
1499780709090672642
1499761597119483911
1499581662178562049
1499513699739914262
1499476202418946076
1499466387802112006
1499449363814301705
1499435433889083392
1499399195236741120
1499248199940198400
1499118487402385420
1499098966872535047
1499084651952054273
1498862123568488456
1498832460641046531
1498824910923177984
1498819626184187905
1498804274796531714
1498795970468794368
1498789175373578241
1498779612658212869
1498776069079506944
1498768600311767045
1498743319450501122
1498726661445062659
1498718046415896577
1498705491471605766
1498693797005434885
1498401673349406726
1498025392786972677
1497980094463320070
1497693203960455171
1497666779694391303
1497648841700646918
1497617706568208394
1497361015138304001
1497353465248587781
1497345915715207176
1497330571990732802
1497319764955435015
1497319762422116361
1497301557616029703
1497292175700340737
1497259245020008459
1496857098365415434
1496644643584450560
1496629947619844101
1496614596668542976
1496605285238153218
1496596728996196352
1496579754782334991
1496551986724061185
1496240129169498112
1496228942520492040
1496204142427189249
1496184309245431818
1496179739417104386
1496176896924602378
1496135849972535296
1495920019791745031
1495881610461597701
1495775323161604099
1495541945472634883
1495505909891674120
1495212550782439429
1495050542174937093
1494833359519895555
1494824050903949316
1494818008270786566
1494808009473675270
1494806457518280711
1494800097942675461
1494752741985603584
1494724391623696386
1494724391535398913
1494717345083789316
1494707278871625730
1494688155655495680
1494483751895805966
1494440269487521801
1494420640119410688
1494416954190446593
1494402222490365953
1494093232732528643
1494077881701572608
1494065801908924423
1494047934135955457
1494033086308237312
1494018553267240960
1493736888066351106
1493730844774735875
1493723723253235715
1493722540325355522
1493715493911363585
1493693347952836618
1493680513109876738
1493671547072090117
1493660627042197517
1493640715997483009
1493627727584415753
1493602301059207174
1493353105982832641
1493323158547537920
1493313595500859396
1493300760960020489
1493286353555136514
1493265528814718978
1493257979092606981
1493252639684976640
1493247660987461640
1493242627931660290
1493238613823221763
1492927551685156864
1492605429456719875
1492532951678164995
1492272234563473408
1492265942465851407
1492242286545186828
1492235994913021962
1492226431824252929
1492218091635458048
1492170563791441920
1492155464301395970
1491938302404014083
1491903554327662594
1491892750429659142
1491891474740379653
1491868574083862538
1491855487637372944
1491848944439201799
1491840398922338308
1491808175942561795
1491571868687642626
1491563061118836739
1491559285897285632
1491548213446336521
1491541166533357570
